43, 1, 569, 501, 252, 285, 1, 1, 1
44, 1, 568, 510, 243, 281, 1, 1, 1
45, 1, 567, 514, 249, 283, 1, 1, 1
46, 1, 573, 517, 245, 282, 1, 1, 1
47, 1, 580, 516, 242, 283, 1, 1, 1
48, 1, 597, 516, 223, 282, 1, 1, 1
49, 1, 619, 516, 217, 279, 1, 1, 1
50, 1, 640, 511, 209, 281, 1, 1, 1
51, 1, 661, 507, 245, 279, 1, 1, 1
52, 1, 679, 500, 200, 279, 1, 1, 1
53, 1, 692, 493, 194, 277, 1, 1, 1
54, 1, 698, 486, 188, 276, 1, 1, 1
55, 1, 699, 481, 183, 276, 1, 1, 1
56, 1, 701, 476, 178, 277, 1, 1, 1
57, 1, 696, 474, 258, 278, 1, 1, 1
58, 1, 691, 476, 256, 278, 1, 1, 1
59, 1, 686, 478, 257, 279, 1, 1, 1
60, 1, 683, 482, 253, 275, 1, 1, 1
61, 1, 685, 487, 254, 281, 1, 1, 1
62, 1, 689, 492, 253, 280, 1, 1, 1
63, 1, 695, 495, 253, 280, 1, 1, 1
64, 1, 700, 494, 253, 276, 1, 1, 1
65, 1, 701, 490, 252, 279, 1, 1, 1
66, 1, 698, 486, 253, 280, 1, 1, 1
67, 1, 694, 480, 253, 279, 1, 1, 1
68, 1, 740, 493, 208, 262, 1, 1, 1
69, 1, 693, 472, 255, 280, 1, 1, 1
70, 1, 697, 472, 256, 278, 1, 1, 1
71, 1, 703, 472, 258, 278, 1, 1, 1
72, 1, 708, 476, 259, 276, 1, 1, 1
73, 1, 727, 481, 242, 276, 1, 1, 1
74, 1, 722, 484, 250, 276, 1, 1, 1
75, 1, 718, 486, 253, 276, 1, 1, 1
76, 1, 711, 487, 259, 274, 1, 1, 1
77, 1, 707, 487, 259, 277, 1, 1, 1
78, 1, 704, 487, 257, 278, 1, 1, 1
79, 1, 703, 487, 258, 277, 1, 1, 1
80, 1, 704, 486, 253, 278, 1, 1, 1
81, 1, 709, 484, 256, 278, 1, 1, 1
82, 1, 717, 483, 254, 277, 1, 1, 1
83, 1, 729, 482, 252, 277, 1, 1, 1
