108, 7, 202, 216, 129, 216, 1, 1, 1
109, 7, 220, 216, 113, 210, 1, 1, 1
110, 7, 225, 228, 99, 197, 1, 1, 1
111, 7, 244, 208, 98, 193, 1, 1, 1
112, 7, 303, 174, 112, 186, 1, 1, 1
113, 7, 410, 124, 115, 167, 1, 1, 1
114, 7, 485, 79, 100, 170, 1, 1, 1
115, 7, 542, 86, 89, 174, 1, 1, 1
116, 7, 561, 101, 84, 155, 1, 1, 1
117, 7, 539, 119, 74, 144, 1, 1, 1
118, 7, 507, 132, 71, 83, 1, 1, 1
119, 7, 487, 144, 54, 70, 1, 1, 1
120, 7, 487, 148, 41, 56, 1, 1, 1
121, 7, 415, 185, 110, 170, 1, 1, 1
137, 7, 886, 224, 60, 47, 1, 1, 1
138, 7, 878, 226, 63, 51, 1, 1, 1
139, 7, 882, 176, 96, 105, 1, 1, 1
140, 7, 920, 172, 82, 106, 1, 1, 1
141, 7, 950, 177, 81, 103, 1, 1, 1
142, 7, 967, 180, 94, 101, 1, 1, 1
143, 7, 987, 181, 96, 100, 1, 1, 1
144, 7, 1019, 187, 84, 91, 1, 1, 1
154, 3, 674, 113, 260, 172, 1, 1, 1
155, 3, 673, 120, 313, 266, 1, 1, 1
156, 3, 671, 128, 335, 320, 1, 1, 1
157, 3, 667, 130, 358, 263, 1, 1, 1
158, 3, 676, 127, 355, 266, 1, 1, 1
159, 3, 669, 125, 356, 323, 1, 1, 1
160, 3, 644, 124, 361, 322, 1, 1, 1
161, 3, 650, 126, 351, 319, 1, 1, 1
162, 3, 654, 131, 349, 314, 1, 1, 1
163, 3, 655, 135, 355, 258, 1, 1, 1
164, 3, 663, 141, 355, 255, 1, 1, 1
165, 3, 656, 143, 372, 298, 1, 1, 1
166, 3, 675, 142, 366, 253, 1, 1, 1
167, 3, 709, 136, 343, 254, 1, 1, 1
168, 3, 707, 136, 360, 255, 1, 1, 1
169, 3, 726, 138, 356, 251, 1, 1, 1
170, 3, 743, 142, 339, 246, 1, 1, 1
171, 3, 752, 143, 330, 248, 1, 1, 1
172, 3, 752, 139, 329, 250, 1, 1, 1
173, 3, 778, 140, 299, 248, 1, 1, 1
174, 3, 797, 143, 285, 246, 1, 1, 1
175, 3, 817, 152, 256, 243, 1, 1, 1
176, 3, 831, 153, 236, 240, 1, 1, 1
177, 3, 860, 154, 206, 243, 1, 1, 1
178, 3, 866, 158, 181, 243, 1, 1, 1
179, 3, 890, 163, 152, 233, 1, 1, 1
180, 3, 902, 175, 146, 229, 1, 1, 1
181, 3, 910, 175, 159, 232, 1, 1, 1
182, 3, 912, 179, 157, 230, 1, 1, 1
183, 3, 907, 180, 150, 220, 1, 1, 1
184, 3, 910, 186, 140, 208, 1, 1, 1
185, 3, 909, 186, 134, 206, 1, 1, 1
186, 3, 910, 183, 126, 209, 1, 1, 1
187, 3, 909, 184, 116, 207, 1, 1, 1
188, 3, 913, 186, 116, 200, 1, 1, 1
189, 3, 918, 190, 121, 195, 1, 1, 1
190, 3, 929, 195, 118, 193, 1, 1, 1
191, 3, 931, 197, 121, 193, 1, 1, 1
192, 3, 931, 201, 122, 192, 1, 1, 1
193, 3, 938, 200, 120, 182, 1, 1, 1
194, 3, 942, 206, 119, 175, 1, 1, 1
195, 3, 941, 206, 115, 178, 1, 1, 1
196, 3, 939, 207, 117, 177, 1, 1, 1
197, 3, 940, 193, 117, 179, 1, 1, 1
198, 3, 943, 193, 112, 176, 1, 1, 1
199, 3, 945, 191, 112, 167, 1, 1, 1
200, 3, 947, 190, 112, 167, 1, 1, 1
201, 3, 944, 188, 112, 169, 1, 1, 1
202, 3, 947, 187, 113, 166, 1, 1, 1
203, 3, 949, 186, 113, 167, 1, 1, 1
204, 3, 950, 188, 112, 161, 1, 1, 1
205, 3, 952, 187, 113, 168, 1, 1, 1
206, 3, 957, 189, 107, 158, 1, 1, 1
207, 3, 959, 191, 110, 94, 1, 1, 1
208, 3, 966, 192, 108, 113, 1, 1, 1
209, 3, 976, 192, 106, 159, 1, 1, 1
210, 3, 987, 199, 103, 147, 1, 1, 1
211, 3, 998, 201, 98, 148, 1, 1, 1
212, 3, 1007, 201, 95, 147, 1, 1, 1
213, 3, 1009, 198, 95, 149, 1, 1, 1
214, 3, 1010, 198, 94, 147, 1, 1, 1
215, 3, 1010, 199, 93, 147, 1, 1, 1
216, 3, 1011, 201, 87, 136, 1, 1, 1
