84, 1, 0, 438, 357, 384, 1, 1, 1
85, 1, 0, 455, 381, 385, 1, 1, 1
86, 1, 0, 465, 392, 396, 1, 1, 1
87, 1, 0, 507, 398, 406, 1, 1, 1
88, 1, 0, 536, 393, 404, 1, 1, 1
89, 1, 0, 545, 386, 390, 1, 1, 1
90, 1, 0, 554, 385, 382, 1, 1, 1
91, 1, 0, 544, 380, 391, 1, 1, 1
92, 1, 0, 528, 382, 403, 1, 1, 1
93, 1, 0, 513, 370, 413, 1, 1, 1
94, 1, 0, 502, 380, 422, 1, 1, 1
95, 1, 0, 491, 384, 435, 1, 1, 1
96, 1, 0, 474, 371, 454, 1, 1, 1
97, 1, 0, 472, 358, 466, 1, 1, 1
98, 1, 0, 480, 365, 478, 1, 1, 1
99, 1, 0, 480, 372, 496, 1, 1, 1
100, 1, 0, 482, 368, 509, 1, 1, 1
101, 1, 0, 485, 368, 518, 1, 1, 1
102, 1, 0, 486, 360, 529, 1, 1, 1
103, 1, 0, 488, 355, 534, 1, 1, 1
104, 1, 0, 494, 357, 543, 1, 1, 1
105, 1, 0, 495, 364, 561, 1, 1, 1
106, 1, 0, 487, 381, 572, 1, 1, 1
107, 1, 0, 477, 383, 577, 1, 1, 1
108, 1, 0, 477, 380, 589, 1, 1, 1
109, 1, 0, 483, 344, 602, 1, 1, 1
110, 1, 0, 495, 345, 613, 1, 1, 1
111, 1, 0, 504, 352, 621, 1, 1, 1
112, 1, 0, 480, 353, 644, 1, 1, 1
113, 1, 0, 466, 346, 660, 1, 1, 1
114, 1, 0, 485, 355, 667, 1, 1, 1
115, 1, 0, 474, 372, 677, 1, 1, 1
116, 1, 0, 446, 359, 664, 1, 1, 1
117, 1, 0, 447, 352, 656, 1, 1, 1
118, 1, 0, 422, 343, 653, 1, 1, 1
119, 1, 0, 426, 348, 649, 1, 1, 1
120, 1, 0, 412, 346, 646, 1, 1, 1
121, 1, 0, 403, 343, 640, 1, 1, 1
122, 1, 0, 396, 341, 643, 1, 1, 1
123, 1, 0, 408, 346, 641, 1, 1, 1
124, 1, 0, 419, 354, 636, 1, 1, 1
125, 1, 0, 425, 354, 630, 1, 1, 1
126, 1, 0, 422, 359, 635, 1, 1, 1
127, 1, 0, 417, 365, 633, 1, 1, 1
128, 1, 0, 412, 360, 635, 1, 1, 1
84, 2, 199, 471, 416, 306, 1, 1, 1
85, 2, 180, 498, 469, 300, 1, 1, 1
86, 2, 211, 505, 465, 305, 1, 1, 1
87, 2, 239, 537, 453, 311, 1, 1, 1
88, 2, 199, 577, 495, 324, 1, 1, 1
89, 2, 188, 592, 514, 340, 1, 1, 1
90, 2, 182, 605, 532, 352, 1, 1, 1
91, 2, 174, 601, 546, 373, 1, 1, 1
92, 2, 172, 585, 548, 384, 1, 1, 1
93, 2, 155, 581, 565, 389, 1, 1, 1
94, 2, 163, 584, 556, 389, 1, 1, 1
95, 2, 166, 576, 554, 399, 1, 1, 1
96, 2, 147, 568, 573, 406, 1, 1, 1
97, 2, 144, 573, 576, 411, 1, 1, 1
98, 2, 154, 584, 566, 427, 1, 1, 1
99, 2, 187, 586, 533, 430, 1, 1, 1
100, 2, 192, 588, 528, 443, 1, 1, 1
101, 2, 194, 592, 526, 444, 1, 1, 1
102, 2, 187, 591, 533, 440, 1, 1, 1
103, 2, 179, 592, 541, 448, 1, 1, 1
104, 2, 178, 600, 542, 441, 1, 1, 1
105, 2, 181, 608, 539, 435, 1, 1, 1
106, 2, 190, 625, 530, 413, 1, 1, 1
107, 2, 191, 594, 529, 441, 1, 1, 1
108, 2, 191, 605, 529, 432, 1, 1, 1
109, 2, 154, 627, 565, 434, 1, 1, 1
110, 2, 119, 625, 601, 455, 1, 1, 1
111, 2, 148, 622, 572, 479, 1, 1, 1
112, 2, 138, 587, 582, 496, 1, 1, 1
113, 2, 139, 555, 581, 529, 1, 1, 1
114, 2, 137, 585, 583, 532, 1, 1, 1
115, 2, 151, 596, 569, 544, 1, 1, 1
116, 2, 143, 579, 576, 494, 1, 1, 1
117, 2, 137, 573, 583, 502, 1, 1, 1
118, 2, 141, 550, 579, 490, 1, 1, 1
119, 2, 142, 551, 578, 476, 1, 1, 1
120, 2, 142, 540, 578, 482, 1, 1, 1
121, 2, 144, 528, 576, 488, 1, 1, 1
122, 2, 140, 523, 580, 482, 1, 1, 1
123, 2, 147, 535, 573, 489, 1, 1, 1
124, 2, 161, 548, 558, 479, 1, 1, 1
125, 2, 152, 544, 568, 468, 1, 1, 1
126, 2, 161, 521, 559, 486, 1, 1, 1
127, 2, 173, 468, 547, 527, 1, 1, 1
128, 2, 169, 428, 551, 566, 1, 1, 1
