46, 6, 1116, 530, 53, 71, 1, 1, 1
47, 6, 1112, 532, 57, 67, 1, 1, 1
48, 6, 1113, 532, 51, 68, 1, 1, 1
49, 6, 1104, 528, 52, 72, 1, 1, 1
50, 6, 1100, 522, 48, 76, 1, 1, 1
51, 6, 1093, 517, 52, 71, 1, 1, 1
52, 6, 1094, 518, 47, 68, 1, 1, 1
53, 6, 1079, 517, 55, 66, 1, 1, 1
54, 6, 1079, 516, 51, 57, 1, 1, 1
55, 6, 1068, 510, 54, 64, 1, 1, 1
56, 6, 1058, 500, 54, 65, 1, 1, 1
57, 6, 1060, 501, 45, 66, 1, 1, 1
58, 6, 1050, 491, 51, 71, 1, 1, 1
59, 6, 1045, 488, 54, 68, 1, 1, 1
60, 6, 1047, 488, 46, 67, 1, 1, 1
61, 6, 1019, 480, 58, 70, 1, 1, 1
62, 6, 1014, 480, 52, 68, 1, 1, 1
63, 6, 1017, 481, 44, 63, 1, 1, 1
64, 6, 998, 473, 54, 68, 1, 1, 1
65, 6, 997, 471, 43, 64, 1, 1, 1
66, 6, 979, 465, 46, 67, 1, 1, 1
67, 6, 973, 463, 36, 62, 1, 1, 1
68, 6, 959, 457, 42, 68, 1, 1, 1
69, 6, 955, 455, 38, 60, 1, 1, 1
70, 6, 938, 447, 40, 63, 1, 1, 1
