1, 1, 254, 1247, 1332, 946, 1, 1, 1
2, 1, 484, 960, 912, 1337, 1, 1, 1
3, 1, 830, 949, 493, 817, 1, 1, 1
4, 1, 988, 748, 377, 966, 1, 1, 1
5, 1, 1055, 632, 361, 619, 1, 1, 1
6, 1, 997, 426, 513, 719, 1, 1, 1
7, 1, 778, 538, 425, 483, 1, 1, 1
8, 1, 645, 491, 426, 534, 1, 1, 1
9, 1, 576, 363, 449, 620, 1, 1, 1
10, 1, 499, 223, 422, 652, 1, 1, 1
11, 1, 286, 168, 450, 558, 1, 1, 1
12, 1, 267, 284, 470, 446, 1, 1, 1
13, 1, 337, 326, 445, 336, 1, 1, 1
14, 1, 409, 334, 432, 345, 1, 1, 1
15, 1, 402, 271, 461, 376, 1, 1, 1
16, 1, 334, 228, 444, 388, 1, 1, 1
17, 1, 306, 239, 422, 383, 1, 1, 1
18, 1, 411, 285, 418, 378, 1, 1, 1
19, 1, 485, 318, 411, 376, 1, 1, 1
20, 1, 514, 355, 407, 379, 1, 1, 1
21, 1, 527, 347, 387, 377, 1, 1, 1
22, 1, 498, 343, 384, 373, 1, 1, 1
23, 1, 476, 357, 393, 370, 1, 1, 1
24, 1, 466, 356, 375, 385, 1, 1, 1
25, 1, 467, 348, 356, 386, 1, 1, 1
26, 1, 505, 386, 332, 377, 1, 1, 1
27, 1, 538, 486, 303, 352, 1, 1, 1
28, 1, 562, 531, 301, 345, 1, 1, 1
29, 1, 593, 556, 270, 345, 1, 1, 1
30, 1, 607, 627, 266, 334, 1, 1, 1
31, 1, 635, 667, 272, 342, 1, 1, 1
32, 1, 671, 564, 499, 399, 1, 1, 1
33, 1, 731, 659, 422, 405, 1, 1, 1
34, 1, 654, 746, 454, 330, 1, 1, 1
35, 1, 480, 733, 447, 361, 1, 1, 1
