26, 5, 815, 551, 308, 198, 1, 1, 1
27, 5, 817, 584, 284, 244, 1, 1, 1
28, 5, 825, 534, 269, 305, 1, 1, 1
29, 5, 774, 592, 316, 378, 1, 1, 1
30, 5, 907, 586, 244, 494, 1, 1, 1
31, 5, 932, 670, 227, 409, 1, 1, 1
32, 5, 945, 767, 211, 313, 1, 1, 1
33, 5, 943, 761, 202, 319, 1, 1, 1
34, 5, 961, 819, 183, 261, 1, 1, 1
35, 5, 972, 831, 164, 249, 1, 1, 1
36, 5, 968, 826, 168, 253, 1, 1, 1
37, 5, 949, 823, 183, 257, 1, 1, 1
38, 5, 942, 824, 188, 256, 1, 1, 1
39, 5, 953, 826, 158, 254, 1, 1, 1
40, 5, 986, 827, 139, 253, 1, 1, 1
41, 5, 997, 897, 148, 183, 1, 1, 1
