5, 7, 917, 207, 43, 52, 1, 1, 1
6, 7, 848, 184, 112, 69, 1, 1, 1
7, 7, 828, 194, 132, 84, 1, 1, 1
8, 7, 818, 178, 142, 109, 1, 1, 1
9, 7, 801, 149, 158, 137, 1, 1, 1
10, 7, 767, 149, 193, 151, 1, 1, 1
11, 7, 743, 150, 210, 157, 1, 1, 1
12, 7, 728, 153, 224, 154, 1, 1, 1
13, 7, 703, 154, 235, 145, 1, 1, 1
14, 7, 691, 155, 247, 157, 1, 1, 1
15, 7, 662, 156, 239, 160, 1, 1, 1
16, 7, 634, 151, 246, 168, 1, 1, 1
17, 7, 610, 150, 259, 158, 1, 1, 1
18, 7, 589, 148, 257, 161, 1, 1, 1
19, 7, 555, 154, 286, 165, 1, 1, 1
20, 7, 541, 154, 262, 145, 1, 1, 1
21, 7, 518, 150, 263, 166, 1, 1, 1
22, 7, 492, 148, 272, 165, 1, 1, 1
23, 7, 470, 147, 274, 173, 1, 1, 1
24, 7, 445, 149, 278, 155, 1, 1, 1
25, 7, 429, 148, 272, 166, 1, 1, 1
26, 7, 400, 139, 276, 161, 1, 1, 1
27, 7, 377, 138, 280, 174, 1, 1, 1
28, 7, 425, 134, 209, 164, 1, 1, 1
29, 7, 345, 138, 262, 154, 1, 1, 1
30, 7, 340, 138, 250, 168, 1, 1, 1
31, 7, 295, 135, 280, 169, 1, 1, 1
32, 7, 271, 132, 289, 156, 1, 1, 1
33, 7, 246, 134, 301, 162, 1, 1, 1
34, 7, 227, 140, 293, 187, 1, 1, 1
35, 7, 208, 140, 298, 183, 1, 1, 1
36, 7, 199, 141, 293, 179, 1, 1, 1
37, 7, 172, 139, 309, 169, 1, 1, 1
38, 7, 175, 141, 291, 189, 1, 1, 1
39, 7, 150, 144, 297, 171, 1, 1, 1
40, 7, 139, 140, 312, 177, 1, 1, 1
41, 7, 142, 143, 288, 176, 1, 1, 1
42, 7, 124, 142, 290, 157, 1, 1, 1
43, 7, 103, 142, 288, 176, 1, 1, 1
44, 7, 163, 149, 204, 150, 1, 1, 1
45, 7, 98, 145, 248, 170, 1, 1, 1
46, 7, 85, 146, 255, 155, 1, 1, 1
47, 7, 65, 143, 279, 171, 1, 1, 1
48, 7, 52, 148, 284, 175, 1, 1, 1
49, 7, 50, 146, 262, 142, 1, 1, 1
50, 7, 53, 139, 258, 159, 1, 1, 1
51, 7, 27, 140, 278, 178, 1, 1, 1
52, 7, 17, 146, 277, 168, 1, 1, 1
53, 7, 2, 149, 287, 174, 1, 1, 1
54, 7, 25, 145, 236, 172, 1, 1, 1
55, 7, 9, 147, 251, 158, 1, 1, 1
56, 7, 0, 149, 258, 174, 1, 1, 1
57, 7, 0, 150, 248, 205, 1, 1, 1
58, 7, 0, 152, 241, 168, 1, 1, 1
59, 7, 0, 155, 216, 186, 1, 1, 1
60, 7, 0, 167, 193, 174, 1, 1, 1
61, 7, 0, 172, 193, 158, 1, 1, 1
62, 7, 0, 173, 173, 193, 1, 1, 1
63, 7, 0, 167, 168, 170, 1, 1, 1
64, 7, 0, 154, 148, 184, 1, 1, 1
65, 7, 0, 154, 135, 167, 1, 1, 1
66, 7, 0, 155, 121, 165, 1, 1, 1
67, 7, 0, 158, 103, 162, 1, 1, 1
68, 7, 0, 157, 79, 121, 1, 1, 1
69, 7, 0, 150, 47, 69, 1, 1, 1
70, 7, 0, 171, 19, 33, 1, 1, 1
21, 9, 929, 202, 30, 70, 1, 1, 1
22, 9, 888, 184, 72, 80, 1, 1, 1
23, 9, 854, 186, 106, 69, 1, 1, 1
24, 9, 818, 182, 142, 73, 1, 1, 1
25, 9, 805, 177, 154, 174, 1, 1, 1
26, 9, 776, 167, 184, 171, 1, 1, 1
27, 9, 760, 149, 199, 185, 1, 1, 1
28, 9, 722, 109, 238, 207, 1, 1, 1
29, 9, 696, 115, 264, 209, 1, 1, 1
30, 9, 685, 130, 275, 229, 1, 1, 1
31, 9, 665, 125, 295, 225, 1, 1, 1
32, 9, 628, 76, 332, 253, 1, 1, 1
33, 9, 577, 70, 383, 243, 1, 1, 1
34, 9, 559, 69, 401, 279, 1, 1, 1
35, 9, 545, 71, 415, 284, 1, 1, 1
36, 9, 524, 79, 436, 287, 1, 1, 1
37, 9, 492, 77, 464, 259, 1, 1, 1
38, 9, 470, 76, 464, 251, 1, 1, 1
39, 9, 464, 81, 456, 262, 1, 1, 1
40, 9, 457, 84, 458, 286, 1, 1, 1
41, 9, 448, 86, 451, 277, 1, 1, 1
42, 9, 407, 77, 465, 271, 1, 1, 1
43, 9, 394, 76, 456, 260, 1, 1, 1
44, 9, 377, 77, 488, 253, 1, 1, 1
45, 9, 352, 77, 501, 294, 1, 1, 1
46, 9, 346, 78, 477, 298, 1, 1, 1
47, 9, 341, 72, 461, 293, 1, 1, 1
48, 9, 353, 72, 439, 295, 1, 1, 1
49, 9, 379, 73, 409, 289, 1, 1, 1
50, 9, 354, 69, 454, 295, 1, 1, 1
51, 9, 341, 69, 436, 268, 1, 1, 1
52, 9, 385, 55, 373, 290, 1, 1, 1
53, 9, 339, 60, 408, 306, 1, 1, 1
54, 9, 329, 59, 420, 313, 1, 1, 1
55, 9, 310, 71, 450, 306, 1, 1, 1
56, 9, 319, 72, 413, 282, 1, 1, 1
57, 9, 306, 60, 414, 289, 1, 1, 1
58, 9, 309, 66, 400, 305, 1, 1, 1
59, 9, 301, 72, 405, 295, 1, 1, 1
60, 9, 268, 94, 430, 305, 1, 1, 1
61, 9, 252, 96, 434, 274, 1, 1, 1
62, 9, 273, 85, 394, 290, 1, 1, 1
63, 9, 258, 84, 404, 290, 1, 1, 1
64, 9, 214, 77, 447, 320, 1, 1, 1
65, 9, 222, 79, 427, 325, 1, 1, 1
66, 9, 172, 77, 462, 273, 1, 1, 1
67, 9, 164, 71, 448, 307, 1, 1, 1
68, 9, 128, 77, 484, 284, 1, 1, 1
69, 9, 115, 78, 481, 318, 1, 1, 1
70, 9, 19, 78, 559, 319, 1, 1, 1
71, 9, 0, 69, 552, 310, 1, 1, 1
72, 9, 0, 63, 522, 316, 1, 1, 1
73, 9, 0, 66, 505, 279, 1, 1, 1
74, 9, 0, 70, 512, 325, 1, 1, 1
75, 9, 0, 69, 489, 342, 1, 1, 1
76, 9, 0, 59, 464, 334, 1, 1, 1
77, 9, 0, 61, 438, 342, 1, 1, 1
78, 9, 0, 63, 443, 316, 1, 1, 1
79, 9, 0, 67, 447, 336, 1, 1, 1
80, 9, 0, 68, 404, 354, 1, 1, 1
81, 9, 0, 59, 374, 352, 1, 1, 1
82, 9, 0, 51, 346, 317, 1, 1, 1
83, 9, 0, 46, 360, 352, 1, 1, 1
84, 9, 0, 53, 321, 316, 1, 1, 1
85, 9, 0, 58, 294, 347, 1, 1, 1
86, 9, 0, 41, 255, 358, 1, 1, 1
87, 9, 0, 41, 227, 337, 1, 1, 1
88, 9, 0, 36, 206, 349, 1, 1, 1
89, 9, 0, 56, 212, 351, 1, 1, 1
