10, 3, 0, 222, 36, 81, 1, 1, 1
11, 3, 0, 208, 98, 97, 1, 1, 1
12, 3, 0, 210, 155, 250, 1, 1, 1
13, 3, 0, 208, 197, 253, 1, 1, 1
14, 3, 0, 208, 247, 247, 1, 1, 1
15, 3, 0, 203, 302, 252, 1, 1, 1
16, 3, 0, 182, 353, 273, 1, 1, 1
17, 3, 3, 186, 427, 264, 1, 1, 1
18, 3, 95, 169, 420, 271, 1, 1, 1
19, 3, 243, 165, 388, 263, 1, 1, 1
20, 3, 343, 147, 387, 267, 1, 1, 1
21, 3, 468, 137, 375, 267, 1, 1, 1
22, 3, 564, 133, 396, 263, 1, 1, 1
23, 3, 673, 127, 348, 266, 1, 1, 1
24, 3, 708, 124, 298, 268, 1, 1, 1
25, 3, 953, 196, 38, 29, 1, 1, 1
26, 3, 853, 181, 127, 72, 1, 1, 1
29, 3, 1298, 172, 110, 112, 1, 1, 1
30, 3, 1277, 178, 233, 210, 1, 1, 1
31, 3, 1307, 170, 293, 221, 1, 1, 1
32, 3, 1387, 151, 293, 246, 1, 1, 1
33, 3, 1440, 153, 295, 246, 1, 1, 1
34, 3, 1504, 133, 300, 266, 1, 1, 1
35, 3, 1576, 116, 251, 279, 1, 1, 1
36, 3, 1604, 98, 259, 291, 1, 1, 1
