1, 1, 920, 119, 360, 221, 1, 1, 1
2, 1, 887, 142, 379, 221, 1, 1, 1
3, 1, 869, 151, 411, 223, 1, 1, 1
4, 1, 856, 151, 424, 213, 1, 1, 1
5, 1, 844, 154, 429, 218, 1, 1, 1
6, 1, 839, 146, 430, 223, 1, 1, 1
7, 1, 837, 148, 435, 220, 1, 1, 1
8, 1, 833, 141, 441, 228, 1, 1, 1
9, 1, 834, 134, 446, 240, 1, 1, 1
10, 1, 835, 129, 445, 236, 1, 1, 1
11, 1, 833, 130, 445, 221, 1, 1, 1
12, 1, 817, 124, 444, 211, 1, 1, 1
13, 1, 794, 120, 423, 207, 1, 1, 1
14, 1, 765, 111, 447, 219, 1, 1, 1
15, 1, 738, 106, 440, 225, 1, 1, 1
16, 1, 710, 94, 380, 224, 1, 1, 1
17, 1, 681, 86, 360, 219, 1, 1, 1
18, 1, 656, 75, 360, 225, 1, 1, 1
19, 1, 638, 62, 391, 228, 1, 1, 1
20, 1, 631, 69, 396, 221, 1, 1, 1
21, 1, 625, 71, 384, 224, 1, 1, 1
22, 1, 646, 73, 381, 221, 1, 1, 1
23, 1, 688, 74, 394, 225, 1, 1, 1
24, 1, 734, 70, 389, 235, 1, 1, 1
25, 1, 756, 54, 398, 238, 1, 1, 1
26, 1, 755, 52, 408, 233, 1, 1, 1
27, 1, 769, 46, 407, 231, 1, 1, 1
28, 1, 768, 35, 386, 244, 1, 1, 1
29, 1, 760, 28, 427, 243, 1, 1, 1
30, 1, 752, 28, 440, 234, 1, 1, 1
31, 1, 722, 31, 439, 234, 1, 1, 1
32, 1, 712, 39, 424, 233, 1, 1, 1
33, 1, 685, 47, 446, 233, 1, 1, 1
34, 1, 642, 58, 489, 249, 1, 1, 1
35, 1, 644, 70, 491, 230, 1, 1, 1
36, 1, 666, 78, 501, 234, 1, 1, 1
37, 1, 727, 92, 474, 234, 1, 1, 1
38, 1, 766, 102, 450, 237, 1, 1, 1
39, 1, 782, 115, 464, 233, 1, 1, 1
40, 1, 781, 132, 470, 229, 1, 1, 1
41, 1, 781, 144, 448, 231, 1, 1, 1
42, 1, 784, 155, 426, 232, 1, 1, 1
43, 1, 783, 155, 401, 238, 1, 1, 1
44, 1, 787, 162, 395, 230, 1, 1, 1
45, 1, 798, 156, 402, 236, 1, 1, 1
46, 1, 819, 155, 388, 236, 1, 1, 1
47, 1, 856, 153, 348, 236, 1, 1, 1
48, 1, 893, 147, 334, 245, 1, 1, 1
49, 1, 939, 157, 323, 238, 1, 1, 1
50, 1, 957, 159, 316, 236, 1, 1, 1
51, 1, 984, 161, 296, 231, 1, 1, 1
52, 1, 1003, 154, 277, 232, 1, 1, 1
53, 1, 1025, 139, 255, 236, 1, 1, 1
54, 1, 1016, 127, 264, 237, 1, 1, 1
55, 1, 975, 124, 305, 236, 1, 1, 1
56, 1, 935, 117, 345, 242, 1, 1, 1
57, 1, 886, 122, 394, 239, 1, 1, 1
58, 1, 840, 127, 440, 235, 1, 1, 1
59, 1, 823, 125, 457, 237, 1, 1, 1
60, 1, 831, 131, 430, 237, 1, 1, 1
61, 1, 777, 137, 455, 235, 1, 1, 1
62, 1, 769, 142, 444, 241, 1, 1, 1
63, 1, 742, 141, 446, 242, 1, 1, 1
64, 1, 715, 144, 462, 239, 1, 1, 1
65, 1, 674, 140, 499, 244, 1, 1, 1
66, 1, 673, 143, 473, 239, 1, 1, 1
67, 1, 681, 147, 436, 250, 1, 1, 1
68, 1, 696, 145, 416, 241, 1, 1, 1
69, 1, 698, 152, 410, 236, 1, 1, 1
70, 1, 706, 155, 361, 238, 1, 1, 1
71, 1, 709, 169, 373, 227, 1, 1, 1
72, 1, 710, 171, 370, 228, 1, 1, 1
73, 1, 711, 174, 354, 229, 1, 1, 1
74, 1, 719, 178, 330, 228, 1, 1, 1
75, 1, 732, 174, 284, 229, 1, 1, 1
76, 1, 749, 167, 252, 236, 1, 1, 1
77, 1, 751, 170, 220, 239, 1, 1, 1
78, 1, 752, 173, 168, 238, 1, 1, 1
