1, 1, 0, 45, 671, 230, 1, 1, 1
2, 1, 0, 0, 657, 212, 1, 1, 1
3, 1, 0, 0, 649, 209, 1, 1, 1
4, 1, 0, 0, 666, 209, 1, 1, 1
5, 1, 0, 0, 672, 210, 1, 1, 1
6, 1, 0, 0, 656, 223, 1, 1, 1
7, 1, 0, 11, 644, 229, 1, 1, 1
8, 1, 0, 31, 634, 229, 1, 1, 1
9, 1, 0, 38, 628, 226, 1, 1, 1
10, 1, 0, 35, 633, 227, 1, 1, 1
11, 1, 0, 32, 619, 223, 1, 1, 1
12, 1, 0, 21, 604, 221, 1, 1, 1
13, 1, 0, 10, 591, 220, 1, 1, 1
14, 1, 0, 6, 590, 218, 1, 1, 1
15, 1, 0, 0, 603, 214, 1, 1, 1
16, 1, 14, 6, 603, 235, 1, 1, 1
17, 1, 0, 41, 633, 216, 1, 1, 1
18, 1, 0, 47, 637, 214, 1, 1, 1
19, 1, 0, 42, 627, 216, 1, 1, 1
20, 1, 48, 51, 622, 214, 1, 1, 1
21, 1, 45, 55, 627, 211, 1, 1, 1
22, 1, 37, 37, 634, 211, 1, 1, 1
23, 1, 36, 29, 635, 211, 1, 1, 1
24, 1, 52, 30, 618, 210, 1, 1, 1
25, 1, 30, 33, 638, 210, 1, 1, 1
