1, 2, 512, 336, 265, 145, 1, 1, 1
2, 2, 543, 386, 261, 161, 1, 1, 1
3, 2, 591, 470, 241, 208, 1, 1, 1
4, 2, 603, 585, 260, 217, 1, 1, 1
5, 2, 582, 685, 243, 262, 1, 1, 1
6, 2, 579, 642, 181, 330, 1, 1, 1
7, 2, 527, 485, 144, 341, 1, 1, 1
8, 2, 487, 466, 188, 284, 1, 1, 1
9, 2, 459, 503, 195, 235, 1, 1, 1
10, 2, 440, 575, 211, 230, 1, 1, 1
11, 2, 399, 657, 235, 255, 1, 1, 1
12, 2, 374, 794, 256, 283, 1, 1, 1
13, 2, 448, 795, 193, 283, 1, 1, 1
14, 2, 498, 715, 197, 323, 1, 1, 1
15, 2, 517, 643, 180, 318, 1, 1, 1
16, 2, 479, 617, 221, 318, 1, 1, 1
17, 2, 398, 590, 251, 319, 1, 1, 1
18, 2, 396, 576, 196, 349, 1, 1, 1
19, 2, 458, 574, 216, 328, 1, 1, 1
20, 2, 500, 591, 238, 284, 1, 1, 1
21, 2, 508, 583, 233, 315, 1, 1, 1
22, 2, 505, 599, 216, 307, 1, 1, 1
23, 2, 517, 605, 221, 323, 1, 1, 1
24, 2, 528, 607, 237, 314, 1, 1, 1
25, 2, 547, 626, 238, 318, 1, 1, 1
26, 2, 552, 615, 252, 321, 1, 1, 1
27, 2, 567, 630, 234, 332, 1, 1, 1
28, 2, 582, 639, 246, 338, 1, 1, 1
29, 2, 598, 662, 264, 310, 1, 1, 1
30, 2, 600, 661, 251, 340, 1, 1, 1
31, 2, 593, 666, 243, 335, 1, 1, 1
32, 2, 606, 675, 267, 341, 1, 1, 1
33, 2, 648, 687, 265, 321, 1, 1, 1
34, 2, 675, 702, 257, 350, 1, 1, 1
35, 2, 748, 738, 220, 342, 1, 1, 1
36, 2, 835, 793, 221, 287, 1, 1, 1
37, 2, 981, 768, 206, 312, 1, 1, 1
38, 2, 1066, 695, 244, 382, 1, 1, 1
39, 2, 1100, 627, 231, 378, 1, 1, 1
40, 2, 1045, 571, 229, 381, 1, 1, 1
41, 2, 956, 540, 243, 389, 1, 1, 1
42, 2, 881, 562, 240, 367, 1, 1, 1
43, 2, 795, 656, 254, 326, 1, 1, 1
44, 2, 752, 618, 212, 369, 1, 1, 1
45, 2, 750, 512, 199, 399, 1, 1, 1
46, 2, 783, 484, 326, 302, 1, 1, 1
47, 2, 808, 422, 275, 287, 1, 1, 1
48, 2, 814, 411, 239, 280, 1, 1, 1
49, 2, 840, 359, 258, 355, 1, 1, 1
50, 2, 885, 369, 220, 388, 1, 1, 1
51, 2, 900, 401, 195, 370, 1, 1, 1
52, 2, 862, 432, 201, 365, 1, 1, 1
53, 2, 801, 430, 227, 369, 1, 1, 1
54, 2, 777, 455, 247, 351, 1, 1, 1
55, 2, 792, 514, 304, 311, 1, 1, 1
56, 2, 827, 574, 278, 293, 1, 1, 1
57, 2, 882, 664, 279, 314, 1, 1, 1
58, 2, 945, 794, 237, 286, 1, 1, 1
59, 2, 962, 802, 205, 278, 1, 1, 1
60, 2, 909, 750, 214, 330, 1, 1, 1
61, 2, 833, 740, 216, 332, 1, 1, 1
62, 2, 775, 753, 216, 327, 1, 1, 1
63, 2, 712, 742, 223, 331, 1, 1, 1
64, 2, 659, 676, 198, 350, 1, 1, 1
65, 2, 678, 558, 147, 390, 1, 1, 1
66, 2, 710, 416, 213, 353, 1, 1, 1
67, 2, 741, 210, 230, 341, 1, 1, 1
68, 2, 732, 83, 193, 310, 1, 1, 1
69, 2, 725, 0, 237, 323, 1, 1, 1
70, 2, 742, 0, 182, 377, 1, 1, 1
71, 2, 788, 69, 178, 393, 1, 1, 1
72, 2, 799, 178, 260, 307, 1, 1, 1
73, 2, 865, 239, 235, 255, 1, 1, 1
74, 2, 943, 239, 196, 262, 1, 1, 1
75, 2, 1012, 268, 141, 257, 1, 1, 1
76, 2, 1078, 325, 116, 281, 1, 1, 1
77, 2, 1129, 431, 119, 298, 1, 1, 1
78, 2, 1194, 585, 102, 281, 1, 1, 1
79, 2, 1245, 664, 169, 232, 1, 1, 1
80, 2, 1322, 627, 150, 237, 1, 1, 1
81, 2, 1379, 622, 150, 238, 1, 1, 1
82, 2, 1428, 624, 134, 238, 1, 1, 1
83, 2, 1476, 633, 118, 233, 1, 1, 1
84, 2, 1502, 662, 154, 249, 1, 1, 1
85, 2, 1539, 684, 161, 240, 1, 1, 1
86, 2, 1523, 652, 175, 256, 1, 1, 1
87, 2, 1512, 646, 156, 254, 1, 1, 1
88, 2, 1489, 663, 147, 260, 1, 1, 1
89, 2, 1447, 642, 153, 267, 1, 1, 1
90, 2, 1403, 606, 142, 282, 1, 1, 1
91, 2, 1333, 609, 153, 275, 1, 1, 1
92, 2, 1291, 641, 142, 245, 1, 1, 1
93, 2, 1232, 658, 155, 232, 1, 1, 1
94, 2, 1187, 624, 136, 258, 1, 1, 1
95, 2, 1090, 555, 142, 283, 1, 1, 1
96, 2, 976, 504, 181, 254, 1, 1, 1
