8, 2, 239, 193, 409, 298, 1, 1, 1
9, 2, 249, 227, 404, 295, 1, 1, 1
10, 2, 479, 172, 330, 316, 1, 1, 1
15, 3, 353, 261, 608, 348, 1, 1, 1
16, 3, 544, 262, 469, 295, 1, 1, 1
17, 3, 885, 277, 150, 263, 1, 1, 1
18, 3, 698, 226, 257, 373, 1, 1, 1
19, 3, 567, 306, 302, 292, 1, 1, 1
20, 5, 511, 205, 406, 371, 1, 1, 1
21, 5, 346, 259, 563, 271, 1, 1, 1
22, 5, 304, 271, 818, 276, 1, 1, 1
23, 5, 329, 284, 680, 321, 1, 1, 1
24, 5, 334, 252, 444, 415, 1, 1, 1
25, 5, 352, 181, 237, 199, 1, 1, 1
26, 5, 77, 75, 404, 315, 1, 1, 1
27, 5, 171, 250, 305, 231, 1, 1, 1
