1, 2, 205, 456, 112, 148, 1, 1, 1
2, 2, 224, 447, 97, 151, 1, 1, 1
3, 2, 212, 441, 109, 169, 1, 1, 1
4, 2, 209, 434, 123, 173, 1, 1, 1
5, 2, 215, 415, 113, 182, 1, 1, 1
6, 2, 232, 403, 111, 163, 1, 1, 1
7, 2, 242, 401, 148, 176, 1, 1, 1
8, 2, 255, 403, 139, 155, 1, 1, 1
9, 2, 258, 412, 88, 127, 1, 1, 1
10, 2, 267, 430, 82, 86, 1, 1, 1
11, 2, 273, 429, 132, 57, 1, 1, 1
12, 2, 325, 428, 81, 58, 1, 1, 1
13, 2, 326, 423, 76, 26, 1, 1, 1
14, 2, 383, 319, 166, 114, 1, 1, 1
15, 2, 379, 305, 203, 124, 1, 1, 1
16, 2, 376, 304, 226, 123, 1, 1, 1
17, 2, 492, 292, 124, 138, 1, 1, 1
18, 2, 479, 289, 161, 147, 1, 1, 1
19, 2, 520, 291, 125, 161, 1, 1, 1
20, 2, 507, 347, 121, 107, 1, 1, 1
