1, 2, 286, 270, 310, 254, 1, 1, 1
2, 2, 279, 271, 321, 252, 1, 1, 1
3, 2, 302, 261, 316, 266, 1, 1, 1
4, 2, 316, 256, 334, 262, 1, 1, 1
5, 2, 280, 251, 406, 271, 1, 1, 1
6, 2, 391, 226, 347, 294, 1, 1, 1
7, 2, 401, 200, 389, 329, 1, 1, 1
8, 2, 428, 216, 411, 306, 1, 1, 1
9, 2, 426, 227, 450, 297, 1, 1, 1
10, 2, 444, 239, 471, 285, 1, 1, 1
11, 2, 460, 251, 518, 265, 1, 1, 1
12, 2, 472, 240, 532, 275, 1, 1, 1
13, 2, 539, 237, 496, 276, 1, 1, 1
14, 2, 560, 249, 505, 285, 1, 1, 1
15, 2, 611, 250, 499, 275, 1, 1, 1
16, 2, 616, 247, 538, 271, 1, 1, 1
17, 2, 687, 233, 502, 274, 1, 1, 1
18, 2, 724, 214, 498, 280, 1, 1, 1
19, 2, 740, 223, 513, 285, 1, 1, 1
20, 2, 776, 243, 504, 270, 1, 1, 1
21, 2, 820, 227, 460, 278, 1, 1, 1
22, 2, 884, 207, 396, 301, 1, 1, 1
23, 2, 881, 216, 399, 288, 1, 1, 1
24, 2, 956, 256, 324, 240, 1, 1, 1
25, 2, 1008, 293, 272, 203, 1, 1, 1
1, 3, 0, 265, 347, 254, 1, 1, 1
2, 3, 0, 281, 379, 229, 1, 1, 1
3, 3, 0, 292, 399, 251, 1, 1, 1
4, 3, 0, 293, 434, 259, 1, 1, 1
5, 3, 0, 307, 460, 238, 1, 1, 1
6, 3, 0, 312, 478, 242, 1, 1, 1
7, 3, 0, 305, 494, 249, 1, 1, 1
8, 3, 2, 277, 499, 288, 1, 1, 1
9, 3, 15, 274, 494, 287, 1, 1, 1
10, 3, 32, 271, 480, 285, 1, 1, 1
11, 3, 38, 281, 489, 272, 1, 1, 1
12, 3, 49, 286, 497, 263, 1, 1, 1
13, 3, 58, 287, 504, 257, 1, 1, 1
14, 3, 70, 278, 508, 267, 1, 1, 1
15, 3, 142, 257, 477, 286, 1, 1, 1
16, 3, 168, 250, 481, 291, 1, 1, 1
17, 3, 236, 244, 447, 295, 1, 1, 1
18, 3, 261, 256, 445, 281, 1, 1, 1
19, 3, 269, 283, 478, 245, 1, 1, 1
20, 3, 284, 285, 515, 259, 1, 1, 1
21, 3, 337, 252, 513, 273, 1, 1, 1
22, 3, 386, 263, 548, 272, 1, 1, 1
23, 3, 467, 271, 561, 261, 1, 1, 1
24, 3, 536, 207, 554, 291, 1, 1, 1
25, 3, 682, 174, 500, 339, 1, 1, 1
1, 4, 0, 172, 438, 343, 1, 1, 1
2, 4, 0, 183, 449, 315, 1, 1, 1
3, 4, 15, 202, 457, 348, 1, 1, 1
4, 4, 33, 223, 464, 303, 1, 1, 1
5, 4, 90, 239, 426, 298, 1, 1, 1
6, 4, 138, 232, 399, 265, 1, 1, 1
7, 4, 198, 228, 365, 295, 1, 1, 1
8, 4, 317, 213, 261, 315, 1, 1, 1
9, 4, 191, 222, 390, 311, 1, 1, 1
10, 4, 384, 227, 197, 288, 1, 1, 1
11, 4, 329, 260, 258, 258, 1, 1, 1
12, 4, 202, 214, 391, 319, 1, 1, 1
13, 4, 276, 199, 317, 346, 1, 1, 1
14, 4, 289, 195, 288, 346, 1, 1, 1
15, 4, 183, 198, 349, 205, 1, 1, 1
16, 4, 388, 207, 159, 124, 1, 1, 1
17, 4, 162, 214, 379, 317, 1, 1, 1
18, 4, 155, 215, 392, 319, 1, 1, 1
19, 4, 157, 216, 394, 320, 1, 1, 1
20, 4, 157, 213, 394, 324, 1, 1, 1
21, 4, 169, 217, 397, 321, 1, 1, 1
22, 4, 202, 219, 389, 323, 1, 1, 1
23, 4, 210, 209, 389, 319, 1, 1, 1
24, 4, 257, 203, 392, 326, 1, 1, 1
25, 4, 340, 185, 353, 327, 1, 1, 1
1, 5, 126, 239, 130, 289, 1, 1, 1
2, 5, 183, 269, 50, 19, 1, 1, 1
3, 5, 243, 439, 29, 37, 1, 1, 1
4, 5, 240, 279, 87, 42, 1, 1, 1
5, 5, 243, 288, 58, 31, 1, 1, 1
6, 5, 237, 235, 194, 268, 1, 1, 1
7, 5, 248, 213, 160, 113, 1, 1, 1
8, 5, 298, 234, 128, 264, 1, 1, 1
9, 5, 176, 215, 313, 321, 1, 1, 1
10, 5, 318, 267, 120, 63, 1, 1, 1
11, 5, 190, 233, 332, 318, 1, 1, 1
12, 5, 278, 238, 333, 292, 1, 1, 1
13, 5, 450, 225, 236, 258, 1, 1, 1
14, 5, 453, 230, 307, 258, 1, 1, 1
15, 5, 391, 250, 410, 273, 1, 1, 1
16, 5, 528, 256, 298, 225, 1, 1, 1
17, 5, 551, 257, 307, 216, 1, 1, 1
18, 5, 580, 230, 307, 289, 1, 1, 1
19, 5, 622, 219, 335, 260, 1, 1, 1
20, 5, 563, 227, 431, 267, 1, 1, 1
21, 5, 614, 231, 395, 189, 1, 1, 1
22, 5, 766, 228, 259, 240, 1, 1, 1
23, 5, 807, 214, 251, 243, 1, 1, 1
24, 5, 851, 215, 249, 112, 1, 1, 1
25, 5, 905, 249, 276, 83, 1, 1, 1
