1, 1, 754, 279, 493, 299, 1, 1, 1
2, 1, 718, 283, 481, 321, 1, 1, 1
3, 1, 686, 283, 483, 319, 1, 1, 1
4, 1, 661, 295, 484, 307, 1, 1, 1
5, 1, 630, 305, 490, 307, 1, 1, 1
6, 1, 600, 310, 522, 303, 1, 1, 1
7, 1, 565, 314, 475, 301, 1, 1, 1
8, 1, 539, 321, 517, 295, 1, 1, 1
9, 1, 510, 333, 514, 286, 1, 1, 1
10, 1, 488, 335, 504, 285, 1, 1, 1
11, 1, 464, 338, 435, 282, 1, 1, 1
12, 1, 424, 348, 468, 272, 1, 1, 1
13, 1, 414, 351, 470, 269, 1, 1, 1
14, 1, 395, 351, 436, 269, 1, 1, 1
15, 1, 355, 351, 417, 269, 1, 1, 1
16, 1, 327, 347, 421, 273, 1, 1, 1
17, 1, 286, 339, 460, 281, 1, 1, 1
18, 1, 268, 333, 359, 287, 1, 1, 1
19, 1, 255, 331, 329, 289, 1, 1, 1
20, 1, 256, 319, 320, 301, 1, 1, 1
21, 1, 227, 319, 340, 301, 1, 1, 1
22, 1, 211, 319, 326, 301, 1, 1, 1
23, 1, 203, 315, 335, 305, 1, 1, 1
24, 1, 199, 313, 282, 307, 1, 1, 1
25, 1, 205, 315, 234, 286, 1, 1, 1
26, 1, 214, 321, 186, 283, 1, 1, 1
27, 1, 196, 326, 193, 278, 1, 1, 1
28, 1, 204, 325, 183, 277, 1, 1, 1
29, 1, 209, 318, 209, 280, 1, 1, 1
30, 1, 227, 311, 161, 270, 1, 1, 1
31, 1, 224, 303, 150, 272, 1, 1, 1
32, 1, 260, 299, 132, 279, 1, 1, 1
33, 1, 286, 292, 138, 271, 1, 1, 1
34, 1, 281, 291, 140, 265, 1, 1, 1
35, 1, 327, 291, 174, 263, 1, 1, 1
36, 1, 360, 289, 178, 263, 1, 1, 1
37, 1, 430, 284, 187, 265, 1, 1, 1
38, 1, 482, 281, 187, 225, 1, 1, 1
39, 1, 526, 281, 186, 233, 1, 1, 1
40, 1, 556, 281, 180, 233, 1, 1, 1
41, 1, 543, 274, 188, 239, 1, 1, 1
42, 1, 545, 272, 170, 248, 1, 1, 1
43, 1, 566, 272, 117, 252, 1, 1, 1
44, 1, 566, 279, 109, 241, 1, 1, 1
45, 1, 559, 280, 111, 234, 1, 1, 1
46, 1, 550, 283, 115, 214, 1, 1, 1
47, 1, 543, 285, 122, 204, 1, 1, 1
48, 1, 511, 285, 148, 204, 1, 1, 1
49, 1, 499, 282, 154, 201, 1, 1, 1
50, 1, 486, 280, 153, 204, 1, 1, 1
51, 1, 505, 283, 145, 195, 1, 1, 1
52, 1, 537, 282, 177, 199, 1, 1, 1
53, 1, 546, 276, 154, 187, 1, 1, 1
54, 1, 543, 276, 117, 169, 1, 1, 1
55, 1, 545, 275, 111, 178, 1, 1, 1
56, 1, 531, 270, 107, 177, 1, 1, 1
57, 1, 527, 277, 102, 170, 1, 1, 1
58, 1, 529, 277, 101, 161, 1, 1, 1
59, 1, 515, 279, 118, 157, 1, 1, 1
60, 1, 518, 276, 102, 159, 1, 1, 1
61, 1, 521, 282, 89, 154, 1, 1, 1
62, 1, 514, 283, 91, 121, 1, 1, 1
63, 1, 514, 282, 87, 128, 1, 1, 1
64, 1, 514, 274, 87, 156, 1, 1, 1
65, 1, 518, 278, 83, 132, 1, 1, 1
66, 1, 519, 268, 84, 134, 1, 1, 1
67, 1, 524, 263, 77, 146, 1, 1, 1
68, 1, 520, 254, 78, 157, 1, 1, 1
69, 1, 518, 241, 80, 146, 1, 1, 1
70, 1, 517, 242, 76, 148, 1, 1, 1
71, 1, 511, 233, 85, 161, 1, 1, 1
72, 1, 491, 223, 95, 163, 1, 1, 1
73, 1, 479, 222, 96, 155, 1, 1, 1
74, 1, 455, 222, 106, 115, 1, 1, 1
75, 1, 440, 222, 110, 112, 1, 1, 1
76, 1, 425, 216, 127, 107, 1, 1, 1
77, 1, 414, 214, 157, 107, 1, 1, 1
78, 1, 395, 211, 146, 110, 1, 1, 1
79, 1, 395, 208, 86, 50, 1, 1, 1
80, 1, 392, 214, 77, 38, 1, 1, 1
81, 1, 343, 215, 111, 75, 1, 1, 1
82, 1, 324, 226, 113, 89, 1, 1, 1
83, 1, 306, 222, 116, 102, 1, 1, 1
84, 1, 286, 231, 126, 102, 1, 1, 1
85, 1, 277, 213, 145, 104, 1, 1, 1
86, 1, 266, 207, 74, 119, 1, 1, 1
87, 1, 263, 201, 92, 119, 1, 1, 1
88, 1, 255, 202, 87, 116, 1, 1, 1
89, 1, 246, 193, 84, 124, 1, 1, 1
90, 1, 246, 188, 96, 134, 1, 1, 1
65, 9, 1007, 144, 96, 66, 1, 1, 1
66, 9, 1012, 145, 81, 59, 1, 1, 1
67, 9, 981, 136, 79, 46, 1, 1, 1
68, 9, 955, 135, 102, 75, 1, 1, 1
69, 9, 923, 132, 102, 91, 1, 1, 1
70, 9, 899, 133, 101, 84, 1, 1, 1
71, 9, 882, 126, 108, 90, 1, 1, 1
72, 9, 851, 128, 100, 87, 1, 1, 1
73, 9, 827, 118, 101, 92, 1, 1, 1
74, 9, 803, 120, 106, 89, 1, 1, 1
75, 9, 797, 119, 98, 86, 1, 1, 1
76, 9, 779, 122, 87, 83, 1, 1, 1
77, 9, 755, 118, 90, 88, 1, 1, 1
78, 9, 728, 114, 107, 84, 1, 1, 1
79, 9, 715, 112, 88, 83, 1, 1, 1
80, 9, 706, 114, 78, 83, 1, 1, 1
81, 9, 698, 109, 67, 85, 1, 1, 1
82, 9, 684, 111, 72, 79, 1, 1, 1
83, 9, 672, 108, 65, 77, 1, 1, 1
84, 9, 657, 106, 61, 80, 1, 1, 1
85, 9, 651, 109, 61, 78, 1, 1, 1
86, 9, 631, 105, 63, 77, 1, 1, 1
87, 9, 619, 106, 70, 73, 1, 1, 1
88, 9, 600, 101, 66, 72, 1, 1, 1
89, 9, 587, 106, 70, 68, 1, 1, 1
90, 9, 579, 103, 78, 65, 1, 1, 1
