9, 6, 1092, 476, 16, 42, 1, 1, 1
10, 6, 1124, 467, 21, 65, 1, 1, 1
11, 6, 1119, 497, 12, 28, 1, 1, 1
12, 6, 1081, 472, 44, 49, 1, 1, 1
13, 6, 1113, 446, 40, 72, 1, 1, 1
14, 6, 1141, 452, 42, 65, 1, 1, 1
15, 6, 1166, 459, 35, 50, 1, 1, 1
16, 6, 1175, 465, 34, 46, 1, 1, 1
17, 6, 1213, 459, 20, 16, 1, 1, 1
18, 6, 1169, 468, 71, 94, 1, 1, 1
19, 6, 1186, 469, 52, 84, 1, 1, 1
20, 6, 1209, 471, 38, 83, 1, 1, 1
21, 6, 1158, 468, 99, 113, 1, 1, 1
22, 6, 1204, 469, 52, 60, 1, 1, 1
23, 6, 1194, 480, 73, 107, 1, 1, 1
24, 6, 1205, 481, 78, 91, 1, 1, 1
25, 6, 1222, 464, 64, 96, 1, 1, 1
26, 6, 1232, 457, 65, 114, 1, 1, 1
27, 6, 1238, 455, 60, 102, 1, 1, 1
28, 6, 1258, 479, 67, 88, 1, 1, 1
29, 6, 1271, 474, 73, 87, 1, 1, 1
30, 6, 1285, 463, 82, 120, 1, 1, 1
31, 6, 1303, 455, 75, 125, 1, 1, 1
32, 6, 1317, 457, 72, 118, 1, 1, 1
33, 6, 1319, 452, 65, 147, 1, 1, 1
34, 6, 1373, 454, 37, 79, 1, 1, 1
35, 6, 1376, 460, 28, 76, 1, 1, 1
36, 6, 1376, 464, 28, 76, 1, 1, 1
37, 6, 1352, 458, 75, 117, 1, 1, 1
38, 6, 1347, 459, 71, 107, 1, 1, 1
39, 6, 1339, 466, 57, 134, 1, 1, 1
40, 6, 1402, 461, 16, 56, 1, 1, 1
41, 6, 1386, 461, 21, 56, 1, 1, 1
42, 6, 1389, 455, 12, 53, 1, 1, 1
43, 6, 1380, 456, 28, 88, 1, 1, 1
44, 6, 1362, 458, 53, 89, 1, 1, 1
45, 6, 1345, 461, 76, 136, 1, 1, 1
46, 6, 1308, 453, 109, 149, 1, 1, 1
47, 6, 1287, 454, 106, 149, 1, 1, 1
48, 6, 1242, 467, 119, 139, 1, 1, 1
49, 6, 1256, 454, 109, 165, 1, 1, 1
50, 6, 1241, 452, 127, 173, 1, 1, 1
51, 6, 1236, 453, 96, 174, 1, 1, 1
52, 6, 1221, 451, 100, 154, 1, 1, 1
53, 6, 1205, 440, 112, 182, 1, 1, 1
54, 6, 1184, 440, 137, 156, 1, 1, 1
55, 6, 1150, 441, 158, 174, 1, 1, 1
56, 6, 1135, 444, 155, 195, 1, 1, 1
57, 6, 1098, 449, 179, 227, 1, 1, 1
58, 6, 1058, 456, 173, 201, 1, 1, 1
59, 6, 1030, 455, 183, 217, 1, 1, 1
60, 6, 994, 461, 190, 237, 1, 1, 1
61, 6, 950, 458, 181, 240, 1, 1, 1
62, 6, 919, 456, 209, 233, 1, 1, 1
63, 6, 906, 452, 212, 258, 1, 1, 1
64, 6, 887, 456, 228, 249, 1, 1, 1
65, 6, 874, 461, 217, 255, 1, 1, 1
66, 6, 823, 463, 226, 242, 1, 1, 1
67, 6, 808, 457, 232, 261, 1, 1, 1
68, 6, 784, 457, 235, 270, 1, 1, 1
69, 6, 776, 464, 242, 254, 1, 1, 1
70, 6, 761, 463, 240, 266, 1, 1, 1
71, 6, 722, 463, 247, 263, 1, 1, 1
72, 6, 711, 455, 251, 271, 1, 1, 1
73, 6, 697, 454, 246, 271, 1, 1, 1
74, 6, 667, 455, 258, 274, 1, 1, 1
75, 6, 641, 456, 244, 292, 1, 1, 1
76, 6, 621, 462, 268, 284, 1, 1, 1
77, 6, 616, 467, 260, 272, 1, 1, 1
78, 6, 590, 471, 275, 289, 1, 1, 1
79, 6, 534, 477, 287, 282, 1, 1, 1
80, 6, 511, 474, 275, 252, 1, 1, 1
81, 6, 496, 475, 273, 274, 1, 1, 1
82, 6, 479, 478, 288, 268, 1, 1, 1
83, 6, 450, 480, 303, 278, 1, 1, 1
84, 6, 459, 474, 293, 259, 1, 1, 1
85, 6, 458, 469, 279, 277, 1, 1, 1
86, 6, 412, 463, 291, 274, 1, 1, 1
87, 6, 368, 468, 275, 253, 1, 1, 1
88, 6, 334, 476, 277, 255, 1, 1, 1
89, 6, 309, 476, 289, 262, 1, 1, 1
19, 7, 1009, 488, 32, 60, 1, 1, 1
20, 7, 1007, 510, 24, 44, 1, 1, 1
21, 7, 999, 493, 81, 58, 1, 1, 1
22, 7, 1046, 491, 38, 45, 1, 1, 1
23, 7, 1031, 493, 49, 44, 1, 1, 1
24, 7, 1035, 478, 95, 57, 1, 1, 1
25, 7, 1105, 472, 48, 49, 1, 1, 1
26, 7, 1112, 467, 67, 74, 1, 1, 1
27, 7, 1112, 462, 73, 87, 1, 1, 1
28, 7, 1121, 459, 73, 84, 1, 1, 1
29, 7, 1123, 455, 73, 120, 1, 1, 1
30, 7, 1133, 451, 70, 115, 1, 1, 1
31, 7, 1149, 446, 64, 119, 1, 1, 1
32, 7, 1159, 442, 59, 122, 1, 1, 1
33, 7, 1141, 446, 74, 120, 1, 1, 1
34, 7, 1163, 445, 53, 122, 1, 1, 1
35, 7, 1169, 443, 48, 125, 1, 1, 1
36, 7, 1175, 445, 50, 128, 1, 1, 1
37, 7, 1174, 439, 55, 135, 1, 1, 1
38, 7, 1175, 437, 52, 137, 1, 1, 1
39, 7, 1182, 440, 51, 138, 1, 1, 1
40, 7, 1195, 443, 38, 126, 1, 1, 1
41, 7, 1201, 424, 40, 154, 1, 1, 1
42, 7, 1231, 432, 29, 97, 1, 1, 1
44, 7, 1218, 440, 22, 84, 1, 1, 1
45, 7, 1203, 441, 35, 99, 1, 1, 1
46, 7, 1187, 443, 44, 112, 1, 1, 1
47, 7, 1183, 454, 50, 104, 1, 1, 1
48, 7, 1190, 456, 43, 83, 1, 1, 1
49, 7, 1190, 466, 48, 167, 1, 1, 1
50, 7, 1193, 449, 43, 185, 1, 1, 1
52, 7, 1240, 460, 18, 79, 1, 1, 1
54, 7, 1282, 477, 20, 72, 1, 1, 1
55, 7, 1279, 468, 39, 121, 1, 1, 1
56, 7, 1275, 464, 39, 131, 1, 1, 1
57, 7, 1263, 464, 56, 140, 1, 1, 1
58, 7, 1256, 459, 65, 151, 1, 1, 1
59, 7, 1255, 461, 66, 168, 1, 1, 1
60, 7, 1254, 458, 67, 175, 1, 1, 1
61, 7, 1262, 460, 63, 161, 1, 1, 1
62, 7, 1265, 461, 79, 180, 1, 1, 1
63, 7, 1275, 461, 69, 182, 1, 1, 1
64, 7, 1278, 463, 68, 174, 1, 1, 1
65, 7, 1274, 460, 73, 178, 1, 1, 1
66, 7, 1272, 458, 77, 180, 1, 1, 1
67, 7, 1273, 456, 89, 183, 1, 1, 1
68, 7, 1273, 452, 98, 189, 1, 1, 1
69, 7, 1277, 453, 111, 184, 1, 1, 1
70, 7, 1287, 452, 118, 174, 1, 1, 1
71, 7, 1300, 453, 113, 173, 1, 1, 1
72, 7, 1307, 455, 113, 176, 1, 1, 1
73, 7, 1300, 450, 122, 194, 1, 1, 1
74, 7, 1301, 453, 136, 179, 1, 1, 1
75, 7, 1309, 447, 152, 178, 1, 1, 1
76, 7, 1332, 446, 159, 195, 1, 1, 1
77, 7, 1342, 453, 164, 188, 1, 1, 1
78, 7, 1333, 462, 176, 193, 1, 1, 1
79, 7, 1313, 471, 176, 174, 1, 1, 1
80, 7, 1303, 475, 175, 184, 1, 1, 1
81, 7, 1295, 483, 179, 171, 1, 1, 1
82, 7, 1294, 484, 198, 173, 1, 1, 1
83, 7, 1319, 482, 200, 151, 1, 1, 1
84, 7, 1336, 477, 205, 166, 1, 1, 1
85, 7, 1341, 476, 214, 161, 1, 1, 1
86, 7, 1342, 478, 208, 163, 1, 1, 1
87, 7, 1343, 478, 202, 159, 1, 1, 1
88, 7, 1326, 494, 208, 143, 1, 1, 1
89, 7, 1319, 508, 220, 139, 1, 1, 1
1, 8, 853, 448, 72, 103, 1, 1, 1
2, 8, 859, 454, 75, 98, 1, 1, 1
3, 8, 875, 456, 69, 78, 1, 1, 1
4, 8, 898, 455, 78, 87, 1, 1, 1
5, 8, 950, 459, 49, 82, 1, 1, 1
6, 8, 966, 455, 49, 83, 1, 1, 1
7, 8, 976, 453, 67, 79, 1, 1, 1
8, 8, 977, 470, 69, 59, 1, 1, 1
9, 8, 1013, 463, 38, 73, 1, 1, 1
10, 8, 1014, 462, 49, 82, 1, 1, 1
11, 8, 1014, 443, 62, 110, 1, 1, 1
12, 8, 1029, 497, 31, 50, 1, 1, 1
13, 8, 1081, 466, 50, 52, 1, 1, 1
14, 8, 1078, 467, 50, 40, 1, 1, 1
15, 8, 1112, 463, 29, 76, 1, 1, 1
16, 8, 1109, 512, 33, 33, 1, 1, 1
17, 8, 1121, 472, 64, 73, 1, 1, 1
18, 8, 1156, 473, 32, 77, 1, 1, 1
19, 8, 1145, 463, 62, 107, 1, 1, 1
20, 8, 1154, 465, 62, 114, 1, 1, 1
21, 8, 1169, 462, 64, 122, 1, 1, 1
22, 8, 1195, 475, 60, 112, 1, 1, 1
23, 8, 1204, 472, 61, 116, 1, 1, 1
24, 8, 1215, 466, 76, 126, 1, 1, 1
25, 8, 1233, 467, 81, 132, 1, 1, 1
26, 8, 1257, 461, 73, 134, 1, 1, 1
27, 8, 1270, 452, 75, 145, 1, 1, 1
28, 8, 1288, 460, 76, 140, 1, 1, 1
29, 8, 1310, 472, 65, 130, 1, 1, 1
30, 8, 1319, 471, 63, 138, 1, 1, 1
31, 8, 1321, 465, 84, 140, 1, 1, 1
32, 8, 1384, 466, 46, 87, 1, 1, 1
33, 8, 1380, 457, 51, 116, 1, 1, 1
34, 8, 1387, 458, 52, 142, 1, 1, 1
35, 8, 1388, 454, 54, 164, 1, 1, 1
36, 8, 1385, 455, 62, 167, 1, 1, 1
37, 8, 1377, 449, 74, 188, 1, 1, 1
38, 8, 1360, 450, 85, 175, 1, 1, 1
39, 8, 1368, 448, 76, 178, 1, 1, 1
40, 8, 1362, 445, 83, 181, 1, 1, 1
41, 8, 1363, 439, 72, 199, 1, 1, 1
42, 8, 1357, 436, 84, 199, 1, 1, 1
43, 8, 1340, 444, 102, 203, 1, 1, 1
44, 8, 1336, 447, 98, 202, 1, 1, 1
45, 8, 1302, 443, 108, 209, 1, 1, 1
46, 8, 1286, 443, 106, 210, 1, 1, 1
47, 8, 1247, 451, 144, 221, 1, 1, 1
48, 8, 1238, 443, 118, 233, 1, 1, 1
49, 8, 1220, 448, 118, 226, 1, 1, 1
50, 8, 1211, 452, 131, 234, 1, 1, 1
51, 8, 1198, 441, 126, 241, 1, 1, 1
52, 8, 1180, 436, 137, 260, 1, 1, 1
53, 8, 1164, 434, 125, 248, 1, 1, 1
54, 8, 1143, 445, 159, 243, 1, 1, 1
55, 8, 1102, 445, 190, 242, 1, 1, 1
56, 8, 1083, 447, 157, 242, 1, 1, 1
57, 8, 1042, 445, 177, 255, 1, 1, 1
58, 8, 1004, 455, 206, 261, 1, 1, 1
59, 8, 967, 452, 210, 252, 1, 1, 1
60, 8, 923, 449, 200, 263, 1, 1, 1
61, 8, 876, 451, 221, 259, 1, 1, 1
62, 8, 846, 467, 240, 261, 1, 1, 1
63, 8, 815, 462, 240, 271, 1, 1, 1
64, 8, 775, 457, 228, 293, 1, 1, 1
65, 8, 742, 455, 233, 301, 1, 1, 1
66, 8, 698, 460, 255, 283, 1, 1, 1
67, 8, 666, 453, 259, 295, 1, 1, 1
68, 8, 643, 442, 247, 308, 1, 1, 1
69, 8, 606, 439, 246, 310, 1, 1, 1
70, 8, 569, 441, 247, 305, 1, 1, 1
71, 8, 531, 448, 252, 304, 1, 1, 1
72, 8, 506, 446, 258, 298, 1, 1, 1
73, 8, 458, 448, 264, 287, 1, 1, 1
74, 8, 405, 457, 264, 288, 1, 1, 1
75, 8, 377, 448, 273, 295, 1, 1, 1
76, 8, 347, 463, 296, 286, 1, 1, 1
77, 8, 298, 470, 313, 264, 1, 1, 1
78, 8, 256, 496, 313, 274, 1, 1, 1
79, 8, 215, 494, 314, 277, 1, 1, 1
80, 8, 182, 496, 301, 278, 1, 1, 1
81, 8, 150, 494, 299, 272, 1, 1, 1
82, 8, 145, 481, 303, 284, 1, 1, 1
83, 8, 138, 479, 298, 283, 1, 1, 1
84, 8, 143, 461, 277, 279, 1, 1, 1
85, 8, 128, 457, 257, 294, 1, 1, 1
86, 8, 103, 452, 264, 284, 1, 1, 1
87, 8, 65, 448, 267, 290, 1, 1, 1
88, 8, 21, 472, 273, 269, 1, 1, 1
89, 8, 10, 469, 289, 259, 1, 1, 1
23, 4, 930, 463, 118, 124, 1, 1, 1
24, 4, 946, 455, 125, 135, 1, 1, 1
25, 4, 962, 448, 100, 136, 1, 1, 1
26, 4, 991, 441, 82, 143, 1, 1, 1
27, 4, 1000, 440, 93, 105, 1, 1, 1
28, 4, 1047, 441, 51, 86, 1, 1, 1
29, 4, 1051, 448, 35, 79, 1, 1, 1
30, 4, 1059, 434, 40, 94, 1, 1, 1
31, 4, 1063, 431, 36, 94, 1, 1, 1
32, 4, 1083, 429, 22, 68, 1, 1, 1
33, 4, 1114, 431, 31, 123, 1, 1, 1
34, 4, 1121, 426, 37, 136, 1, 1, 1
35, 4, 1121, 426, 41, 145, 1, 1, 1
36, 4, 1127, 426, 44, 147, 1, 1, 1
37, 4, 1113, 428, 65, 156, 1, 1, 1
38, 4, 1128, 426, 58, 177, 1, 1, 1
39, 4, 1138, 425, 64, 177, 1, 1, 1
40, 4, 1135, 422, 72, 183, 1, 1, 1
41, 4, 1150, 422, 69, 174, 1, 1, 1
42, 4, 1158, 456, 69, 140, 1, 1, 1
43, 4, 1220, 429, 35, 112, 1, 1, 1
44, 4, 1220, 434, 50, 125, 1, 1, 1
45, 4, 1214, 432, 70, 134, 1, 1, 1
46, 4, 1194, 436, 82, 182, 1, 1, 1
47, 4, 1186, 450, 88, 181, 1, 1, 1
48, 4, 1183, 470, 84, 161, 1, 1, 1
49, 4, 1206, 460, 98, 174, 1, 1, 1
50, 4, 1273, 461, 41, 93, 1, 1, 1
51, 4, 1271, 460, 45, 103, 1, 1, 1
52, 4, 1258, 455, 67, 197, 1, 1, 1
53, 4, 1238, 447, 99, 149, 1, 1, 1
54, 4, 1239, 440, 89, 139, 1, 1, 1
55, 4, 1227, 433, 98, 239, 1, 1, 1
56, 4, 1228, 433, 81, 181, 1, 1, 1
57, 4, 1214, 435, 84, 185, 1, 1, 1
58, 4, 1196, 436, 101, 201, 1, 1, 1
59, 4, 1181, 436, 115, 196, 1, 1, 1
60, 4, 1164, 442, 135, 207, 1, 1, 1
61, 4, 1151, 440, 134, 211, 1, 1, 1
62, 4, 1156, 444, 129, 216, 1, 1, 1
63, 4, 1145, 441, 120, 216, 1, 1, 1
64, 4, 1118, 445, 140, 218, 1, 1, 1
65, 4, 1097, 450, 160, 199, 1, 1, 1
66, 4, 1067, 462, 182, 190, 1, 1, 1
67, 4, 1039, 479, 180, 171, 1, 1, 1
68, 4, 1023, 492, 187, 156, 1, 1, 1
69, 4, 1013, 496, 173, 154, 1, 1, 1
70, 4, 990, 508, 200, 134, 1, 1, 1
71, 4, 990, 511, 210, 136, 1, 1, 1
72, 4, 998, 507, 204, 147, 1, 1, 1
73, 4, 969, 517, 216, 116, 1, 1, 1
74, 4, 955, 519, 214, 105, 1, 1, 1
75, 4, 958, 509, 209, 110, 1, 1, 1
76, 4, 942, 511, 220, 135, 1, 1, 1
77, 4, 950, 502, 218, 145, 1, 1, 1
78, 4, 956, 491, 220, 150, 1, 1, 1
79, 4, 940, 483, 219, 178, 1, 1, 1
80, 4, 912, 475, 219, 180, 1, 1, 1
81, 4, 916, 470, 218, 185, 1, 1, 1
82, 4, 936, 466, 200, 193, 1, 1, 1
83, 4, 946, 463, 383, 192, 1, 1, 1
84, 4, 953, 458, 197, 196, 1, 1, 1
85, 4, 951, 444, 209, 214, 1, 1, 1
86, 4, 936, 451, 196, 208, 1, 1, 1
87, 4, 924, 439, 193, 192, 1, 1, 1
88, 4, 915, 441, 180, 224, 1, 1, 1
89, 4, 896, 451, 193, 214, 1, 1, 1
74, 2, 1161, 454, 129, 197, 1, 1, 1
75, 2, 1164, 455, 143, 177, 1, 1, 1
76, 2, 1177, 463, 149, 171, 1, 1, 1
77, 2, 1170, 482, 156, 156, 1, 1, 1
78, 2, 1174, 490, 142, 148, 1, 1, 1
79, 2, 1155, 497, 135, 147, 1, 1, 1
80, 2, 1134, 502, 141, 142, 1, 1, 1
81, 2, 1136, 504, 156, 132, 1, 1, 1
82, 2, 1166, 505, 150, 127, 1, 1, 1
83, 2, 1183, 523, 147, 138, 1, 1, 1
84, 2, 1214, 516, 137, 140, 1, 1, 1
85, 2, 1244, 498, 126, 143, 1, 1, 1
86, 2, 1256, 491, 118, 161, 1, 1, 1
87, 2, 1246, 483, 117, 170, 1, 1, 1
88, 2, 1244, 487, 131, 182, 1, 1, 1
89, 2, 1239, 482, 154, 174, 1, 1, 1
