4, 3, 846, 68, 237, 225, 1, 1, 1
5, 3, 857, 65, 213, 225, 1, 1, 1
6, 3, 881, 83, 207, 221, 1, 1, 1
7, 3, 876, 81, 204, 221, 1, 1, 1
8, 3, 876, 75, 159, 221, 1, 1, 1
9, 3, 879, 69, 171, 224, 1, 1, 1
10, 3, 878, 61, 184, 227, 1, 1, 1
11, 3, 879, 67, 207, 222, 1, 1, 1
12, 3, 880, 80, 149, 221, 1, 1, 1
13, 3, 857, 85, 154, 222, 1, 1, 1
14, 3, 839, 87, 162, 222, 1, 1, 1
15, 3, 835, 88, 149, 222, 1, 1, 1
16, 3, 822, 93, 196, 218, 1, 1, 1
17, 3, 808, 97, 150, 216, 1, 1, 1
18, 3, 801, 96, 191, 218, 1, 1, 1
19, 3, 800, 96, 188, 220, 1, 1, 1
20, 3, 798, 99, 190, 220, 1, 1, 1
21, 3, 792, 103, 188, 216, 1, 1, 1
22, 3, 771, 108, 200, 216, 1, 1, 1
23, 3, 780, 111, 194, 218, 1, 1, 1
24, 3, 780, 116, 189, 213, 1, 1, 1
25, 3, 781, 113, 195, 217, 1, 1, 1
26, 3, 777, 107, 154, 220, 1, 1, 1
27, 3, 766, 110, 194, 215, 1, 1, 1
28, 3, 751, 109, 193, 219, 1, 1, 1
29, 3, 744, 118, 188, 215, 1, 1, 1
30, 3, 739, 115, 190, 217, 1, 1, 1
31, 3, 735, 120, 188, 212, 1, 1, 1
32, 3, 731, 118, 188, 215, 1, 1, 1
33, 3, 723, 120, 189, 217, 1, 1, 1
34, 3, 722, 120, 188, 216, 1, 1, 1
35, 3, 717, 118, 187, 219, 1, 1, 1
36, 3, 712, 121, 189, 217, 1, 1, 1
37, 3, 710, 120, 187, 220, 1, 1, 1
38, 3, 709, 125, 186, 214, 1, 1, 1
39, 3, 703, 129, 192, 217, 1, 1, 1
40, 3, 705, 128, 192, 216, 1, 1, 1
41, 3, 705, 126, 188, 216, 1, 1, 1
42, 3, 703, 131, 191, 214, 1, 1, 1
43, 3, 709, 139, 186, 212, 1, 1, 1
44, 3, 714, 141, 187, 214, 1, 1, 1
45, 3, 705, 143, 198, 219, 1, 1, 1
46, 3, 708, 145, 197, 217, 1, 1, 1
47, 3, 708, 147, 201, 218, 1, 1, 1
48, 3, 709, 149, 195, 215, 1, 1, 1
49, 3, 704, 144, 201, 217, 1, 1, 1
50, 3, 708, 140, 195, 213, 1, 1, 1
51, 3, 700, 138, 200, 214, 1, 1, 1
