1, 1, 173, 87, 130, 75, 1, 1, 1
2, 1, 175, 95, 125, 73, 1, 1, 1
3, 1, 170, 99, 126, 71, 1, 1, 1
4, 1, 167, 104, 126, 70, 1, 1, 1
5, 1, 163, 106, 124, 70, 1, 1, 1
6, 1, 159, 111, 122, 71, 1, 1, 1
7, 1, 150, 117, 121, 70, 1, 1, 1
8, 1, 144, 120, 118, 69, 1, 1, 1
9, 1, 185, 156, 69, 20, 1, 1, 1
10, 1, 120, 159, 16, 5, 1, 1, 1
11, 1, 97, 122, 71, 65, 1, 1, 1
12, 1, 66, 117, 119, 68, 1, 1, 1
13, 1, 32, 116, 116, 64, 1, 1, 1
14, 1, 0, 113, 109, 64, 1, 1, 1
15, 1, 0, 108, 67, 65, 1, 1, 1
1, 2, 300, 66, 105, 64, 1, 1, 1
2, 2, 305, 70, 112, 64, 1, 1, 1
3, 2, 310, 73, 110, 62, 1, 1, 1
4, 2, 311, 76, 111, 62, 1, 1, 1
5, 2, 312, 80, 111, 62, 1, 1, 1
6, 2, 312, 85, 108, 61, 1, 1, 1
7, 2, 308, 92, 108, 60, 1, 1, 1
8, 2, 302, 96, 108, 60, 1, 1, 1
9, 2, 298, 101, 106, 59, 1, 1, 1
10, 2, 284, 104, 107, 57, 1, 1, 1
11, 2, 288, 106, 80, 57, 1, 1, 1
12, 2, 310, 134, 31, 7, 1, 1, 1
14, 2, 167, 131, 48, 30, 1, 1, 1
15, 2, 125, 103, 84, 56, 1, 1, 1
1, 3, 404, 53, 97, 55, 1, 1, 1
2, 3, 417, 54, 95, 55, 1, 1, 1
3, 3, 423, 57, 89, 55, 1, 1, 1
4, 3, 428, 60, 84, 56, 1, 1, 1
5, 3, 431, 64, 81, 56, 1, 1, 1
6, 3, 433, 70, 79, 56, 1, 1, 1
7, 3, 431, 80, 81, 53, 1, 1, 1
8, 3, 429, 84, 83, 53, 1, 1, 1
9, 3, 427, 87, 85, 55, 1, 1, 1
10, 3, 415, 92, 97, 51, 1, 1, 1
11, 3, 396, 102, 95, 43, 1, 1, 1
12, 3, 371, 104, 93, 42, 1, 1, 1
13, 3, 339, 103, 93, 43, 1, 1, 1
14, 3, 331, 102, 66, 46, 1, 1, 1
15, 3, 335, 123, 22, 2, 1, 1, 1
