12, 7, 1707, 0, 502, 967, 1, 1, 1
13, 7, 1693, 46, 571, 1034, 1, 1, 1
14, 7, 1396, 104, 811, 976, 1, 1, 1
15, 7, 1056, 114, 1097, 966, 1, 1, 1
16, 7, 0, 387, 1895, 693, 1, 1, 1
26, 9, 1567, 0, 374, 809, 1, 1, 1
27, 9, 1494, 0, 424, 930, 1, 1, 1
28, 9, 1203, 1, 695, 1075, 1, 1, 1
29, 9, 652, 165, 1109, 915, 1, 1, 1
30, 9, 0, 125, 1417, 954, 1, 1, 1
31, 9, 0, 436, 875, 644, 1, 1, 1
41, 12, 1769, 100, 488, 980, 1, 1, 1
42, 12, 1726, 114, 583, 966, 1, 1, 1
43, 12, 1728, 125, 591, 954, 1, 1, 1
44, 12, 1302, 173, 989, 904, 1, 1, 1
45, 12, 775, 266, 1565, 814, 1, 1, 1
46, 12, 0, 222, 2073, 857, 1, 1, 1
47, 12, 0, 684, 1588, 395, 1, 1, 1
