9, 2, 76, 215, 404, 508, 1, 1, 1
10, 2, 95, 160, 291, 563, 1, 1, 1
11, 2, 26, 165, 369, 542, 1, 1, 1
12, 2, 24, 131, 352, 579, 1, 1, 1
13, 2, 95, 43, 297, 655, 1, 1, 1
14, 2, 100, 41, 294, 646, 1, 1, 1
15, 2, 107, 136, 373, 543, 1, 1, 1
16, 2, 79, 249, 401, 462, 1, 1, 1
17, 2, 94, 350, 386, 372, 1, 1, 1
18, 2, 93, 359, 387, 337, 1, 1, 1
19, 2, 81, 347, 399, 369, 1, 1, 1
20, 2, 71, 331, 409, 390, 1, 1, 1
21, 2, 63, 365, 353, 362, 1, 1, 1
22, 2, 85, 364, 268, 371, 1, 1, 1
23, 2, 49, 341, 327, 390, 1, 1, 1
24, 2, 112, 272, 297, 470, 1, 1, 1
25, 2, 90, 190, 336, 555, 1, 1, 1
26, 2, 121, 103, 313, 644, 1, 1, 1
27, 2, 104, 114, 369, 665, 1, 1, 1
28, 2, 127, 217, 353, 541, 1, 1, 1
29, 2, 142, 295, 338, 460, 1, 1, 1
30, 2, 142, 333, 338, 429, 1, 1, 1
31, 2, 103, 349, 309, 421, 1, 1, 1
32, 2, 31, 378, 411, 415, 1, 1, 1
33, 2, 36, 366, 441, 421, 1, 1, 1
34, 2, 37, 357, 443, 433, 1, 1, 1
35, 2, 59, 325, 421, 468, 1, 1, 1
36, 2, 110, 282, 370, 513, 1, 1, 1
12, 1, 0, 237, 480, 489, 1, 1, 1
13, 1, 0, 355, 480, 372, 1, 1, 1
14, 1, 0, 353, 480, 368, 1, 1, 1
15, 1, 0, 317, 372, 419, 1, 1, 1
16, 1, 0, 217, 295, 506, 1, 1, 1
17, 1, 0, 53, 311, 667, 1, 1, 1
18, 1, 0, 0, 345, 728, 1, 1, 1
19, 1, 0, 0, 341, 735, 1, 1, 1
20, 1, 0, 0, 392, 706, 1, 1, 1
21, 1, 0, 43, 479, 711, 1, 1, 1
22, 1, 0, 127, 479, 624, 1, 1, 1
23, 1, 1, 230, 268, 530, 1, 1, 1
24, 1, 0, 240, 285, 524, 1, 1, 1
25, 1, 0, 204, 312, 563, 1, 1, 1
26, 1, 0, 28, 330, 748, 1, 1, 1
27, 1, 0, 10, 305, 792, 1, 1, 1
28, 1, 0, 11, 222, 827, 1, 1, 1
29, 1, 0, 1, 162, 753, 1, 1, 1
30, 1, 0, 21, 158, 732, 1, 1, 1
31, 1, 0, 64, 202, 739, 1, 1, 1
