1, 3, 208, 233, 122, 190, 1, 1, 1
2, 3, 219, 242, 114, 187, 1, 1, 1
3, 3, 235, 239, 96, 191, 1, 1, 1
4, 3, 231, 244, 100, 187, 1, 1, 1
5, 3, 232, 241, 105, 190, 1, 1, 1
6, 3, 234, 246, 95, 186, 1, 1, 1
7, 3, 234, 246, 95, 186, 1, 1, 1
8, 3, 234, 246, 97, 185, 1, 1, 1
9, 3, 232, 249, 101, 182, 1, 1, 1
10, 3, 225, 250, 108, 182, 1, 1, 1
11, 3, 229, 252, 102, 180, 1, 1, 1
12, 3, 230, 253, 100, 180, 1, 1, 1
13, 3, 233, 264, 94, 168, 1, 1, 1
14, 3, 234, 253, 95, 181, 1, 1, 1
15, 3, 234, 254, 96, 179, 1, 1, 1
16, 3, 233, 268, 94, 166, 1, 1, 1
17, 3, 233, 278, 96, 153, 1, 1, 1
18, 3, 233, 284, 96, 148, 1, 1, 1
19, 3, 233, 280, 96, 148, 1, 1, 1
20, 3, 233, 251, 96, 180, 1, 1, 1
21, 3, 233, 252, 95, 179, 1, 1, 1
22, 3, 231, 253, 98, 178, 1, 1, 1
23, 3, 230, 252, 101, 178, 1, 1, 1
24, 3, 231, 269, 98, 160, 1, 1, 1
25, 3, 229, 269, 101, 160, 1, 1, 1
26, 3, 232, 271, 97, 162, 1, 1, 1
27, 3, 231, 271, 94, 159, 1, 1, 1
28, 3, 230, 271, 99, 158, 1, 1, 1
29, 3, 230, 276, 96, 153, 1, 1, 1
30, 3, 228, 279, 98, 151, 1, 1, 1
31, 3, 230, 278, 96, 152, 1, 1, 1
32, 3, 230, 279, 97, 153, 1, 1, 1
33, 3, 226, 278, 100, 154, 1, 1, 1
34, 3, 229, 287, 97, 144, 1, 1, 1
35, 3, 229, 294, 98, 139, 1, 1, 1
36, 3, 230, 299, 96, 132, 1, 1, 1
37, 3, 232, 302, 95, 129, 1, 1, 1
38, 3, 233, 304, 92, 128, 1, 1, 1
39, 3, 235, 299, 92, 134, 1, 1, 1
40, 3, 235, 303, 90, 128, 1, 1, 1
41, 3, 247, 302, 79, 130, 1, 1, 1
42, 3, 246, 302, 81, 130, 1, 1, 1
43, 3, 249, 303, 77, 130, 1, 1, 1
44, 3, 251, 303, 78, 128, 1, 1, 1
45, 3, 249, 304, 79, 129, 1, 1, 1
46, 3, 249, 304, 79, 128, 1, 1, 1
47, 3, 247, 306, 82, 128, 1, 1, 1
48, 3, 247, 305, 83, 127, 1, 1, 1
49, 3, 247, 305, 82, 128, 1, 1, 1
50, 3, 247, 304, 82, 130, 1, 1, 1
51, 3, 244, 307, 84, 126, 1, 1, 1
52, 3, 245, 305, 85, 130, 1, 1, 1
53, 3, 245, 306, 86, 127, 1, 1, 1
54, 3, 248, 308, 81, 127, 1, 1, 1
55, 3, 249, 316, 82, 122, 1, 1, 1
56, 3, 246, 316, 84, 118, 1, 1, 1
57, 3, 251, 317, 80, 119, 1, 1, 1
58, 3, 244, 320, 85, 117, 1, 1, 1
59, 3, 242, 325, 88, 110, 1, 1, 1
60, 3, 245, 308, 85, 128, 1, 1, 1
61, 3, 246, 318, 81, 116, 1, 1, 1
62, 3, 252, 331, 77, 106, 1, 1, 1
63, 3, 252, 332, 76, 104, 1, 1, 1
64, 3, 250, 330, 78, 104, 1, 1, 1
65, 3, 255, 335, 74, 103, 1, 1, 1
66, 3, 254, 336, 76, 96, 1, 1, 1
67, 3, 255, 336, 73, 101, 1, 1, 1
68, 3, 263, 335, 70, 102, 1, 1, 1
69, 3, 258, 329, 73, 110, 1, 1, 1
70, 3, 249, 316, 86, 125, 1, 1, 1
71, 3, 262, 327, 79, 106, 1, 1, 1
72, 3, 256, 337, 84, 101, 1, 1, 1
73, 3, 246, 339, 91, 99, 1, 1, 1
1, 2, 302, 204, 123, 215, 1, 1, 1
2, 2, 303, 205, 121, 218, 1, 1, 1
3, 2, 305, 206, 118, 216, 1, 1, 1
4, 2, 304, 206, 120, 215, 1, 1, 1
5, 2, 303, 207, 123, 217, 1, 1, 1
6, 2, 302, 207, 120, 215, 1, 1, 1
7, 2, 304, 206, 119, 215, 1, 1, 1
8, 2, 304, 207, 122, 213, 1, 1, 1
9, 2, 304, 206, 121, 216, 1, 1, 1
10, 2, 303, 209, 121, 214, 1, 1, 1
11, 2, 303, 215, 121, 207, 1, 1, 1
12, 2, 304, 200, 120, 222, 1, 1, 1
13, 2, 304, 191, 119, 231, 1, 1, 1
14, 2, 303, 192, 121, 230, 1, 1, 1
15, 2, 304, 193, 120, 229, 1, 1, 1
16, 2, 303, 192, 120, 232, 1, 1, 1
17, 2, 303, 245, 120, 175, 1, 1, 1
18, 2, 302, 245, 122, 178, 1, 1, 1
19, 2, 303, 247, 121, 175, 1, 1, 1
20, 2, 302, 247, 123, 175, 1, 1, 1
21, 2, 302, 248, 124, 175, 1, 1, 1
22, 2, 302, 248, 123, 170, 1, 1, 1
23, 2, 302, 249, 123, 175, 1, 1, 1
24, 2, 299, 246, 125, 178, 1, 1, 1
25, 2, 303, 249, 122, 176, 1, 1, 1
26, 2, 302, 247, 121, 175, 1, 1, 1
27, 2, 301, 248, 125, 177, 1, 1, 1
28, 2, 302, 247, 121, 172, 1, 1, 1
29, 2, 302, 248, 122, 177, 1, 1, 1
30, 2, 301, 246, 123, 178, 1, 1, 1
31, 2, 304, 191, 121, 230, 1, 1, 1
32, 2, 303, 192, 120, 231, 1, 1, 1
33, 2, 304, 192, 121, 229, 1, 1, 1
34, 2, 304, 193, 120, 230, 1, 1, 1
35, 2, 303, 195, 122, 229, 1, 1, 1
36, 2, 301, 196, 125, 225, 1, 1, 1
37, 2, 300, 197, 124, 225, 1, 1, 1
38, 2, 301, 199, 123, 227, 1, 1, 1
39, 2, 301, 201, 124, 224, 1, 1, 1
40, 2, 299, 200, 129, 223, 1, 1, 1
41, 2, 301, 200, 123, 226, 1, 1, 1
42, 2, 303, 203, 119, 226, 1, 1, 1
43, 2, 302, 205, 123, 222, 1, 1, 1
44, 2, 303, 205, 121, 222, 1, 1, 1
45, 2, 301, 207, 122, 220, 1, 1, 1
46, 2, 301, 208, 122, 219, 1, 1, 1
47, 2, 301, 210, 122, 217, 1, 1, 1
48, 2, 300, 209, 125, 218, 1, 1, 1
49, 2, 302, 210, 124, 219, 1, 1, 1
50, 2, 301, 211, 123, 215, 1, 1, 1
51, 2, 300, 211, 124, 216, 1, 1, 1
52, 2, 302, 213, 121, 217, 1, 1, 1
53, 2, 304, 211, 119, 211, 1, 1, 1
54, 2, 300, 214, 124, 213, 1, 1, 1
55, 2, 303, 217, 121, 212, 1, 1, 1
56, 2, 302, 218, 122, 210, 1, 1, 1
57, 2, 304, 216, 119, 211, 1, 1, 1
58, 2, 304, 216, 120, 210, 1, 1, 1
59, 2, 302, 214, 120, 215, 1, 1, 1
60, 2, 308, 216, 115, 212, 1, 1, 1
61, 2, 309, 218, 114, 209, 1, 1, 1
62, 2, 308, 216, 116, 215, 1, 1, 1
63, 2, 304, 217, 117, 211, 1, 1, 1
64, 2, 300, 217, 124, 210, 1, 1, 1
65, 2, 299, 217, 129, 212, 1, 1, 1
66, 2, 300, 216, 123, 213, 1, 1, 1
67, 2, 300, 218, 122, 213, 1, 1, 1
68, 2, 299, 217, 123, 211, 1, 1, 1
69, 2, 301, 218, 120, 213, 1, 1, 1
70, 2, 307, 219, 118, 212, 1, 1, 1
71, 2, 309, 218, 116, 213, 1, 1, 1
72, 2, 309, 219, 113, 211, 1, 1, 1
73, 2, 301, 218, 121, 216, 1, 1, 1
