34, 3, 786, 430, 147, 105, 1, 1, 1
35, 3, 795, 434, 105, 100, 1, 1, 1
36, 3, 786, 420, 160, 90, 1, 1, 1
37, 3, 808, 430, 100, 100, 1, 1, 1
38, 3, 783, 437, 125, 89, 1, 1, 1
39, 3, 761, 447, 109, 52, 1, 1, 1
40, 3, 895, 429, 95, 100, 1, 1, 1
32, 4, 999, 438, 85, 84, 1, 1, 1
33, 4, 986, 417, 189, 120, 1, 1, 1
34, 4, 1033, 418, 165, 110, 1, 1, 1
35, 4, 1006, 429, 133, 59, 1, 1, 1
36, 4, 1023, 416, 161, 105, 1, 1, 1
37, 4, 1056, 401, 129, 123, 1, 1, 1
38, 2, 514, 416, 158, 120, 1, 1, 1
39, 2, 518, 429, 204, 109, 1, 1, 1
40, 2, 567, 436, 178, 108, 1, 1, 1
