1, 1, 818, 11, 960, 934, 1, 1, 1
2, 1, 819, 50, 970, 895, 1, 1, 1
3, 1, 832, 0, 1064, 945, 1, 1, 1
4, 1, 349, 308, 1571, 637, 1, 1, 1
5, 1, 478, 227, 1442, 715, 1, 1, 1
6, 1, 518, 281, 1402, 664, 1, 1, 1
7, 1, 547, 317, 1372, 628, 1, 1, 1
8, 1, 582, 306, 1338, 638, 1, 1, 1
9, 1, 753, 358, 1167, 586, 1, 1, 1
10, 1, 970, 228, 950, 717, 1, 1, 1
11, 1, 1018, 165, 902, 780, 1, 1, 1
12, 1, 1002, 14, 918, 777, 1, 1, 1
13, 1, 1136, 135, 784, 810, 1, 1, 1
14, 1, 759, 344, 1161, 552, 1, 1, 1
15, 1, 699, 249, 1221, 667, 1, 1, 1
16, 1, 766, 262, 1154, 679, 1, 1, 1
17, 1, 605, 169, 1315, 775, 1, 1, 1
18, 1, 536, 88, 1384, 857, 1, 1, 1
19, 1, 528, 59, 1392, 886, 1, 1, 1
20, 1, 526, 81, 1394, 864, 1, 1, 1
21, 1, 428, 176, 1492, 769, 1, 1, 1
22, 1, 315, 129, 1605, 813, 1, 1, 1
23, 1, 205, 106, 1269, 838, 1, 1, 1
24, 1, 248, 223, 1238, 721, 1, 1, 1
25, 1, 215, 165, 1287, 780, 1, 1, 1
26, 1, 189, 172, 1332, 771, 1, 1, 1
27, 1, 272, 72, 1457, 871, 1, 1, 1
28, 1, 373, 0, 1546, 945, 1, 1, 1
29, 1, 573, 0, 765, 945, 1, 1, 1
30, 1, 570, 0, 827, 944, 1, 1, 1
31, 1, 612, 0, 870, 945, 1, 1, 1
32, 1, 574, 0, 987, 945, 1, 1, 1
33, 1, 777, 0, 1102, 945, 1, 1, 1
34, 1, 911, 0, 919, 945, 1, 1, 1
35, 1, 860, 0, 963, 944, 1, 1, 1
36, 1, 851, 0, 981, 945, 1, 1, 1
37, 1, 837, 0, 999, 945, 1, 1, 1
38, 1, 642, 0, 1277, 945, 1, 1, 1
39, 1, 247, 0, 1673, 945, 1, 1, 1
40, 1, 284, 39, 1636, 906, 1, 1, 1
41, 1, 172, 94, 1441, 851, 1, 1, 1
42, 1, 0, 31, 1550, 806, 1, 1, 1
43, 1, 0, 0, 1483, 754, 1, 1, 1
44, 1, 0, 0, 1611, 702, 1, 1, 1
45, 1, 0, 0, 1710, 693, 1, 1, 1
46, 1, 0, 0, 1745, 703, 1, 1, 1
47, 1, 0, 0, 1771, 723, 1, 1, 1
48, 1, 0, 0, 1803, 765, 1, 1, 1
49, 1, 0, 0, 1748, 941, 1, 1, 1
50, 1, 0, 0, 1707, 944, 1, 1, 1
51, 1, 0, 0, 1685, 945, 1, 1, 1
52, 1, 0, 0, 1649, 945, 1, 1, 1
53, 1, 0, 0, 1641, 945, 1, 1, 1
54, 1, 0, 0, 1613, 945, 1, 1, 1
55, 1, 0, 0, 1419, 944, 1, 1, 1
56, 1, 0, 0, 1094, 945, 1, 1, 1
57, 1, 0, 0, 1042, 943, 1, 1, 1
58, 1, 0, 0, 1066, 944, 1, 1, 1
59, 1, 0, 0, 1089, 945, 1, 1, 1
60, 1, 0, 0, 876, 945, 1, 1, 1
61, 1, 0, 0, 1102, 944, 1, 1, 1
62, 1, 0, 97, 1414, 848, 1, 1, 1
63, 1, 0, 87, 1445, 858, 1, 1, 1
64, 1, 0, 59, 1339, 886, 1, 1, 1
65, 1, 1, 44, 1307, 899, 1, 1, 1
66, 1, 1, 69, 1324, 876, 1, 1, 1
67, 1, 0, 123, 1399, 822, 1, 1, 1
68, 1, 0, 121, 1055, 824, 1, 1, 1
69, 1, 0, 112, 1055, 833, 1, 1, 1
70, 1, 0, 176, 1033, 769, 1, 1, 1
71, 1, 0, 115, 1020, 830, 1, 1, 1
72, 1, 21, 124, 1023, 821, 1, 1, 1
73, 1, 24, 140, 1060, 805, 1, 1, 1
74, 1, 92, 113, 935, 831, 1, 1, 1
75, 1, 128, 0, 1036, 945, 1, 1, 1
76, 1, 193, 0, 1068, 945, 1, 1, 1
77, 1, 0, 40, 1362, 905, 1, 1, 1
78, 1, 0, 38, 1353, 907, 1, 1, 1
79, 1, 35, 133, 1272, 812, 1, 1, 1
80, 1, 189, 142, 1132, 803, 1, 1, 1
81, 1, 63, 0, 1365, 945, 1, 1, 1
82, 1, 0, 0, 1384, 944, 1, 1, 1
83, 1, 42, 0, 1638, 943, 1, 1, 1
84, 1, 0, 0, 1641, 944, 1, 1, 1
85, 1, 0, 0, 1724, 944, 1, 1, 1
86, 1, 0, 0, 1560, 945, 1, 1, 1
87, 1, 0, 0, 1148, 755, 1, 1, 1
88, 1, 0, 0, 1410, 911, 1, 1, 1
89, 1, 0, 0, 1562, 945, 1, 1, 1
90, 1, 0, 0, 1277, 945, 1, 1, 1
91, 1, 0, 0, 1249, 945, 1, 1, 1
92, 1, 3, 0, 1333, 944, 1, 1, 1
93, 1, 0, 0, 1331, 945, 1, 1, 1
94, 1, 101, 0, 1267, 944, 1, 1, 1
95, 1, 79, 144, 1411, 801, 1, 1, 1
96, 1, 0, 81, 1401, 863, 1, 1, 1
97, 1, 42, 35, 1395, 909, 1, 1, 1
98, 1, 16, 0, 1399, 945, 1, 1, 1
99, 1, 2, 0, 1641, 944, 1, 1, 1
100, 1, 95, 0, 1511, 944, 1, 1, 1
101, 1, 104, 0, 1555, 944, 1, 1, 1
102, 1, 73, 0, 1357, 945, 1, 1, 1
103, 1, 0, 0, 1423, 944, 1, 1, 1
104, 1, 49, 0, 1342, 944, 1, 1, 1
105, 1, 0, 0, 1403, 941, 1, 1, 1
106, 1, 0, 0, 1614, 928, 1, 1, 1
107, 1, 0, 0, 1629, 923, 1, 1, 1
108, 1, 0, 0, 1582, 945, 1, 1, 1
109, 1, 0, 0, 1582, 945, 1, 1, 1
110, 1, 0, 0, 1739, 945, 1, 1, 1
111, 1, 0, 0, 1663, 944, 1, 1, 1
112, 1, 8, 0, 1660, 945, 1, 1, 1
113, 1, 0, 0, 1565, 943, 1, 1, 1
114, 1, 158, 0, 1355, 945, 1, 1, 1
115, 1, 160, 0, 1340, 945, 1, 1, 1
116, 1, 215, 0, 1166, 944, 1, 1, 1
117, 1, 285, 0, 915, 945, 1, 1, 1
118, 1, 244, 0, 1041, 944, 1, 1, 1
119, 1, 210, 0, 1017, 945, 1, 1, 1
120, 1, 280, 0, 1091, 945, 1, 1, 1
121, 1, 279, 0, 1227, 945, 1, 1, 1
122, 1, 175, 21, 1390, 924, 1, 1, 1
123, 1, 150, 57, 1306, 888, 1, 1, 1
124, 1, 202, 25, 1306, 920, 1, 1, 1
125, 1, 183, 0, 1310, 945, 1, 1, 1
126, 1, 171, 0, 1319, 945, 1, 1, 1
127, 1, 208, 0, 1371, 945, 1, 1, 1
128, 1, 228, 0, 1327, 945, 1, 1, 1
129, 1, 231, 0, 1356, 945, 1, 1, 1
130, 1, 227, 0, 1362, 945, 1, 1, 1
131, 1, 304, 0, 1178, 944, 1, 1, 1
132, 1, 468, 0, 1123, 945, 1, 1, 1
133, 1, 349, 0, 1129, 945, 1, 1, 1
134, 1, 302, 0, 1513, 945, 1, 1, 1
135, 1, 350, 0, 1514, 945, 1, 1, 1
136, 1, 243, 0, 1677, 945, 1, 1, 1
137, 1, 75, 0, 1845, 945, 1, 1, 1
138, 1, 0, 0, 1920, 945, 1, 1, 1
139, 1, 0, 0, 1920, 943, 1, 1, 1
140, 1, 327, 0, 1593, 945, 1, 1, 1
141, 1, 426, 0, 1494, 944, 1, 1, 1
142, 1, 590, 0, 1330, 945, 1, 1, 1
143, 1, 646, 0, 1274, 945, 1, 1, 1
144, 1, 559, 232, 1361, 713, 1, 1, 1
145, 1, 657, 175, 1263, 770, 1, 1, 1
146, 1, 719, 134, 1201, 811, 1, 1, 1
147, 1, 490, 251, 1430, 694, 1, 1, 1
148, 1, 109, 0, 1811, 945, 1, 1, 1
149, 1, 0, 204, 1919, 740, 1, 1, 1
150, 1, 415, 434, 1505, 511, 1, 1, 1
151, 1, 281, 476, 1639, 469, 1, 1, 1
152, 1, 246, 381, 1672, 564, 1, 1, 1
153, 1, 332, 478, 1588, 467, 1, 1, 1
154, 1, 1109, 370, 811, 575, 1, 1, 1
155, 1, 1253, 315, 666, 630, 1, 1, 1
156, 1, 563, 237, 1357, 670, 1, 1, 1
157, 1, 882, 94, 1037, 851, 1, 1, 1
158, 1, 1357, 16, 563, 779, 1, 1, 1
159, 1, 1314, 0, 606, 682, 1, 1, 1
160, 1, 1221, 0, 699, 540, 1, 1, 1
161, 1, 1270, 0, 650, 611, 1, 1, 1
162, 1, 1334, 0, 586, 714, 1, 1, 1
163, 1, 1182, 0, 695, 673, 1, 1, 1
164, 1, 1000, 0, 817, 482, 1, 1, 1
165, 1, 898, 0, 785, 617, 1, 1, 1
166, 1, 895, 0, 789, 618, 1, 1, 1
167, 1, 870, 0, 759, 659, 1, 1, 1
168, 1, 716, 0, 858, 665, 1, 1, 1
169, 1, 784, 0, 906, 539, 1, 1, 1
170, 1, 801, 1, 999, 502, 1, 1, 1
171, 1, 844, 8, 958, 545, 1, 1, 1
172, 1, 860, 0, 1059, 546, 1, 1, 1
173, 1, 837, 0, 1052, 604, 1, 1, 1
174, 1, 854, 0, 1066, 604, 1, 1, 1
175, 1, 922, 0, 998, 608, 1, 1, 1
176, 1, 916, 0, 1004, 610, 1, 1, 1
177, 1, 850, 23, 963, 529, 1, 1, 1
178, 1, 901, 0, 764, 557, 1, 1, 1
179, 1, 933, 0, 795, 547, 1, 1, 1
180, 1, 1070, 0, 726, 578, 1, 1, 1
181, 1, 1152, 0, 698, 629, 1, 1, 1
182, 1, 1172, 0, 646, 617, 1, 1, 1
183, 1, 1151, 0, 639, 588, 1, 1, 1
184, 1, 1175, 0, 648, 569, 1, 1, 1
185, 1, 1232, 0, 683, 570, 1, 1, 1
186, 1, 1242, 0, 678, 680, 1, 1, 1
187, 1, 1141, 0, 705, 694, 1, 1, 1
188, 1, 1182, 0, 738, 613, 1, 1, 1
189, 1, 1252, 0, 668, 590, 1, 1, 1
190, 1, 1255, 0, 665, 598, 1, 1, 1
191, 1, 1243, 0, 676, 618, 1, 1, 1
192, 1, 1218, 0, 664, 578, 1, 1, 1
193, 1, 1231, 0, 668, 590, 1, 1, 1
194, 1, 1237, 0, 683, 588, 1, 1, 1
195, 1, 1247, 0, 673, 635, 1, 1, 1
196, 1, 1232, 0, 676, 596, 1, 1, 1
197, 1, 1231, 0, 689, 585, 1, 1, 1
198, 1, 1228, 0, 691, 567, 1, 1, 1
199, 1, 1225, 0, 695, 563, 1, 1, 1
200, 1, 1214, 0, 706, 576, 1, 1, 1
201, 1, 1218, 0, 702, 572, 1, 1, 1
202, 1, 1216, 0, 704, 572, 1, 1, 1
203, 1, 1206, 0, 698, 577, 1, 1, 1
204, 1, 1215, 0, 701, 590, 1, 1, 1
205, 1, 1212, 0, 708, 573, 1, 1, 1
206, 1, 1225, 0, 692, 567, 1, 1, 1
207, 1, 1226, 0, 681, 590, 1, 1, 1
208, 1, 1225, 0, 687, 584, 1, 1, 1
209, 1, 1193, 0, 696, 557, 1, 1, 1
210, 1, 1074, 0, 640, 549, 1, 1, 1
211, 1, 957, 0, 623, 582, 1, 1, 1
212, 1, 925, 0, 626, 638, 1, 1, 1
213, 1, 885, 0, 607, 723, 1, 1, 1
214, 1, 854, 14, 600, 737, 1, 1, 1
215, 1, 785, 150, 563, 658, 1, 1, 1
216, 1, 684, 110, 541, 639, 1, 1, 1
217, 1, 625, 99, 529, 613, 1, 1, 1
218, 1, 593, 114, 537, 604, 1, 1, 1
219, 1, 651, 95, 556, 621, 1, 1, 1
220, 1, 696, 94, 559, 634, 1, 1, 1
221, 1, 662, 74, 565, 673, 1, 1, 1
222, 1, 670, 75, 547, 688, 1, 1, 1
223, 1, 654, 66, 577, 667, 1, 1, 1
224, 1, 638, 61, 587, 675, 1, 1, 1
225, 1, 634, 32, 623, 688, 1, 1, 1
226, 1, 650, 36, 644, 705, 1, 1, 1
227, 1, 688, 5, 657, 740, 1, 1, 1
228, 1, 845, 0, 544, 692, 1, 1, 1
229, 1, 843, 0, 590, 719, 1, 1, 1
230, 1, 862, 0, 576, 735, 1, 1, 1
231, 1, 857, 0, 551, 716, 1, 1, 1
232, 1, 858, 49, 550, 660, 1, 1, 1
233, 1, 855, 0, 593, 696, 1, 1, 1
234, 1, 857, 40, 717, 673, 1, 1, 1
235, 1, 826, 53, 879, 670, 1, 1, 1
236, 1, 783, 34, 862, 678, 1, 1, 1
237, 1, 764, 18, 920, 711, 1, 1, 1
238, 1, 750, 0, 838, 730, 1, 1, 1
239, 1, 818, 116, 604, 620, 1, 1, 1
240, 1, 800, 52, 583, 678, 1, 1, 1
