1, 1, 415, 400, 227, 127, 1, 1, 1
2, 1, 414, 416, 227, 124, 1, 1, 1
3, 1, 418, 419, 228, 124, 1, 1, 1
4, 1, 450, 415, 228, 120, 1, 1, 1
5, 1, 494, 395, 283, 126, 1, 1, 1
6, 1, 548, 408, 291, 120, 1, 1, 1
7, 1, 655, 411, 244, 151, 1, 1, 1
8, 1, 694, 429, 253, 154, 1, 1, 1
9, 1, 692, 458, 215, 155, 1, 1, 1
10, 1, 637, 465, 239, 168, 1, 1, 1
11, 1, 599, 471, 257, 152, 1, 1, 1
12, 1, 537, 444, 326, 138, 1, 1, 1
13, 1, 456, 423, 346, 145, 1, 1, 1
14, 1, 409, 414, 349, 144, 1, 1, 1
15, 1, 375, 418, 348, 143, 1, 1, 1
16, 1, 355, 423, 350, 144, 1, 1, 1
17, 1, 347, 429, 349, 144, 1, 1, 1
18, 1, 372, 438, 348, 143, 1, 1, 1
19, 1, 408, 408, 349, 142, 1, 1, 1
20, 1, 459, 369, 348, 142, 1, 1, 1
21, 1, 493, 351, 348, 139, 1, 1, 1
22, 1, 498, 337, 350, 140, 1, 1, 1
23, 1, 498, 332, 350, 141, 1, 1, 1
24, 1, 498, 326, 349, 139, 1, 1, 1
25, 1, 493, 321, 350, 141, 1, 1, 1
26, 1, 493, 326, 349, 142, 1, 1, 1
27, 1, 494, 334, 350, 139, 1, 1, 1
28, 1, 505, 350, 344, 140, 1, 1, 1
29, 1, 492, 366, 360, 133, 1, 1, 1
30, 1, 463, 378, 321, 138, 1, 1, 1
31, 1, 485, 393, 289, 150, 1, 1, 1
32, 1, 523, 408, 243, 151, 1, 1, 1
33, 1, 516, 445, 225, 142, 1, 1, 1
34, 1, 504, 448, 271, 147, 1, 1, 1
35, 1, 499, 445, 278, 136, 1, 1, 1
1, 2, 560, 392, 328, 130, 1, 1, 1
2, 2, 562, 407, 325, 126, 1, 1, 1
3, 2, 566, 411, 327, 127, 1, 1, 1
4, 2, 597, 405, 329, 126, 1, 1, 1
5, 2, 664, 386, 285, 137, 1, 1, 1
6, 2, 680, 384, 270, 141, 1, 1, 1
7, 2, 671, 419, 213, 82, 1, 1, 1
8, 2, 688, 435, 248, 90, 1, 1, 1
9, 2, 688, 455, 265, 113, 1, 1, 1
10, 2, 647, 466, 158, 99, 1, 1, 1
11, 2, 591, 461, 247, 130, 1, 1, 1
12, 2, 456, 427, 256, 139, 1, 1, 1
13, 2, 396, 406, 223, 137, 1, 1, 1
14, 2, 350, 409, 226, 128, 1, 1, 1
15, 2, 313, 414, 229, 126, 1, 1, 1
16, 2, 295, 416, 226, 129, 1, 1, 1
17, 2, 285, 421, 225, 130, 1, 1, 1
18, 2, 310, 431, 223, 127, 1, 1, 1
19, 2, 346, 400, 227, 126, 1, 1, 1
20, 2, 399, 362, 223, 125, 1, 1, 1
21, 2, 432, 342, 228, 124, 1, 1, 1
22, 2, 437, 328, 229, 125, 1, 1, 1
23, 2, 437, 322, 228, 126, 1, 1, 1
24, 2, 436, 314, 230, 126, 1, 1, 1
25, 2, 433, 310, 230, 127, 1, 1, 1
26, 2, 433, 316, 228, 127, 1, 1, 1
27, 2, 434, 321, 226, 127, 1, 1, 1
28, 2, 438, 337, 227, 129, 1, 1, 1
29, 2, 432, 365, 219, 110, 1, 1, 1
30, 2, 504, 391, 190, 116, 1, 1, 1
31, 2, 457, 409, 234, 120, 1, 1, 1
32, 2, 477, 430, 211, 151, 1, 1, 1
33, 2, 465, 442, 241, 150, 1, 1, 1
34, 2, 504, 448, 223, 147, 1, 1, 1
35, 2, 495, 456, 252, 134, 1, 1, 1
