31, 1, 1641, 284, 279, 775, 1, 1, 1
32, 1, 1634, 284, 286, 758, 1, 1, 1
33, 1, 1627, 282, 293, 753, 1, 1, 1
34, 1, 1632, 279, 288, 757, 1, 1, 1
35, 1, 1632, 280, 288, 757, 1, 1, 1
36, 1, 1632, 284, 288, 757, 1, 1, 1
37, 1, 1630, 284, 290, 754, 1, 1, 1
38, 1, 1628, 288, 292, 750, 1, 1, 1
39, 1, 1626, 284, 294, 743, 1, 1, 1
40, 1, 1621, 284, 299, 741, 1, 1, 1
41, 1, 1617, 284, 303, 738, 1, 1, 1
42, 1, 1605, 281, 315, 737, 1, 1, 1
43, 1, 1604, 284, 316, 739, 1, 1, 1
44, 1, 1615, 284, 305, 735, 1, 1, 1
45, 1, 1631, 295, 289, 716, 1, 1, 1
46, 1, 1632, 300, 288, 703, 1, 1, 1
47, 1, 1632, 299, 288, 701, 1, 1, 1
48, 1, 1632, 276, 288, 711, 1, 1, 1
49, 1, 1649, 257, 271, 720, 1, 1, 1
50, 1, 1679, 246, 241, 731, 1, 1, 1
51, 1, 1684, 248, 236, 731, 1, 1, 1
52, 1, 1684, 254, 236, 730, 1, 1, 1
53, 1, 1681, 258, 239, 729, 1, 1, 1
54, 1, 1681, 256, 239, 730, 1, 1, 1
55, 1, 1680, 259, 240, 729, 1, 1, 1
56, 1, 1681, 261, 239, 728, 1, 1, 1
57, 1, 1679, 260, 241, 727, 1, 1, 1
58, 1, 1680, 253, 240, 731, 1, 1, 1
59, 1, 1675, 250, 245, 728, 1, 1, 1
60, 1, 1673, 245, 247, 729, 1, 1, 1
61, 1, 1671, 244, 249, 727, 1, 1, 1
62, 1, 1671, 236, 249, 730, 1, 1, 1
63, 1, 1668, 233, 252, 732, 1, 1, 1
64, 1, 1668, 230, 252, 732, 1, 1, 1
65, 1, 1666, 229, 254, 730, 1, 1, 1
66, 1, 1665, 230, 255, 732, 1, 1, 1
67, 1, 1664, 236, 256, 732, 1, 1, 1
68, 1, 1663, 242, 257, 728, 1, 1, 1
69, 1, 1660, 243, 260, 725, 1, 1, 1
70, 1, 1660, 247, 260, 723, 1, 1, 1
71, 1, 1659, 250, 261, 722, 1, 1, 1
72, 1, 1657, 243, 263, 725, 1, 1, 1
73, 1, 1657, 242, 263, 723, 1, 1, 1
74, 1, 1659, 243, 261, 719, 1, 1, 1
75, 1, 1663, 242, 257, 720, 1, 1, 1
76, 1, 1662, 239, 258, 720, 1, 1, 1
77, 1, 1661, 237, 259, 723, 1, 1, 1
78, 1, 1662, 241, 258, 723, 1, 1, 1
79, 1, 1661, 243, 259, 726, 1, 1, 1
80, 1, 1659, 251, 261, 718, 1, 1, 1
81, 1, 1658, 249, 262, 721, 1, 1, 1
82, 1, 1658, 249, 262, 720, 1, 1, 1
83, 1, 1657, 248, 263, 722, 1, 1, 1
84, 1, 1658, 246, 262, 722, 1, 1, 1
85, 1, 1657, 245, 263, 722, 1, 1, 1
86, 1, 1657, 240, 263, 722, 1, 1, 1
87, 1, 1657, 244, 263, 719, 1, 1, 1
88, 1, 1656, 243, 264, 722, 1, 1, 1
89, 1, 1651, 243, 269, 721, 1, 1, 1
90, 1, 1653, 246, 267, 721, 1, 1, 1
91, 1, 1647, 248, 273, 721, 1, 1, 1
92, 1, 1645, 248, 275, 720, 1, 1, 1
93, 1, 1646, 244, 274, 723, 1, 1, 1
94, 1, 1643, 248, 277, 721, 1, 1, 1
95, 1, 1642, 248, 278, 721, 1, 1, 1
96, 1, 1641, 251, 279, 718, 1, 1, 1
97, 1, 1638, 255, 282, 717, 1, 1, 1
98, 1, 1636, 266, 284, 716, 1, 1, 1
99, 1, 1639, 280, 281, 720, 1, 1, 1
100, 1, 1641, 286, 279, 728, 1, 1, 1
101, 1, 1639, 289, 281, 726, 1, 1, 1
102, 1, 1637, 295, 283, 721, 1, 1, 1
103, 1, 1638, 299, 282, 721, 1, 1, 1
104, 1, 1637, 302, 283, 723, 1, 1, 1
105, 1, 1635, 304, 285, 722, 1, 1, 1
106, 1, 1633, 305, 287, 722, 1, 1, 1
107, 1, 1631, 303, 289, 722, 1, 1, 1
108, 1, 1627, 303, 293, 725, 1, 1, 1
109, 1, 1622, 304, 298, 726, 1, 1, 1
110, 1, 1621, 301, 282, 726, 1, 1, 1
111, 1, 1619, 300, 278, 731, 1, 1, 1
112, 1, 1618, 298, 281, 732, 1, 1, 1
113, 1, 1617, 303, 283, 727, 1, 1, 1
114, 1, 1619, 303, 281, 720, 1, 1, 1
115, 1, 1617, 303, 280, 710, 1, 1, 1
116, 1, 1614, 308, 284, 706, 1, 1, 1
117, 1, 1610, 301, 288, 712, 1, 1, 1
118, 1, 1603, 294, 296, 718, 1, 1, 1
119, 1, 1592, 288, 315, 715, 1, 1, 1
120, 1, 1562, 285, 343, 714, 1, 1, 1
121, 1, 1552, 290, 342, 708, 1, 1, 1
122, 1, 1557, 292, 338, 706, 1, 1, 1
123, 1, 1553, 304, 335, 700, 1, 1, 1
124, 1, 1544, 312, 337, 688, 1, 1, 1
125, 1, 1536, 314, 338, 685, 1, 1, 1
126, 1, 1534, 309, 325, 689, 1, 1, 1
127, 1, 1534, 296, 324, 696, 1, 1, 1
128, 1, 1520, 295, 304, 698, 1, 1, 1
129, 1, 1514, 296, 291, 697, 1, 1, 1
130, 1, 1511, 290, 284, 700, 1, 1, 1
131, 1, 1507, 291, 286, 702, 1, 1, 1
132, 1, 1490, 300, 292, 703, 1, 1, 1
133, 1, 1475, 311, 299, 700, 1, 1, 1
134, 1, 1466, 309, 308, 706, 1, 1, 1
135, 1, 1456, 319, 311, 706, 1, 1, 1
136, 1, 1453, 328, 307, 700, 1, 1, 1
137, 1, 1446, 353, 299, 699, 1, 1, 1
138, 1, 1449, 365, 292, 693, 1, 1, 1
139, 1, 1464, 374, 262, 687, 1, 1, 1
140, 1, 1527, 375, 197, 686, 1, 1, 1
141, 1, 1523, 374, 317, 687, 1, 1, 1
142, 1, 1520, 367, 392, 688, 1, 1, 1
143, 1, 1517, 352, 383, 689, 1, 1, 1
