1, 1, 258, 184, 1104, 895, 1, 1, 1
2, 1, 224, 187, 1088, 893, 1, 1, 1
3, 1, 344, 190, 919, 888, 1, 1, 1
4, 1, 329, 193, 934, 887, 1, 1, 1
5, 1, 243, 200, 1052, 879, 1, 1, 1
6, 1, 168, 206, 1171, 874, 1, 1, 1
7, 1, 120, 199, 1315, 881, 1, 1, 1
8, 1, 107, 138, 1300, 939, 1, 1, 1
9, 1, 235, 102, 1073, 978, 1, 1, 1
10, 1, 366, 143, 1090, 937, 1, 1, 1
11, 1, 342, 131, 1112, 948, 1, 1, 1
12, 1, 311, 128, 1122, 951, 1, 1, 1
13, 1, 307, 129, 1097, 951, 1, 1, 1
14, 1, 410, 129, 997, 951, 1, 1, 1
15, 1, 231, 129, 1193, 951, 1, 1, 1
16, 1, 251, 40, 1175, 1039, 1, 1, 1
17, 1, 433, 1, 961, 1079, 1, 1, 1
18, 1, 428, 0, 922, 1080, 1, 1, 1
19, 1, 425, 0, 877, 1080, 1, 1, 1
20, 1, 423, 65, 829, 1015, 1, 1, 1
21, 1, 397, 245, 854, 835, 1, 1, 1
22, 1, 294, 263, 963, 817, 1, 1, 1
40, 1, 303, 182, 1149, 881, 1, 1, 1
41, 1, 342, 152, 1095, 888, 1, 1, 1
42, 1, 402, 139, 1083, 892, 1, 1, 1
43, 1, 482, 128, 1067, 922, 1, 1, 1
44, 1, 557, 124, 1071, 953, 1, 1, 1
45, 1, 590, 129, 966, 950, 1, 1, 1
46, 1, 619, 137, 1039, 942, 1, 1, 1
47, 1, 682, 148, 992, 932, 1, 1, 1
48, 1, 789, 162, 882, 918, 1, 1, 1
49, 1, 813, 164, 912, 916, 1, 1, 1
50, 1, 842, 165, 883, 913, 1, 1, 1
51, 1, 873, 161, 818, 919, 1, 1, 1
52, 1, 859, 150, 810, 930, 1, 1, 1
53, 1, 845, 144, 769, 936, 1, 1, 1
54, 1, 836, 140, 772, 939, 1, 1, 1
55, 1, 867, 140, 783, 940, 1, 1, 1
56, 1, 849, 139, 867, 941, 1, 1, 1
57, 1, 830, 140, 918, 875, 1, 1, 1
58, 1, 869, 13, 693, 1055, 1, 1, 1
59, 1, 895, 70, 674, 1010, 1, 1, 1
60, 1, 883, 0, 690, 1080, 1, 1, 1
61, 1, 918, 0, 656, 1068, 1, 1, 1
62, 1, 991, 34, 634, 1045, 1, 1, 1
63, 1, 888, 200, 785, 879, 1, 1, 1
99, 1, 357, 18, 1149, 959, 1, 1, 1
100, 1, 242, 3, 1136, 1015, 1, 1, 1
101, 1, 168, 2, 1196, 1054, 1, 1, 1
102, 1, 85, 0, 1270, 1080, 1, 1, 1
103, 1, 15, 1, 1331, 1078, 1, 1, 1
99, 9, 500, 171, 611, 774, 1, 1, 1
100, 9, 429, 167, 633, 752, 1, 1, 1
101, 9, 475, 135, 687, 752, 1, 1, 1
102, 9, 506, 129, 690, 730, 1, 1, 1
103, 9, 507, 122, 989, 610, 1, 1, 1
104, 9, 506, 122, 1025, 577, 1, 1, 1
105, 9, 519, 124, 1051, 495, 1, 1, 1
106, 9, 539, 123, 1083, 493, 1, 1, 1
107, 9, 851, 128, 792, 415, 1, 1, 1
108, 9, 1094, 138, 570, 435, 1, 1, 1
109, 9, 1084, 146, 601, 454, 1, 1, 1
110, 9, 830, 151, 869, 477, 1, 1, 1
111, 9, 834, 161, 861, 514, 1, 1, 1
112, 9, 939, 163, 756, 556, 1, 1, 1
113, 9, 723, 163, 975, 587, 1, 1, 1
114, 9, 838, 159, 874, 645, 1, 1, 1
115, 9, 787, 155, 950, 462, 1, 1, 1
116, 9, 811, 154, 940, 504, 1, 1, 1
117, 9, 834, 157, 931, 545, 1, 1, 1
118, 9, 850, 153, 928, 552, 1, 1, 1
