1, 1, 7, 300, 494, 539, 1, 1, 1
2, 1, 68, 286, 425, 554, 1, 1, 1
3, 1, 62, 313, 420, 538, 1, 1, 1
4, 1, 57, 279, 433, 561, 1, 1, 1
5, 1, 53, 292, 429, 533, 1, 1, 1
6, 1, 47, 292, 441, 526, 1, 1, 1
7, 1, 45, 292, 439, 476, 1, 1, 1
8, 1, 71, 236, 391, 510, 1, 1, 1
9, 1, 78, 245, 390, 503, 1, 1, 1
10, 1, 72, 253, 404, 501, 1, 1, 1
11, 1, 65, 294, 421, 473, 1, 1, 1
12, 1, 65, 307, 447, 441, 1, 1, 1
13, 1, 67, 369, 446, 396, 1, 1, 1
14, 1, 75, 383, 418, 362, 1, 1, 1
15, 1, 123, 378, 358, 361, 1, 1, 1
16, 1, 0, 379, 514, 361, 1, 1, 1
17, 1, 0, 389, 526, 269, 1, 1, 1
18, 1, 0, 392, 527, 267, 1, 1, 1
19, 1, 0, 387, 538, 353, 1, 1, 1
20, 1, 0, 379, 545, 305, 1, 1, 1
21, 1, 84, 377, 443, 307, 1, 1, 1
22, 1, 129, 360, 417, 319, 1, 1, 1
23, 1, 135, 333, 410, 349, 1, 1, 1
24, 1, 118, 345, 408, 340, 1, 1, 1
25, 1, 125, 240, 399, 452, 1, 1, 1
26, 1, 159, 201, 365, 463, 1, 1, 1
27, 1, 135, 185, 390, 478, 1, 1, 1
28, 1, 129, 189, 396, 472, 1, 1, 1
29, 1, 184, 173, 340, 490, 1, 1, 1
30, 1, 113, 165, 433, 497, 1, 1, 1
31, 1, 29, 154, 558, 508, 1, 1, 1
32, 1, 68, 153, 575, 512, 1, 1, 1
33, 1, 49, 144, 601, 517, 1, 1, 1
34, 1, 64, 170, 582, 492, 1, 1, 1
35, 1, 110, 146, 514, 514, 1, 1, 1
36, 1, 114, 138, 561, 514, 1, 1, 1
37, 1, 170, 121, 525, 470, 1, 1, 1
38, 1, 183, 149, 515, 535, 1, 1, 1
39, 1, 185, 172, 482, 519, 1, 1, 1
40, 1, 296, 220, 376, 469, 1, 1, 1
41, 1, 275, 236, 371, 455, 1, 1, 1
42, 1, 175, 245, 462, 430, 1, 1, 1
43, 1, 184, 254, 442, 405, 1, 1, 1
44, 1, 182, 274, 439, 385, 1, 1, 1
45, 1, 178, 348, 449, 310, 1, 1, 1
46, 1, 172, 370, 462, 290, 1, 1, 1
47, 1, 164, 350, 470, 310, 1, 1, 1
48, 1, 162, 300, 503, 390, 1, 1, 1
49, 1, 308, 237, 348, 452, 1, 1, 1
50, 1, 160, 194, 482, 498, 1, 1, 1
51, 1, 157, 138, 473, 525, 1, 1, 1
52, 1, 143, 108, 476, 489, 1, 1, 1
53, 1, 171, 105, 448, 584, 1, 1, 1
54, 1, 276, 74, 329, 616, 1, 1, 1
55, 1, 253, 107, 342, 582, 1, 1, 1
56, 1, 244, 119, 344, 574, 1, 1, 1
57, 1, 243, 141, 353, 549, 1, 1, 1
58, 1, 244, 160, 355, 532, 1, 1, 1
59, 1, 261, 157, 343, 533, 1, 1, 1
60, 1, 176, 198, 433, 493, 1, 1, 1
61, 1, 202, 203, 410, 488, 1, 1, 1
62, 1, 220, 214, 413, 478, 1, 1, 1
63, 1, 235, 209, 391, 484, 1, 1, 1
64, 1, 238, 212, 391, 480, 1, 1, 1
65, 1, 232, 201, 445, 489, 1, 1, 1
66, 1, 241, 207, 482, 483, 1, 1, 1
67, 1, 222, 269, 452, 421, 1, 1, 1
68, 1, 254, 279, 455, 412, 1, 1, 1
69, 1, 256, 301, 448, 387, 1, 1, 1
70, 1, 122, 345, 566, 343, 1, 1, 1
71, 1, 180, 333, 514, 353, 1, 1, 1
72, 1, 212, 331, 473, 372, 1, 1, 1
73, 1, 243, 308, 427, 397, 1, 1, 1
74, 1, 245, 308, 406, 395, 1, 1, 1
75, 1, 263, 333, 414, 374, 1, 1, 1
76, 1, 264, 328, 427, 377, 1, 1, 1
77, 1, 292, 346, 394, 351, 1, 1, 1
78, 1, 303, 303, 363, 424, 1, 1, 1
79, 1, 287, 287, 376, 437, 1, 1, 1
80, 1, 303, 280, 374, 442, 1, 1, 1
81, 1, 313, 280, 398, 437, 1, 1, 1
82, 1, 306, 278, 407, 442, 1, 1, 1
83, 1, 306, 293, 399, 428, 1, 1, 1
84, 1, 310, 303, 415, 417, 1, 1, 1
85, 1, 313, 292, 435, 424, 1, 1, 1
86, 1, 301, 297, 461, 408, 1, 1, 1
87, 1, 296, 268, 443, 448, 1, 1, 1
88, 1, 295, 284, 491, 428, 1, 1, 1
89, 1, 307, 271, 467, 445, 1, 1, 1
90, 1, 302, 205, 465, 518, 1, 1, 1
91, 1, 298, 188, 483, 524, 1, 1, 1
92, 1, 299, 192, 484, 526, 1, 1, 1
93, 1, 304, 210, 479, 504, 1, 1, 1
94, 1, 301, 227, 461, 452, 1, 1, 1
95, 1, 295, 288, 442, 419, 1, 1, 1
96, 1, 293, 299, 432, 399, 1, 1, 1
97, 1, 297, 297, 426, 406, 1, 1, 1
98, 1, 310, 259, 427, 437, 1, 1, 1
99, 1, 318, 259, 420, 425, 1, 1, 1
100, 1, 328, 271, 394, 423, 1, 1, 1
101, 1, 330, 279, 371, 441, 1, 1, 1
102, 1, 328, 270, 335, 453, 1, 1, 1
103, 1, 367, 287, 273, 434, 1, 1, 1
104, 1, 363, 294, 272, 428, 1, 1, 1
105, 1, 367, 264, 265, 456, 1, 1, 1
106, 1, 370, 287, 249, 438, 1, 1, 1
107, 1, 406, 255, 210, 463, 1, 1, 1
108, 1, 463, 187, 165, 531, 1, 1, 1
109, 1, 488, 159, 130, 379, 1, 1, 1
110, 1, 529, 157, 143, 394, 1, 1, 1
111, 1, 527, 230, 146, 326, 1, 1, 1
112, 1, 515, 202, 169, 352, 1, 1, 1
113, 1, 497, 160, 194, 419, 1, 1, 1
114, 1, 462, 155, 235, 555, 1, 1, 1
115, 1, 420, 146, 344, 567, 1, 1, 1
116, 1, 372, 121, 404, 587, 1, 1, 1
117, 1, 364, 128, 430, 505, 1, 1, 1
118, 1, 316, 167, 500, 460, 1, 1, 1
119, 1, 281, 217, 515, 474, 1, 1, 1
120, 1, 199, 248, 579, 467, 1, 1, 1
121, 1, 141, 267, 566, 437, 1, 1, 1
122, 1, 61, 275, 657, 481, 1, 1, 1
123, 1, 28, 297, 717, 482, 1, 1, 1
124, 1, 4, 314, 742, 488, 1, 1, 1
125, 1, 9, 310, 684, 488, 1, 1, 1
126, 1, 9, 296, 598, 516, 1, 1, 1
127, 1, 10, 299, 487, 606, 1, 1, 1
128, 1, 0, 309, 444, 591, 1, 1, 1
129, 1, 0, 297, 399, 522, 1, 1, 1
130, 1, 0, 308, 501, 610, 1, 1, 1
131, 1, 76, 311, 461, 603, 1, 1, 1
132, 1, 73, 323, 541, 581, 1, 1, 1
133, 1, 68, 329, 599, 574, 1, 1, 1
134, 1, 37, 345, 595, 562, 1, 1, 1
135, 1, 4, 345, 622, 566, 1, 1, 1
136, 1, 0, 344, 629, 569, 1, 1, 1
137, 1, 0, 356, 660, 559, 1, 1, 1
138, 1, 0, 365, 601, 553, 1, 1, 1
139, 1, 0, 370, 578, 544, 1, 1, 1
140, 1, 0, 352, 572, 565, 1, 1, 1
141, 1, 0, 313, 524, 606, 1, 1, 1
142, 1, 0, 303, 578, 616, 1, 1, 1
143, 1, 0, 302, 622, 616, 1, 1, 1
144, 1, 0, 312, 624, 608, 1, 1, 1
145, 1, 0, 354, 653, 446, 1, 1, 1
146, 1, 0, 441, 601, 367, 1, 1, 1
147, 1, 0, 443, 605, 367, 1, 1, 1
148, 1, 0, 444, 603, 364, 1, 1, 1
149, 1, 0, 443, 604, 367, 1, 1, 1
150, 1, 0, 445, 601, 359, 1, 1, 1
151, 1, 0, 442, 598, 363, 1, 1, 1
152, 1, 0, 443, 584, 368, 1, 1, 1
153, 1, 0, 343, 656, 467, 1, 1, 1
154, 1, 0, 288, 665, 522, 1, 1, 1
155, 1, 0, 313, 665, 503, 1, 1, 1
156, 1, 0, 326, 656, 514, 1, 1, 1
157, 1, 0, 353, 718, 441, 1, 1, 1
158, 1, 0, 268, 734, 499, 1, 1, 1
159, 1, 0, 231, 669, 543, 1, 1, 1
160, 1, 0, 214, 647, 561, 1, 1, 1
161, 1, 0, 215, 646, 583, 1, 1, 1
162, 1, 0, 228, 652, 588, 1, 1, 1
163, 1, 0, 288, 681, 527, 1, 1, 1
164, 1, 0, 248, 642, 560, 1, 1, 1
165, 1, 0, 238, 642, 557, 1, 1, 1
166, 1, 0, 243, 640, 554, 1, 1, 1
167, 1, 0, 280, 630, 511, 1, 1, 1
168, 1, 0, 289, 634, 495, 1, 1, 1
169, 1, 0, 222, 636, 526, 1, 1, 1
170, 1, 0, 227, 638, 518, 1, 1, 1
171, 1, 0, 230, 642, 499, 1, 1, 1
172, 1, 0, 201, 657, 527, 1, 1, 1
173, 1, 133, 171, 589, 554, 1, 1, 1
174, 1, 153, 153, 613, 528, 1, 1, 1
175, 1, 278, 88, 532, 553, 1, 1, 1
176, 1, 512, 97, 358, 481, 1, 1, 1
177, 1, 558, 152, 375, 365, 1, 1, 1
178, 1, 638, 130, 253, 339, 1, 1, 1
179, 1, 814, 121, 168, 274, 1, 1, 1
181, 1, 648, 98, 240, 357, 1, 1, 1
182, 1, 601, 101, 315, 366, 1, 1, 1
183, 1, 563, 82, 326, 323, 1, 1, 1
184, 1, 483, 73, 347, 382, 1, 1, 1
186, 1, 711, 171, 110, 101, 1, 1, 1
187, 1, 246, 70, 534, 333, 1, 1, 1
188, 1, 257, 70, 463, 372, 1, 1, 1
189, 1, 246, 69, 449, 368, 1, 1, 1
190, 1, 297, 64, 376, 314, 1, 1, 1
191, 1, 267, 24, 371, 327, 1, 1, 1
192, 1, 236, 16, 315, 296, 1, 1, 1
193, 1, 233, 14, 329, 306, 1, 1, 1
194, 1, 234, 15, 338, 319, 1, 1, 1
195, 1, 250, 23, 305, 301, 1, 1, 1
196, 1, 260, 16, 269, 264, 1, 1, 1
197, 1, 287, 15, 117, 177, 1, 1, 1
198, 1, 352, 40, 132, 167, 1, 1, 1
199, 1, 401, 34, 205, 209, 1, 1, 1
200, 1, 248, 30, 433, 263, 1, 1, 1
201, 1, 316, 48, 407, 244, 1, 1, 1
202, 1, 529, 60, 203, 297, 1, 1, 1
203, 1, 566, 145, 165, 211, 1, 1, 1
204, 1, 576, 47, 324, 244, 1, 1, 1
205, 1, 842, 46, 138, 262, 1, 1, 1
206, 1, 850, 39, 166, 261, 1, 1, 1
207, 1, 877, 129, 139, 149, 1, 1, 1
208, 1, 934, 156, 81, 46, 1, 1, 1
221, 1, 1695, 42, 142, 89, 1, 1, 1
222, 1, 1693, 46, 180, 94, 1, 1, 1
223, 1, 1700, 36, 205, 112, 1, 1, 1
224, 1, 1756, 24, 164, 123, 1, 1, 1
225, 1, 1822, 78, 98, 72, 1, 1, 1
226, 1, 1840, 82, 80, 70, 1, 1, 1
1, 3, 951, 264, 293, 387, 1, 1, 1
2, 3, 955, 246, 273, 365, 1, 1, 1
3, 3, 948, 236, 312, 377, 1, 1, 1
4, 3, 952, 168, 359, 443, 1, 1, 1
5, 3, 949, 161, 390, 452, 1, 1, 1
6, 3, 947, 129, 424, 483, 1, 1, 1
7, 3, 904, 125, 484, 487, 1, 1, 1
8, 3, 879, 121, 544, 492, 1, 1, 1
9, 3, 882, 123, 553, 490, 1, 1, 1
10, 3, 862, 126, 603, 486, 1, 1, 1
11, 3, 851, 124, 629, 488, 1, 1, 1
12, 3, 845, 124, 637, 488, 1, 1, 1
13, 3, 902, 145, 586, 466, 1, 1, 1
14, 3, 858, 124, 591, 488, 1, 1, 1
15, 3, 850, 118, 617, 495, 1, 1, 1
16, 3, 856, 121, 602, 494, 1, 1, 1
17, 3, 857, 130, 573, 454, 1, 1, 1
18, 3, 842, 103, 520, 490, 1, 1, 1
19, 3, 805, 91, 509, 493, 1, 1, 1
20, 3, 812, 145, 501, 443, 1, 1, 1
21, 3, 827, 126, 480, 454, 1, 1, 1
22, 3, 833, 118, 461, 461, 1, 1, 1
23, 3, 843, 109, 440, 475, 1, 1, 1
24, 3, 845, 105, 442, 477, 1, 1, 1
25, 3, 813, 145, 461, 440, 1, 1, 1
26, 3, 813, 153, 472, 426, 1, 1, 1
27, 3, 852, 137, 448, 442, 1, 1, 1
28, 3, 853, 136, 434, 443, 1, 1, 1
29, 3, 849, 144, 430, 441, 1, 1, 1
30, 3, 847, 140, 431, 439, 1, 1, 1
31, 3, 860, 135, 406, 443, 1, 1, 1
32, 3, 860, 118, 417, 463, 1, 1, 1
33, 3, 861, 111, 389, 468, 1, 1, 1
34, 3, 883, 112, 334, 468, 1, 1, 1
35, 3, 886, 113, 225, 467, 1, 1, 1
36, 3, 860, 112, 218, 420, 1, 1, 1
37, 3, 846, 116, 290, 394, 1, 1, 1
38, 3, 826, 116, 243, 358, 1, 1, 1
39, 3, 767, 118, 266, 325, 1, 1, 1
40, 3, 726, 109, 350, 333, 1, 1, 1
41, 3, 714, 82, 244, 327, 1, 1, 1
42, 3, 686, 69, 179, 337, 1, 1, 1
43, 3, 662, 55, 184, 301, 1, 1, 1
44, 3, 664, 56, 214, 297, 1, 1, 1
45, 3, 677, 55, 173, 275, 1, 1, 1
46, 3, 618, 64, 252, 259, 1, 1, 1
47, 3, 576, 76, 325, 237, 1, 1, 1
48, 3, 558, 96, 355, 236, 1, 1, 1
49, 3, 528, 113, 412, 215, 1, 1, 1
50, 3, 530, 122, 420, 207, 1, 1, 1
51, 3, 542, 133, 420, 195, 1, 1, 1
52, 3, 573, 130, 392, 183, 1, 1, 1
53, 3, 576, 120, 385, 240, 1, 1, 1
54, 3, 574, 119, 394, 256, 1, 1, 1
55, 3, 581, 105, 376, 264, 1, 1, 1
56, 3, 591, 94, 370, 283, 1, 1, 1
57, 3, 596, 95, 357, 245, 1, 1, 1
58, 3, 601, 93, 363, 247, 1, 1, 1
59, 3, 602, 82, 365, 257, 1, 1, 1
60, 3, 601, 87, 355, 251, 1, 1, 1
61, 3, 606, 87, 326, 229, 1, 1, 1
62, 3, 606, 92, 325, 223, 1, 1, 1
63, 3, 603, 91, 331, 225, 1, 1, 1
64, 3, 602, 93, 332, 188, 1, 1, 1
65, 3, 600, 95, 348, 219, 1, 1, 1
66, 3, 606, 91, 345, 161, 1, 1, 1
67, 3, 599, 95, 346, 201, 1, 1, 1
68, 3, 599, 88, 349, 245, 1, 1, 1
69, 3, 603, 85, 344, 230, 1, 1, 1
70, 3, 598, 93, 338, 267, 1, 1, 1
71, 3, 601, 85, 331, 269, 1, 1, 1
72, 3, 600, 86, 325, 278, 1, 1, 1
73, 3, 596, 85, 331, 243, 1, 1, 1
74, 3, 592, 87, 355, 228, 1, 1, 1
75, 3, 592, 90, 374, 226, 1, 1, 1
76, 3, 590, 95, 365, 221, 1, 1, 1
77, 3, 589, 93, 358, 222, 1, 1, 1
78, 3, 590, 83, 379, 232, 1, 1, 1
79, 3, 586, 100, 328, 153, 1, 1, 1
80, 3, 595, 99, 312, 172, 1, 1, 1
81, 3, 600, 104, 307, 205, 1, 1, 1
82, 3, 596, 99, 311, 173, 1, 1, 1
83, 3, 601, 93, 306, 172, 1, 1, 1
84, 3, 596, 79, 315, 183, 1, 1, 1
85, 3, 598, 74, 311, 266, 1, 1, 1
86, 3, 601, 71, 309, 252, 1, 1, 1
87, 3, 595, 74, 313, 248, 1, 1, 1
88, 3, 598, 102, 308, 220, 1, 1, 1
89, 3, 589, 109, 341, 163, 1, 1, 1
90, 3, 593, 106, 352, 208, 1, 1, 1
91, 3, 601, 82, 351, 224, 1, 1, 1
92, 3, 594, 87, 356, 241, 1, 1, 1
93, 3, 594, 87, 352, 252, 1, 1, 1
94, 3, 596, 78, 320, 235, 1, 1, 1
95, 3, 618, 63, 297, 204, 1, 1, 1
96, 3, 666, 55, 246, 206, 1, 1, 1
97, 3, 668, 69, 213, 190, 1, 1, 1
98, 3, 712, 126, 167, 130, 1, 1, 1
99, 3, 680, 66, 197, 206, 1, 1, 1
100, 3, 707, 108, 162, 133, 1, 1, 1
101, 3, 811, 123, 59, 123, 1, 1, 1
102, 3, 753, 106, 111, 144, 1, 1, 1
103, 3, 720, 73, 173, 180, 1, 1, 1
104, 3, 782, 123, 173, 126, 1, 1, 1
105, 3, 735, 124, 232, 124, 1, 1, 1
106, 3, 729, 134, 232, 114, 1, 1, 1
107, 3, 597, 94, 336, 199, 1, 1, 1
108, 3, 598, 98, 262, 204, 1, 1, 1
109, 3, 745, 133, 145, 185, 1, 1, 1
110, 3, 636, 87, 279, 169, 1, 1, 1
111, 3, 785, 136, 101, 111, 1, 1, 1
112, 3, 796, 114, 138, 135, 1, 1, 1
113, 3, 818, 130, 126, 111, 1, 1, 1
114, 3, 677, 95, 339, 139, 1, 1, 1
115, 3, 652, 68, 335, 184, 1, 1, 1
116, 3, 590, 17, 367, 255, 1, 1, 1
117, 3, 635, 13, 321, 268, 1, 1, 1
118, 3, 690, 40, 253, 235, 1, 1, 1
119, 3, 713, 46, 185, 220, 1, 1, 1
120, 3, 714, 37, 179, 229, 1, 1, 1
121, 3, 732, 26, 163, 248, 1, 1, 1
122, 3, 769, 25, 163, 254, 1, 1, 1
123, 3, 799, 44, 190, 210, 1, 1, 1
124, 3, 776, 61, 215, 193, 1, 1, 1
125, 3, 824, 56, 178, 195, 1, 1, 1
126, 3, 863, 57, 153, 193, 1, 1, 1
127, 3, 839, 128, 174, 123, 1, 1, 1
128, 3, 887, 127, 127, 126, 1, 1, 1
129, 3, 958, 138, 56, 69, 1, 1, 1
130, 3, 942, 138, 72, 59, 1, 1, 1
131, 3, 943, 129, 70, 55, 1, 1, 1
134, 3, 1244, 87, 45, 49, 1, 1, 1
135, 3, 1260, 68, 53, 63, 1, 1, 1
136, 3, 1336, 84, 44, 35, 1, 1, 1
137, 3, 1359, 87, 59, 29, 1, 1, 1
147, 3, 1682, 48, 148, 85, 1, 1, 1
148, 3, 1692, 36, 156, 102, 1, 1, 1
149, 3, 1709, 36, 182, 107, 1, 1, 1
150, 3, 1766, 43, 154, 106, 1, 1, 1
151, 3, 1751, 97, 43, 31, 1, 1, 1
1, 9, 784, 228, 218, 211, 1, 1, 1
2, 9, 778, 230, 224, 207, 1, 1, 1
3, 9, 778, 231, 220, 205, 1, 1, 1
4, 9, 820, 228, 171, 211, 1, 1, 1
5, 9, 827, 228, 163, 212, 1, 1, 1
6, 9, 827, 233, 152, 206, 1, 1, 1
7, 9, 828, 234, 146, 202, 1, 1, 1
8, 9, 828, 234, 144, 203, 1, 1, 1
9, 9, 829, 218, 141, 220, 1, 1, 1
10, 9, 828, 196, 124, 244, 1, 1, 1
11, 9, 824, 182, 123, 255, 1, 1, 1
12, 9, 821, 176, 121, 263, 1, 1, 1
13, 9, 824, 172, 126, 268, 1, 1, 1
14, 9, 810, 175, 119, 264, 1, 1, 1
15, 9, 812, 173, 228, 267, 1, 1, 1
16, 9, 811, 178, 227, 262, 1, 1, 1
17, 9, 853, 209, 255, 136, 1, 1, 1
18, 9, 927, 201, 228, 133, 1, 1, 1
19, 9, 1057, 201, 159, 176, 1, 1, 1
20, 9, 1141, 104, 359, 198, 1, 1, 1
21, 9, 1353, 70, 376, 153, 1, 1, 1
22, 9, 1465, 47, 343, 234, 1, 1, 1
23, 9, 1550, 37, 325, 262, 1, 1, 1
24, 9, 1641, 83, 279, 223, 1, 1, 1
25, 9, 1741, 90, 179, 225, 1, 1, 1
26, 9, 1826, 102, 94, 210, 1, 1, 1
27, 9, 1869, 73, 51, 143, 1, 1, 1
28, 9, 1875, 65, 45, 69, 1, 1, 1
