5, 7, 1604, 225, 73, 240, 1, 1, 1
6, 7, 1596, 225, 78, 240, 1, 1, 1
7, 7, 1580, 230, 92, 237, 1, 1, 1
8, 7, 1569, 231, 102, 234, 1, 1, 1
9, 7, 1545, 236, 124, 229, 1, 1, 1
10, 7, 1531, 237, 138, 229, 1, 1, 1
11, 7, 1512, 237, 203, 230, 1, 1, 1
12, 7, 1498, 241, 201, 224, 1, 1, 1
13, 7, 1486, 241, 177, 224, 1, 1, 1
14, 7, 1472, 241, 166, 223, 1, 1, 1
15, 7, 1464, 240, 170, 226, 1, 1, 1
16, 7, 1453, 245, 173, 218, 1, 1, 1
17, 7, 1444, 248, 175, 221, 1, 1, 1
18, 7, 1432, 247, 185, 222, 1, 1, 1
19, 7, 1427, 246, 187, 227, 1, 1, 1
20, 7, 1420, 246, 190, 228, 1, 1, 1
21, 7, 1408, 248, 196, 224, 1, 1, 1
22, 7, 1405, 251, 180, 224, 1, 1, 1
23, 7, 1392, 256, 178, 218, 1, 1, 1
24, 7, 1387, 253, 182, 220, 1, 1, 1
25, 7, 1376, 249, 184, 225, 1, 1, 1
26, 7, 1362, 250, 151, 225, 1, 1, 1
27, 7, 1352, 254, 184, 221, 1, 1, 1
28, 7, 1346, 255, 168, 218, 1, 1, 1
29, 7, 1346, 253, 156, 219, 1, 1, 1
30, 7, 1342, 251, 145, 224, 1, 1, 1
31, 7, 1341, 253, 133, 222, 1, 1, 1
32, 7, 1339, 258, 169, 217, 1, 1, 1
33, 7, 1332, 264, 175, 210, 1, 1, 1
34, 7, 1325, 265, 138, 211, 1, 1, 1
35, 7, 1319, 264, 138, 212, 1, 1, 1
