1, 1, 334, 189, 342, 217, 1, 1, 1
2, 1, 353, 140, 359, 124, 1, 1, 1
3, 1, 346, 187, 379, 81, 1, 1, 1
4, 1, 349, 161, 402, 143, 1, 1, 1
5, 1, 351, 52, 416, 248, 1, 1, 1
6, 1, 351, 189, 442, 161, 1, 1, 1
7, 1, 331, 127, 463, 197, 1, 1, 1
8, 1, 324, 212, 483, 292, 1, 1, 1
9, 1, 299, 5, 509, 339, 1, 1, 1
10, 1, 304, 231, 533, 255, 1, 1, 1
11, 1, 311, 0, 547, 379, 1, 1, 1
12, 1, 323, 247, 567, 383, 1, 1, 1
13, 1, 318, 3, 579, 389, 1, 1, 1
14, 1, 323, 239, 586, 391, 1, 1, 1
15, 1, 315, 21, 592, 343, 1, 1, 1
16, 1, 302, 208, 600, 422, 1, 1, 1
17, 1, 313, 121, 600, 238, 1, 1, 1
18, 1, 333, 252, 596, 378, 1, 1, 1
19, 1, 375, 188, 593, 260, 1, 1, 1
