18, 3, 439, 140, 209, 188, 1, 1, 1
19, 3, 430, 143, 200, 192, 1, 1, 1
20, 3, 420, 149, 213, 191, 1, 1, 1
21, 3, 412, 150, 215, 191, 1, 1, 1
22, 3, 401, 156, 199, 188, 1, 1, 1
23, 3, 388, 161, 217, 185, 1, 1, 1
24, 3, 375, 158, 223, 184, 1, 1, 1
25, 3, 350, 154, 181, 192, 1, 1, 1
26, 3, 333, 164, 190, 181, 1, 1, 1
27, 3, 314, 169, 183, 178, 1, 1, 1
28, 3, 295, 172, 184, 177, 1, 1, 1
29, 3, 274, 180, 179, 154, 1, 1, 1
30, 3, 244, 182, 218, 170, 1, 1, 1
31, 3, 217, 177, 210, 172, 1, 1, 1
32, 3, 191, 175, 194, 149, 1, 1, 1
33, 3, 170, 172, 202, 168, 1, 1, 1
34, 3, 153, 165, 201, 175, 1, 1, 1
35, 3, 131, 169, 213, 174, 1, 1, 1
36, 3, 105, 170, 223, 176, 1, 1, 1
37, 3, 91, 173, 229, 172, 1, 1, 1
38, 3, 78, 173, 227, 174, 1, 1, 1
39, 3, 61, 174, 241, 176, 1, 1, 1
40, 3, 51, 179, 233, 177, 1, 1, 1
41, 3, 39, 185, 224, 170, 1, 1, 1
42, 3, 23, 186, 229, 169, 1, 1, 1
43, 3, 10, 181, 228, 174, 1, 1, 1
44, 3, 5, 173, 215, 181, 1, 1, 1
45, 3, 5, 165, 194, 188, 1, 1, 1
46, 3, 7, 160, 182, 190, 1, 1, 1
47, 3, 13, 154, 182, 196, 1, 1, 1
48, 3, 15, 154, 174, 194, 1, 1, 1
49, 3, 12, 158, 161, 196, 1, 1, 1
50, 3, 12, 160, 149, 199, 1, 1, 1
51, 3, 8, 162, 148, 196, 1, 1, 1
52, 3, 3, 160, 150, 197, 1, 1, 1
53, 3, 4, 160, 150, 198, 1, 1, 1
54, 3, 4, 163, 154, 198, 1, 1, 1
55, 3, 7, 162, 148, 198, 1, 1, 1
56, 3, 9, 163, 149, 199, 1, 1, 1
57, 3, 10, 164, 150, 201, 1, 1, 1
58, 3, 10, 171, 148, 197, 1, 1, 1
59, 3, 7, 171, 145, 197, 1, 1, 1
60, 3, 4, 176, 147, 192, 1, 1, 1
61, 3, 2, 184, 140, 188, 1, 1, 1
