35, 7, 708, 207, 57, 103, 1, 1, 1
36, 7, 708, 200, 68, 112, 1, 1, 1
37, 7, 728, 170, 57, 122, 1, 1, 1
38, 7, 715, 161, 73, 125, 1, 1, 1
39, 7, 731, 159, 57, 122, 1, 1, 1
40, 7, 728, 161, 60, 120, 1, 1, 1
41, 7, 734, 160, 62, 125, 1, 1, 1
42, 7, 735, 156, 61, 128, 1, 1, 1
43, 7, 734, 154, 64, 125, 1, 1, 1
44, 7, 745, 147, 55, 135, 1, 1, 1
45, 7, 735, 146, 68, 135, 1, 1, 1
46, 7, 747, 150, 66, 131, 1, 1, 1
47, 7, 748, 142, 63, 138, 1, 1, 1
48, 7, 747, 133, 69, 141, 1, 1, 1
49, 7, 747, 129, 84, 131, 1, 1, 1
50, 7, 751, 130, 82, 95, 1, 1, 1
51, 7, 755, 130, 85, 123, 1, 1, 1
52, 7, 752, 131, 87, 128, 1, 1, 1
53, 7, 760, 129, 80, 121, 1, 1, 1
54, 7, 753, 126, 87, 107, 1, 1, 1
1, 9, 390, 221, 64, 78, 1, 1, 1
2, 9, 382, 193, 73, 112, 1, 1, 1
3, 9, 374, 190, 59, 90, 1, 1, 1
4, 9, 372, 188, 56, 86, 1, 1, 1
5, 9, 373, 187, 54, 84, 1, 1, 1
6, 9, 373, 183, 61, 91, 1, 1, 1
7, 9, 373, 182, 60, 94, 1, 1, 1
8, 9, 371, 172, 54, 92, 1, 1, 1
9, 9, 376, 185, 62, 102, 1, 1, 1
10, 9, 372, 176, 43, 85, 1, 1, 1
11, 9, 374, 178, 48, 82, 1, 1, 1
12, 9, 383, 188, 45, 91, 1, 1, 1
13, 9, 368, 197, 30, 46, 1, 1, 1
14, 9, 372, 99, 30, 108, 1, 1, 1
15, 9, 359, 95, 63, 86, 1, 1, 1
16, 9, 367, 93, 37, 45, 1, 1, 1
17, 9, 368, 94, 47, 41, 1, 1, 1
18, 9, 360, 84, 53, 66, 1, 1, 1
19, 9, 360, 79, 47, 100, 1, 1, 1
20, 9, 363, 78, 57, 129, 1, 1, 1
21, 9, 363, 76, 54, 131, 1, 1, 1
22, 9, 364, 75, 55, 130, 1, 1, 1
23, 9, 366, 75, 54, 132, 1, 1, 1
24, 9, 364, 74, 55, 132, 1, 1, 1
25, 9, 363, 72, 56, 132, 1, 1, 1
26, 9, 362, 70, 55, 135, 1, 1, 1
27, 9, 362, 69, 56, 131, 1, 1, 1
28, 9, 361, 69, 51, 137, 1, 1, 1
29, 9, 361, 78, 63, 126, 1, 1, 1
30, 9, 371, 78, 71, 123, 1, 1, 1
31, 9, 379, 83, 63, 120, 1, 1, 1
32, 9, 379, 82, 72, 124, 1, 1, 1
33, 9, 396, 79, 67, 83, 1, 1, 1
34, 9, 399, 71, 82, 90, 1, 1, 1
35, 9, 397, 76, 90, 68, 1, 1, 1
36, 9, 386, 76, 104, 123, 1, 1, 1
37, 9, 414, 78, 78, 88, 1, 1, 1
38, 9, 410, 75, 96, 104, 1, 1, 1
39, 9, 398, 73, 115, 125, 1, 1, 1
40, 9, 393, 78, 131, 96, 1, 1, 1
41, 9, 379, 79, 144, 116, 1, 1, 1
42, 9, 380, 80, 147, 118, 1, 1, 1
43, 9, 381, 79, 145, 118, 1, 1, 1
44, 9, 401, 75, 114, 123, 1, 1, 1
45, 9, 427, 66, 79, 92, 1, 1, 1
46, 9, 440, 66, 61, 98, 1, 1, 1
47, 9, 439, 67, 61, 88, 1, 1, 1
48, 9, 445, 63, 55, 74, 1, 1, 1
49, 9, 446, 70, 73, 70, 1, 1, 1
50, 9, 447, 76, 75, 58, 1, 1, 1
51, 9, 449, 75, 74, 36, 1, 1, 1
52, 9, 437, 71, 87, 60, 1, 1, 1
53, 9, 417, 66, 105, 125, 1, 1, 1
54, 9, 420, 64, 97, 131, 1, 1, 1
55, 9, 425, 62, 92, 125, 1, 1, 1
56, 9, 447, 61, 71, 103, 1, 1, 1
57, 9, 419, 61, 102, 140, 1, 1, 1
58, 9, 444, 65, 83, 81, 1, 1, 1
59, 9, 444, 68, 86, 85, 1, 1, 1
60, 9, 442, 77, 83, 73, 1, 1, 1
61, 9, 440, 77, 85, 76, 1, 1, 1
62, 9, 408, 77, 114, 120, 1, 1, 1
63, 9, 392, 80, 123, 110, 1, 1, 1
1, 1, 330, 192, 111, 135, 1, 1, 1
2, 1, 331, 180, 105, 150, 1, 1, 1
3, 1, 326, 201, 107, 127, 1, 1, 1
4, 1, 333, 197, 103, 131, 1, 1, 1
5, 1, 335, 197, 101, 131, 1, 1, 1
6, 1, 334, 198, 100, 127, 1, 1, 1
7, 1, 332, 198, 101, 131, 1, 1, 1
8, 1, 332, 205, 99, 124, 1, 1, 1
9, 1, 335, 206, 91, 121, 1, 1, 1
10, 1, 333, 206, 95, 124, 1, 1, 1
11, 1, 332, 208, 94, 121, 1, 1, 1
12, 1, 334, 225, 97, 105, 1, 1, 1
13, 1, 335, 228, 85, 104, 1, 1, 1
14, 1, 336, 231, 88, 101, 1, 1, 1
15, 1, 336, 222, 93, 109, 1, 1, 1
16, 1, 338, 226, 89, 105, 1, 1, 1
17, 1, 340, 231, 84, 98, 1, 1, 1
18, 1, 336, 226, 78, 105, 1, 1, 1
19, 1, 339, 224, 86, 104, 1, 1, 1
20, 1, 340, 202, 76, 88, 1, 1, 1
21, 1, 341, 217, 67, 128, 1, 1, 1
22, 1, 339, 234, 68, 103, 1, 1, 1
23, 1, 342, 234, 60, 78, 1, 1, 1
24, 1, 344, 220, 62, 139, 1, 1, 1
25, 1, 340, 214, 66, 142, 1, 1, 1
26, 1, 342, 212, 65, 148, 1, 1, 1
27, 1, 341, 206, 66, 147, 1, 1, 1
28, 1, 341, 226, 98, 136, 1, 1, 1
29, 1, 339, 227, 98, 135, 1, 1, 1
30, 1, 338, 224, 107, 136, 1, 1, 1
31, 1, 338, 213, 94, 150, 1, 1, 1
32, 1, 339, 219, 97, 119, 1, 1, 1
33, 1, 357, 216, 86, 125, 1, 1, 1
34, 1, 345, 220, 104, 155, 1, 1, 1
35, 1, 324, 217, 126, 165, 1, 1, 1
36, 1, 329, 217, 118, 166, 1, 1, 1
37, 1, 327, 194, 126, 187, 1, 1, 1
38, 1, 359, 165, 109, 190, 1, 1, 1
39, 1, 358, 164, 112, 196, 1, 1, 1
40, 1, 353, 161, 117, 195, 1, 1, 1
41, 1, 376, 158, 105, 172, 1, 1, 1
42, 1, 422, 168, 100, 170, 1, 1, 1
43, 1, 427, 159, 79, 177, 1, 1, 1
44, 1, 429, 153, 76, 184, 1, 1, 1
45, 1, 429, 130, 77, 206, 1, 1, 1
46, 1, 429, 125, 87, 212, 1, 1, 1
47, 1, 444, 111, 79, 221, 1, 1, 1
48, 1, 438, 106, 91, 194, 1, 1, 1
49, 1, 444, 105, 97, 190, 1, 1, 1
50, 1, 443, 104, 97, 189, 1, 1, 1
51, 1, 429, 89, 130, 193, 1, 1, 1
52, 1, 414, 73, 149, 189, 1, 1, 1
53, 1, 413, 81, 158, 183, 1, 1, 1
54, 1, 409, 80, 167, 177, 1, 1, 1
55, 1, 403, 83, 177, 154, 1, 1, 1
56, 1, 418, 84, 165, 156, 1, 1, 1
57, 1, 478, 82, 104, 180, 1, 1, 1
58, 1, 481, 79, 104, 198, 1, 1, 1
59, 1, 490, 70, 109, 195, 1, 1, 1
60, 1, 480, 71, 118, 193, 1, 1, 1
61, 1, 468, 73, 151, 189, 1, 1, 1
62, 1, 464, 66, 143, 190, 1, 1, 1
63, 1, 464, 71, 150, 185, 1, 1, 1
