22, 15, 498, 0, 74, 312, 1, 1, 1
23, 15, 476, 0, 94, 313, 1, 1, 1
24, 15, 457, 0, 114, 321, 1, 1, 1
25, 15, 437, 0, 134, 325, 1, 1, 1
26, 15, 414, 0, 158, 325, 1, 1, 1
27, 15, 392, 3, 178, 321, 1, 1, 1
28, 15, 360, 0, 211, 325, 1, 1, 1
29, 15, 338, 0, 233, 325, 1, 1, 1
30, 15, 316, 0, 235, 324, 1, 1, 1
31, 15, 298, 0, 273, 324, 1, 1, 1
32, 15, 287, 0, 282, 326, 1, 1, 1
33, 15, 269, 0, 288, 325, 1, 1, 1
34, 15, 246, 0, 311, 325, 1, 1, 1
35, 15, 236, 0, 304, 324, 1, 1, 1
36, 15, 233, 0, 296, 325, 1, 1, 1
37, 15, 229, 0, 281, 324, 1, 1, 1
38, 15, 219, 1, 274, 323, 1, 1, 1
39, 15, 206, 0, 270, 324, 1, 1, 1
40, 15, 189, 0, 273, 324, 1, 1, 1
41, 15, 178, 0, 272, 324, 1, 1, 1
42, 15, 168, 0, 267, 325, 1, 1, 1
43, 15, 158, 0, 264, 325, 1, 1, 1
44, 15, 147, 0, 259, 325, 1, 1, 1
45, 15, 137, 0, 255, 324, 1, 1, 1
46, 15, 115, 0, 266, 327, 1, 1, 1
47, 15, 81, 0, 277, 324, 1, 1, 1
48, 15, 49, 0, 285, 324, 1, 1, 1
49, 15, 14, 0, 300, 324, 1, 1, 1
50, 15, 1, 0, 296, 323, 1, 1, 1
