12, 1, 12, 0, 360, 360, 1, 1, 1
13, 1, 18, 84, 411, 276, 1, 1, 1
14, 1, 27, 197, 443, 163, 1, 1, 1
15, 1, 33, 215, 249, 145, 1, 1, 1
16, 1, 33, 229, 240, 131, 1, 1, 1
17, 1, 35, 231, 240, 129, 1, 1, 1
18, 1, 40, 215, 248, 145, 1, 1, 1
19, 2, 229, 142, 411, 218, 1, 1, 1
20, 2, 236, 183, 404, 177, 1, 1, 1
21, 2, 258, 162, 340, 198, 1, 1, 1
22, 2, 262, 150, 258, 210, 1, 1, 1
23, 2, 274, 149, 270, 211, 1, 1, 1
24, 2, 295, 141, 272, 218, 1, 1, 1
25, 2, 281, 129, 300, 231, 1, 1, 1
26, 2, 276, 125, 307, 235, 1, 1, 1
27, 2, 271, 121, 312, 239, 1, 1, 1
28, 2, 269, 120, 314, 240, 1, 1, 1
29, 2, 267, 117, 315, 243, 1, 1, 1
30, 2, 263, 116, 318, 244, 1, 1, 1
31, 2, 266, 115, 316, 245, 1, 1, 1
32, 2, 239, 112, 343, 248, 1, 1, 1
33, 2, 205, 112, 377, 248, 1, 1, 1
34, 2, 205, 111, 376, 249, 1, 1, 1
35, 2, 193, 111, 388, 249, 1, 1, 1
36, 2, 203, 111, 378, 249, 1, 1, 1
37, 2, 200, 109, 381, 251, 1, 1, 1
38, 2, 198, 109, 381, 251, 1, 1, 1
