11, 6, 1119, 480, 403, 253, 1, 1, 1
12, 6, 1177, 487, 328, 230, 1, 1, 1
13, 6, 1199, 522, 309, 210, 1, 1, 1
14, 6, 1239, 502, 261, 186, 1, 1, 1
15, 6, 1208, 466, 262, 219, 1, 1, 1
16, 6, 1167, 449, 246, 230, 1, 1, 1
17, 6, 1128, 465, 234, 198, 1, 1, 1
18, 6, 1121, 470, 210, 188, 1, 1, 1
19, 6, 1136, 438, 178, 214, 1, 1, 1
20, 6, 1173, 402, 148, 255, 1, 1, 1
21, 6, 1183, 392, 146, 231, 1, 1, 1
1, 2, 13, 559, 147, 140, 1, 1, 1
2, 2, 119, 511, 256, 130, 1, 1, 1
3, 2, 239, 492, 201, 155, 1, 1, 1
4, 2, 378, 487, 180, 263, 1, 1, 1
5, 2, 485, 486, 194, 264, 1, 1, 1
6, 2, 591, 490, 174, 263, 1, 1, 1
7, 2, 670, 479, 173, 266, 1, 1, 1
8, 2, 747, 468, 186, 289, 1, 1, 1
9, 2, 834, 488, 198, 229, 1, 1, 1
10, 2, 915, 485, 194, 246, 1, 1, 1
11, 2, 954, 483, 207, 222, 1, 1, 1
12, 2, 968, 507, 210, 120, 1, 1, 1
