1, 1, 656, 331, 722, 740, 1, 1, 1
2, 1, 655, 353, 727, 727, 1, 1, 1
3, 1, 670, 354, 738, 726, 1, 1, 1
4, 1, 705, 339, 732, 741, 1, 1, 1
5, 1, 739, 351, 738, 728, 1, 1, 1
6, 1, 752, 357, 739, 723, 1, 1, 1
7, 1, 764, 281, 682, 799, 1, 1, 1
8, 1, 745, 284, 711, 796, 1, 1, 1
9, 1, 740, 272, 691, 808, 1, 1, 1
10, 1, 727, 262, 719, 818, 1, 1, 1
11, 1, 711, 272, 696, 808, 1, 1, 1
12, 1, 680, 285, 592, 795, 1, 1, 1
13, 1, 673, 183, 518, 897, 1, 1, 1
14, 1, 674, 128, 503, 897, 1, 1, 1
15, 1, 678, 54, 509, 949, 1, 1, 1
16, 1, 691, 0, 599, 981, 1, 1, 1
17, 1, 704, 0, 577, 957, 1, 1, 1
18, 1, 692, 0, 573, 941, 1, 1, 1
19, 1, 682, 1, 571, 930, 1, 1, 1
20, 1, 667, 0, 585, 924, 1, 1, 1
21, 1, 662, 0, 586, 918, 1, 1, 1
22, 1, 657, 0, 619, 913, 1, 1, 1
23, 1, 650, 0, 622, 920, 1, 1, 1
24, 1, 649, 1, 668, 921, 1, 1, 1
25, 1, 638, 0, 685, 945, 1, 1, 1
26, 1, 617, 0, 667, 933, 1, 1, 1
27, 1, 607, 24, 692, 916, 1, 1, 1
28, 1, 597, 51, 680, 895, 1, 1, 1
29, 1, 587, 41, 551, 912, 1, 1, 1
30, 1, 587, 106, 442, 846, 1, 1, 1
31, 1, 523, 296, 483, 663, 1, 1, 1
53, 1, 0, 252, 741, 810, 1, 1, 1
54, 1, 0, 196, 732, 871, 1, 1, 1
55, 1, 0, 117, 730, 944, 1, 1, 1
56, 1, 0, 74, 697, 976, 1, 1, 1
57, 1, 0, 41, 606, 914, 1, 1, 1
58, 1, 0, 354, 543, 486, 1, 1, 1
59, 1, 0, 379, 498, 439, 1, 1, 1
60, 1, 0, 410, 447, 382, 1, 1, 1
61, 1, 0, 197, 445, 524, 1, 1, 1
62, 1, 2, 16, 397, 613, 1, 1, 1
63, 1, 1, 0, 290, 487, 1, 1, 1
64, 1, 0, 0, 237, 465, 1, 1, 1
65, 1, 0, 0, 247, 420, 1, 1, 1
66, 1, 0, 0, 287, 640, 1, 1, 1
67, 1, 1, 6, 238, 548, 1, 1, 1
64, 3, 41, 16, 766, 749, 1, 1, 1
65, 3, 26, 0, 793, 790, 1, 1, 1
66, 3, 0, 42, 847, 832, 1, 1, 1
67, 3, 2, 105, 865, 883, 1, 1, 1
