15, 5, 0, 230, 375, 490, 1, 1, 1
16, 5, 176, 224, 546, 496, 1, 1, 1
17, 5, 607, 186, 378, 534, 1, 1, 1
18, 5, 729, 218, 391, 444, 1, 1, 1
16, 6, 0, 373, 193, 273, 1, 1, 1
17, 6, 0, 319, 246, 400, 1, 1, 1
18, 6, 0, 290, 341, 430, 1, 1, 1
19, 6, 0, 276, 290, 442, 1, 1, 1
20, 6, 0, 236, 265, 450, 1, 1, 1
21, 6, 0, 226, 280, 414, 1, 1, 1
22, 6, 0, 236, 314, 456, 1, 1, 1
23, 6, 0, 253, 344, 394, 1, 1, 1
24, 6, 0, 239, 326, 407, 1, 1, 1
25, 6, 0, 206, 335, 406, 1, 1, 1
26, 6, 0, 286, 376, 314, 1, 1, 1
27, 6, 0, 343, 325, 228, 1, 1, 1
