23, 2, 864, 174, 210, 126, 1, 1, 1
24, 2, 869, 185, 173, 124, 1, 1, 1
25, 2, 879, 192, 150, 120, 1, 1, 1
26, 2, 888, 181, 143, 126, 1, 1, 1
27, 2, 893, 181, 103, 135, 1, 1, 1
28, 2, 902, 176, 119, 141, 1, 1, 1
29, 2, 908, 186, 87, 125, 1, 1, 1
30, 2, 920, 169, 86, 138, 1, 1, 1
31, 2, 916, 170, 106, 133, 1, 1, 1
32, 2, 866, 181, 169, 135, 1, 1, 1
33, 2, 886, 205, 147, 119, 1, 1, 1
34, 2, 805, 196, 204, 132, 1, 1, 1
35, 2, 850, 172, 136, 149, 1, 1, 1
36, 2, 816, 182, 166, 135, 1, 1, 1
37, 2, 872, 169, 71, 131, 1, 1, 1
