52, 1, 1684, 254, 236, 730, 1, 1, 1
53, 1, 1681, 258, 239, 729, 1, 1, 1
54, 1, 1681, 256, 239, 730, 1, 1, 1
55, 1, 1680, 259, 240, 729, 1, 1, 1
68, 1, 1663, 242, 257, 728, 1, 1, 1
69, 1, 1660, 243, 260, 725, 1, 1, 1
70, 1, 1660, 247, 260, 723, 1, 1, 1
71, 1, 1659, 250, 261, 722, 1, 1, 1
72, 1, 1657, 243, 263, 725, 1, 1, 1
73, 1, 1657, 242, 263, 723, 1, 1, 1
74, 1, 1659, 243, 261, 719, 1, 1, 1
75, 1, 1663, 242, 257, 720, 1, 1, 1
76, 1, 1662, 239, 258, 720, 1, 1, 1
77, 1, 1661, 237, 259, 723, 1, 1, 1
78, 1, 1662, 241, 258, 723, 1, 1, 1
79, 1, 1661, 243, 259, 726, 1, 1, 1
80, 1, 1659, 251, 261, 718, 1, 1, 1
81, 1, 1658, 249, 262, 721, 1, 1, 1
82, 1, 1658, 249, 262, 720, 1, 1, 1
83, 1, 1657, 248, 263, 722, 1, 1, 1
84, 1, 1658, 246, 262, 722, 1, 1, 1
85, 1, 1657, 245, 263, 722, 1, 1, 1
86, 1, 1657, 240, 263, 722, 1, 1, 1
87, 1, 1657, 244, 263, 719, 1, 1, 1
88, 1, 1656, 243, 264, 722, 1, 1, 1
89, 1, 1651, 243, 269, 721, 1, 1, 1
90, 1, 1653, 246, 267, 721, 1, 1, 1
91, 1, 1647, 248, 273, 721, 1, 1, 1
92, 1, 1645, 248, 275, 720, 1, 1, 1
93, 1, 1646, 244, 274, 723, 1, 1, 1
94, 1, 1643, 248, 277, 721, 1, 1, 1
95, 1, 1642, 248, 278, 721, 1, 1, 1
96, 1, 1641, 251, 279, 718, 1, 1, 1
97, 1, 1638, 255, 282, 717, 1, 1, 1
98, 1, 1636, 266, 284, 716, 1, 1, 1
