24, 12, 1885, 378, 35, 53, 1, 1, 1
25, 12, 1624, 377, 296, 196, 1, 1, 1
26, 12, 1470, 357, 300, 202, 1, 1, 1
27, 12, 1300, 362, 333, 194, 1, 1, 1
28, 12, 1182, 345, 316, 185, 1, 1, 1
29, 12, 1064, 349, 311, 184, 1, 1, 1
30, 12, 1038, 338, 308, 178, 1, 1, 1
31, 12, 1012, 339, 299, 178, 1, 1, 1
32, 12, 1005, 312, 270, 173, 1, 1, 1
33, 12, 927, 320, 292, 173, 1, 1, 1
34, 12, 819, 313, 298, 161, 1, 1, 1
35, 12, 646, 316, 281, 160, 1, 1, 1
36, 12, 519, 298, 234, 152, 1, 1, 1
37, 12, 377, 305, 274, 158, 1, 1, 1
38, 12, 286, 297, 253, 131, 1, 1, 1
39, 12, 177, 299, 279, 146, 1, 1, 1
40, 12, 73, 283, 261, 147, 1, 1, 1
41, 12, 0, 287, 265, 140, 1, 1, 1
42, 12, 0, 292, 177, 125, 1, 1, 1
43, 12, 0, 297, 157, 109, 1, 1, 1
44, 12, 0, 282, 168, 111, 1, 1, 1
45, 12, 0, 275, 197, 111, 1, 1, 1
46, 12, 3, 264, 214, 108, 1, 1, 1
47, 12, 35, 260, 212, 110, 1, 1, 1
48, 12, 63, 265, 209, 100, 1, 1, 1
49, 12, 83, 259, 199, 109, 1, 1, 1
50, 12, 93, 252, 190, 108, 1, 1, 1
23, 8, 1816, 348, 104, 177, 1, 1, 1
24, 8, 1672, 330, 227, 171, 1, 1, 1
25, 8, 1470, 343, 249, 167, 1, 1, 1
26, 8, 1378, 335, 141, 153, 1, 1, 1
27, 8, 1279, 339, 229, 170, 1, 1, 1
28, 8, 1239, 331, 152, 162, 1, 1, 1
29, 8, 1173, 345, 192, 148, 1, 1, 1
30, 8, 1185, 327, 200, 155, 1, 1, 1
31, 8, 1227, 318, 211, 157, 1, 1, 1
32, 8, 1261, 321, 218, 146, 1, 1, 1
33, 8, 1244, 313, 211, 148, 1, 1, 1
34, 8, 1166, 315, 197, 137, 1, 1, 1
35, 8, 1047, 300, 209, 149, 1, 1, 1
36, 8, 937, 308, 167, 132, 1, 1, 1
37, 8, 853, 306, 135, 133, 1, 1, 1
38, 8, 778, 312, 84, 120, 1, 1, 1
39, 8, 729, 326, 105, 92, 1, 1, 1
40, 8, 649, 319, 106, 99, 1, 1, 1
41, 8, 588, 314, 133, 113, 1, 1, 1
42, 8, 530, 291, 149, 123, 1, 1, 1
43, 8, 532, 289, 123, 115, 1, 1, 1
44, 8, 543, 289, 175, 113, 1, 1, 1
45, 8, 576, 281, 99, 99, 1, 1, 1
46, 8, 594, 288, 79, 88, 1, 1, 1
47, 8, 630, 281, 78, 89, 1, 1, 1
48, 8, 641, 281, 91, 86, 1, 1, 1
49, 8, 658, 285, 175, 90, 1, 1, 1
50, 8, 676, 332, 129, 40, 1, 1, 1
26, 17, 1743, 367, 177, 147, 1, 1, 1
27, 17, 1639, 367, 225, 152, 1, 1, 1
28, 17, 1541, 353, 211, 148, 1, 1, 1
29, 17, 1462, 355, 228, 154, 1, 1, 1
30, 17, 1466, 346, 210, 141, 1, 1, 1
31, 17, 1482, 346, 219, 145, 1, 1, 1
32, 17, 1503, 330, 151, 148, 1, 1, 1
33, 17, 1451, 329, 129, 145, 1, 1, 1
34, 17, 1365, 327, 77, 123, 1, 1, 1
35, 17, 1230, 330, 68, 128, 1, 1, 1
36, 17, 1096, 323, 193, 134, 1, 1, 1
37, 17, 1008, 339, 197, 113, 1, 1, 1
38, 17, 933, 318, 202, 114, 1, 1, 1
39, 17, 832, 325, 198, 121, 1, 1, 1
40, 17, 749, 320, 194, 112, 1, 1, 1
41, 17, 661, 316, 211, 109, 1, 1, 1
42, 17, 614, 305, 197, 115, 1, 1, 1
43, 17, 588, 303, 209, 105, 1, 1, 1
44, 17, 601, 293, 197, 106, 1, 1, 1
45, 17, 611, 292, 192, 107, 1, 1, 1
46, 17, 636, 289, 181, 108, 1, 1, 1
47, 17, 651, 291, 186, 97, 1, 1, 1
48, 17, 660, 287, 184, 102, 1, 1, 1
49, 17, 657, 285, 153, 88, 1, 1, 1
50, 17, 651, 278, 172, 99, 1, 1, 1
28, 18, 1850, 369, 70, 151, 1, 1, 1
29, 18, 1720, 364, 200, 183, 1, 1, 1
30, 18, 1675, 360, 245, 178, 1, 1, 1
31, 18, 1649, 352, 269, 169, 1, 1, 1
32, 18, 1622, 346, 268, 167, 1, 1, 1
33, 18, 1529, 349, 276, 166, 1, 1, 1
34, 18, 1389, 340, 255, 173, 1, 1, 1
35, 18, 1244, 334, 232, 155, 1, 1, 1
36, 18, 1080, 335, 227, 153, 1, 1, 1
37, 18, 931, 323, 266, 150, 1, 1, 1
38, 18, 810, 326, 236, 147, 1, 1, 1
39, 18, 711, 313, 236, 144, 1, 1, 1
40, 18, 586, 306, 238, 144, 1, 1, 1
41, 18, 493, 298, 226, 137, 1, 1, 1
42, 18, 413, 300, 228, 134, 1, 1, 1
43, 18, 385, 295, 226, 131, 1, 1, 1
44, 18, 373, 295, 216, 122, 1, 1, 1
45, 18, 377, 282, 198, 126, 1, 1, 1
46, 18, 381, 282, 205, 115, 1, 1, 1
47, 18, 393, 279, 208, 118, 1, 1, 1
48, 18, 394, 277, 201, 102, 1, 1, 1
49, 18, 391, 273, 178, 110, 1, 1, 1
50, 18, 375, 272, 186, 101, 1, 1, 1
38, 20, 1869, 370, 51, 58, 1, 1, 1
39, 20, 1704, 373, 216, 151, 1, 1, 1
40, 20, 1527, 354, 290, 142, 1, 1, 1
41, 20, 1398, 356, 273, 147, 1, 1, 1
42, 20, 1270, 334, 263, 149, 1, 1, 1
43, 20, 1197, 331, 253, 145, 1, 1, 1
44, 20, 1144, 323, 261, 137, 1, 1, 1
45, 20, 1109, 317, 242, 137, 1, 1, 1
46, 20, 1072, 311, 245, 132, 1, 1, 1
47, 20, 1046, 314, 239, 119, 1, 1, 1
48, 20, 1007, 314, 235, 116, 1, 1, 1
49, 20, 970, 308, 219, 111, 1, 1, 1
50, 20, 916, 306, 220, 113, 1, 1, 1
