28, 9, 1074, 290, 471, 338, 1, 1, 1
29, 9, 1072, 288, 470, 348, 1, 1, 1
30, 9, 1065, 289, 430, 344, 1, 1, 1
31, 9, 1056, 288, 434, 344, 1, 1, 1
32, 9, 1043, 287, 436, 349, 1, 1, 1
33, 9, 1028, 284, 424, 346, 1, 1, 1
34, 9, 1010, 284, 430, 345, 1, 1, 1
35, 9, 988, 285, 453, 346, 1, 1, 1
36, 9, 965, 288, 464, 345, 1, 1, 1
37, 9, 937, 286, 476, 345, 1, 1, 1
38, 9, 908, 290, 482, 372, 1, 1, 1
39, 9, 876, 296, 489, 362, 1, 1, 1
40, 9, 855, 304, 406, 354, 1, 1, 1
41, 9, 840, 309, 422, 350, 1, 1, 1
42, 9, 826, 307, 433, 346, 1, 1, 1
43, 9, 814, 307, 448, 349, 1, 1, 1
44, 9, 800, 306, 458, 347, 1, 1, 1
45, 9, 787, 307, 472, 332, 1, 1, 1
46, 9, 772, 306, 467, 351, 1, 1, 1
47, 9, 750, 307, 501, 341, 1, 1, 1
48, 9, 732, 305, 479, 337, 1, 1, 1
49, 9, 709, 310, 464, 336, 1, 1, 1
50, 9, 680, 309, 462, 336, 1, 1, 1
51, 9, 653, 309, 481, 335, 1, 1, 1
52, 9, 623, 311, 459, 333, 1, 1, 1
53, 9, 609, 311, 452, 334, 1, 1, 1
54, 9, 597, 310, 455, 333, 1, 1, 1
55, 9, 588, 305, 456, 335, 1, 1, 1
56, 9, 581, 304, 462, 338, 1, 1, 1
57, 9, 579, 303, 460, 339, 1, 1, 1
58, 9, 576, 306, 454, 338, 1, 1, 1
59, 9, 571, 308, 473, 335, 1, 1, 1
60, 9, 568, 307, 452, 339, 1, 1, 1
61, 9, 563, 307, 451, 340, 1, 1, 1
62, 9, 556, 309, 472, 333, 1, 1, 1
63, 9, 548, 313, 420, 311, 1, 1, 1
64, 9, 549, 315, 382, 330, 1, 1, 1
65, 9, 543, 311, 379, 338, 1, 1, 1
66, 9, 542, 311, 345, 299, 1, 1, 1
67, 9, 538, 311, 312, 298, 1, 1, 1
68, 9, 534, 311, 219, 297, 1, 1, 1
69, 9, 529, 312, 312, 292, 1, 1, 1
70, 9, 518, 356, 218, 245, 1, 1, 1
71, 9, 509, 354, 438, 245, 1, 1, 1
72, 9, 500, 304, 431, 291, 1, 1, 1
73, 9, 499, 300, 414, 291, 1, 1, 1
74, 9, 498, 382, 403, 221, 1, 1, 1
75, 9, 450, 294, 250, 290, 1, 1, 1
76, 9, 437, 347, 271, 233, 1, 1, 1
77, 9, 433, 322, 285, 265, 1, 1, 1
78, 9, 430, 326, 304, 280, 1, 1, 1
79, 9, 430, 374, 329, 231, 1, 1, 1
80, 9, 371, 335, 403, 266, 1, 1, 1
81, 9, 352, 409, 399, 190, 1, 1, 1
82, 9, 335, 346, 392, 250, 1, 1, 1
83, 9, 325, 352, 385, 241, 1, 1, 1
84, 9, 318, 322, 379, 268, 1, 1, 1
85, 9, 313, 287, 375, 301, 1, 1, 1
86, 9, 311, 287, 372, 298, 1, 1, 1
87, 9, 310, 288, 374, 296, 1, 1, 1
88, 9, 307, 344, 379, 239, 1, 1, 1
89, 9, 303, 316, 390, 266, 1, 1, 1
