33, 2, 741, 0, 643, 870, 1, 1, 1
34, 2, 753, 0, 612, 870, 1, 1, 1
35, 2, 764, 10, 563, 866, 1, 1, 1
36, 2, 736, 90, 614, 794, 1, 1, 1
37, 2, 782, 81, 615, 802, 1, 1, 1
38, 2, 750, 59, 731, 728, 1, 1, 1
39, 2, 773, 90, 698, 699, 1, 1, 1
40, 2, 630, 124, 801, 633, 1, 1, 1
41, 2, 441, 146, 960, 934, 1, 1, 1
42, 2, 321, 156, 1069, 924, 1, 1, 1
43, 2, 300, 170, 1088, 910, 1, 1, 1
44, 2, 314, 173, 1089, 907, 1, 1, 1
45, 2, 353, 169, 1066, 911, 1, 1, 1
46, 2, 441, 154, 999, 926, 1, 1, 1
47, 2, 583, 134, 880, 946, 1, 1, 1
48, 2, 611, 166, 906, 914, 1, 1, 1
49, 2, 749, 152, 800, 804, 1, 1, 1
50, 2, 941, 142, 682, 849, 1, 1, 1
51, 2, 1062, 116, 734, 845, 1, 1, 1
52, 2, 1047, 136, 786, 777, 1, 1, 1
53, 2, 1047, 142, 746, 803, 1, 1, 1
