1, 2, 370, 277, 471, 341, 1, 1, 1
2, 2, 340, 240, 458, 386, 1, 1, 1
3, 2, 329, 224, 449, 428, 1, 1, 1
4, 2, 334, 225, 410, 429, 1, 1, 1
5, 2, 333, 235, 418, 419, 1, 1, 1
6, 2, 341, 251, 353, 403, 1, 1, 1
7, 2, 335, 253, 340, 401, 1, 1, 1
8, 2, 324, 219, 423, 435, 1, 1, 1
9, 2, 351, 184, 413, 470, 1, 1, 1
10, 2, 387, 137, 376, 517, 1, 1, 1
11, 2, 387, 82, 407, 572, 1, 1, 1
12, 2, 344, 70, 442, 584, 1, 1, 1
13, 2, 331, 80, 427, 574, 1, 1, 1
14, 2, 338, 107, 365, 547, 1, 1, 1
15, 2, 360, 140, 340, 514, 1, 1, 1
16, 2, 363, 125, 362, 529, 1, 1, 1
17, 2, 281, 120, 424, 534, 1, 1, 1
18, 2, 247, 121, 395, 533, 1, 1, 1
19, 2, 239, 178, 346, 476, 1, 1, 1
20, 2, 97, 206, 459, 448, 1, 1, 1
21, 2, 52, 260, 463, 394, 1, 1, 1
22, 2, 34, 360, 530, 294, 1, 1, 1
23, 2, 123, 279, 519, 375, 1, 1, 1
24, 2, 246, 131, 466, 494, 1, 1, 1
25, 2, 317, 50, 420, 537, 1, 1, 1
26, 2, 445, 24, 380, 554, 1, 1, 1
27, 2, 438, 4, 472, 574, 1, 1, 1
28, 2, 390, 23, 517, 564, 1, 1, 1
29, 2, 359, 33, 465, 571, 1, 1, 1
30, 2, 348, 55, 425, 568, 1, 1, 1
