10, 2, 402, 590, 1518, 317, 1, 1, 1
11, 2, 381, 590, 1539, 311, 1, 1, 1
12, 2, 375, 596, 1545, 299, 1, 1, 1
13, 2, 370, 600, 1550, 293, 1, 1, 1
14, 2, 351, 597, 1569, 282, 1, 1, 1
15, 2, 340, 610, 1580, 261, 1, 1, 1
16, 2, 330, 615, 1590, 233, 1, 1, 1
17, 2, 326, 606, 1594, 246, 1, 1, 1
18, 2, 329, 608, 1591, 262, 1, 1, 1
19, 2, 273, 620, 1647, 298, 1, 1, 1
20, 2, 153, 645, 1767, 372, 1, 1, 1
21, 2, 13, 669, 1907, 411, 1, 1, 1
22, 2, 0, 702, 1920, 378, 1, 1, 1
23, 2, 0, 722, 1920, 358, 1, 1, 1
24, 2, 0, 755, 1920, 325, 1, 1, 1
25, 2, 0, 911, 1920, 169, 1, 1, 1
26, 2, 0, 962, 1010, 118, 1, 1, 1
27, 2, 743, 1042, 133, 38, 1, 1, 1
