1, 1, 621, 0, 408, 612, 1, 1, 1
2, 1, 631, 0, 411, 572, 1, 1, 1
3, 1, 638, 0, 384, 527, 1, 1, 1
4, 1, 620, 0, 390, 523, 1, 1, 1
5, 1, 632, 0, 379, 516, 1, 1, 1
6, 1, 643, 0, 380, 499, 1, 1, 1
7, 1, 643, 0, 384, 500, 1, 1, 1
8, 1, 655, 0, 358, 498, 1, 1, 1
9, 1, 657, 0, 365, 487, 1, 1, 1
10, 1, 666, 0, 364, 493, 1, 1, 1
11, 1, 676, 0, 364, 497, 1, 1, 1
12, 1, 676, 0, 367, 499, 1, 1, 1
13, 1, 677, 0, 373, 508, 1, 1, 1
14, 1, 680, 0, 365, 522, 1, 1, 1
15, 1, 673, 0, 384, 532, 1, 1, 1
16, 1, 657, 0, 382, 532, 1, 1, 1
17, 1, 646, 0, 377, 540, 1, 1, 1
18, 1, 639, 0, 370, 544, 1, 1, 1
19, 1, 631, 0, 373, 545, 1, 1, 1
20, 1, 625, 0, 374, 538, 1, 1, 1
21, 1, 611, 0, 368, 527, 1, 1, 1
22, 1, 603, 0, 361, 523, 1, 1, 1
23, 1, 591, 0, 364, 517, 1, 1, 1
24, 1, 592, 0, 369, 518, 1, 1, 1
25, 1, 588, 0, 358, 520, 1, 1, 1
26, 1, 586, 0, 356, 527, 1, 1, 1
27, 1, 591, 0, 356, 545, 1, 1, 1
28, 1, 582, 0, 355, 548, 1, 1, 1
29, 1, 566, 0, 349, 551, 1, 1, 1
30, 1, 548, 0, 343, 556, 1, 1, 1
