62, 3, 675, 337, 146, 340, 1, 1, 1
63, 3, 669, 345, 125, 344, 1, 1, 1
64, 3, 654, 382, 130, 347, 1, 1, 1
65, 3, 650, 401, 141, 336, 1, 1, 1
66, 3, 647, 411, 157, 327, 1, 1, 1
67, 3, 654, 414, 152, 332, 1, 1, 1
68, 3, 659, 422, 156, 329, 1, 1, 1
69, 3, 655, 424, 150, 326, 1, 1, 1
70, 3, 643, 437, 148, 312, 1, 1, 1
71, 3, 579, 451, 199, 288, 1, 1, 1
72, 3, 570, 452, 226, 294, 1, 1, 1
73, 3, 586, 448, 214, 293, 1, 1, 1
74, 3, 586, 435, 214, 290, 1, 1, 1
75, 3, 588, 440, 212, 299, 1, 1, 1
76, 3, 584, 449, 211, 302, 1, 1, 1
77, 3, 574, 451, 212, 301, 1, 1, 1
78, 3, 584, 452, 206, 300, 1, 1, 1
79, 3, 587, 457, 208, 298, 1, 1, 1
80, 3, 577, 462, 192, 301, 1, 1, 1
81, 3, 577, 476, 206, 299, 1, 1, 1
82, 3, 593, 491, 196, 292, 1, 1, 1
83, 3, 607, 496, 193, 296, 1, 1, 1
84, 3, 651, 498, 194, 294, 1, 1, 1
85, 3, 696, 466, 183, 301, 1, 1, 1
86, 3, 674, 444, 166, 312, 1, 1, 1
87, 3, 622, 416, 167, 318, 1, 1, 1
88, 3, 606, 451, 168, 333, 1, 1, 1
89, 3, 700, 456, 146, 353, 1, 1, 1
90, 3, 757, 420, 150, 365, 1, 1, 1
91, 3, 764, 370, 162, 372, 1, 1, 1
92, 3, 788, 347, 168, 378, 1, 1, 1
93, 3, 792, 333, 177, 381, 1, 1, 1
94, 3, 779, 325, 186, 396, 1, 1, 1
95, 3, 779, 325, 193, 398, 1, 1, 1
96, 3, 771, 316, 185, 400, 1, 1, 1
97, 3, 821, 316, 171, 405, 1, 1, 1
98, 3, 869, 362, 171, 409, 1, 1, 1
99, 3, 887, 420, 194, 383, 1, 1, 1
100, 3, 876, 400, 192, 397, 1, 1, 1
101, 3, 829, 383, 200, 412, 1, 1, 1
102, 3, 722, 341, 272, 433, 1, 1, 1
103, 3, 655, 319, 291, 444, 1, 1, 1
104, 3, 730, 285, 242, 466, 1, 1, 1
105, 3, 770, 302, 221, 448, 1, 1, 1
106, 3, 722, 318, 213, 442, 1, 1, 1
107, 3, 678, 267, 225, 473, 1, 1, 1
108, 3, 623, 252, 187, 474, 1, 1, 1
109, 3, 613, 238, 256, 492, 1, 1, 1
110, 3, 623, 247, 274, 466, 1, 1, 1
111, 3, 637, 291, 275, 442, 1, 1, 1
112, 3, 636, 297, 283, 449, 1, 1, 1
113, 3, 637, 295, 278, 454, 1, 1, 1
114, 3, 698, 299, 213, 431, 1, 1, 1
115, 3, 638, 299, 238, 447, 1, 1, 1
116, 3, 611, 322, 241, 461, 1, 1, 1
117, 3, 728, 377, 201, 465, 1, 1, 1
118, 3, 830, 407, 211, 464, 1, 1, 1
119, 3, 873, 402, 223, 463, 1, 1, 1
120, 3, 851, 411, 255, 457, 1, 1, 1
121, 3, 816, 424, 273, 469, 1, 1, 1
122, 3, 779, 417, 282, 484, 1, 1, 1
123, 3, 699, 380, 305, 502, 1, 1, 1
124, 3, 696, 387, 321, 503, 1, 1, 1
125, 3, 724, 392, 322, 506, 1, 1, 1
126, 3, 741, 391, 325, 511, 1, 1, 1
127, 3, 728, 380, 335, 518, 1, 1, 1
128, 3, 714, 381, 338, 522, 1, 1, 1
129, 3, 715, 364, 354, 522, 1, 1, 1
130, 3, 747, 323, 357, 532, 1, 1, 1
131, 3, 743, 323, 362, 539, 1, 1, 1
132, 3, 720, 346, 393, 536, 1, 1, 1
133, 3, 682, 361, 390, 539, 1, 1, 1
134, 3, 614, 372, 390, 544, 1, 1, 1
135, 3, 614, 362, 384, 550, 1, 1, 1
136, 3, 611, 347, 384, 548, 1, 1, 1
137, 3, 588, 321, 400, 562, 1, 1, 1
138, 3, 573, 312, 393, 568, 1, 1, 1
139, 3, 558, 317, 399, 558, 1, 1, 1
140, 3, 554, 312, 407, 564, 1, 1, 1
141, 3, 603, 326, 376, 547, 1, 1, 1
142, 3, 601, 343, 341, 532, 1, 1, 1
143, 3, 590, 335, 338, 521, 1, 1, 1
144, 3, 589, 332, 324, 517, 1, 1, 1
145, 3, 596, 334, 312, 517, 1, 1, 1
146, 3, 597, 328, 323, 520, 1, 1, 1
147, 3, 608, 338, 310, 512, 1, 1, 1
148, 3, 635, 338, 276, 545, 1, 1, 1
149, 3, 628, 331, 271, 520, 1, 1, 1
150, 3, 641, 328, 269, 509, 1, 1, 1
151, 3, 644, 345, 283, 485, 1, 1, 1
152, 3, 650, 352, 315, 504, 1, 1, 1
153, 3, 649, 357, 321, 512, 1, 1, 1
154, 3, 648, 362, 304, 508, 1, 1, 1
155, 3, 664, 401, 270, 484, 1, 1, 1
156, 3, 675, 361, 299, 520, 1, 1, 1
157, 3, 667, 322, 366, 505, 1, 1, 1
158, 3, 675, 310, 326, 533, 1, 1, 1
