35, 1, 247, 92, 146, 124, 1, 1, 1
36, 1, 242, 83, 131, 136, 1, 1, 1
37, 1, 238, 69, 132, 149, 1, 1, 1
38, 1, 254, 60, 113, 165, 1, 1, 1
39, 1, 258, 65, 123, 148, 1, 1, 1
40, 1, 266, 94, 132, 115, 1, 1, 1
41, 1, 287, 94, 138, 129, 1, 1, 1
42, 1, 291, 90, 152, 123, 1, 1, 1
43, 1, 302, 88, 126, 121, 1, 1, 1
44, 1, 321, 103, 136, 91, 1, 1, 1
45, 1, 364, 118, 106, 32, 1, 1, 1
46, 1, 371, 123, 95, 32, 1, 1, 1
47, 1, 377, 106, 117, 50, 1, 1, 1
48, 1, 508, 126, 61, 69, 1, 1, 1
49, 1, 511, 154, 80, 51, 1, 1, 1
50, 1, 545, 164, 66, 80, 1, 1, 1
51, 1, 533, 161, 78, 93, 1, 1, 1
52, 1, 528, 145, 84, 104, 1, 1, 1
53, 1, 529, 133, 97, 128, 1, 1, 1
54, 1, 437, 131, 217, 146, 1, 1, 1
55, 1, 468, 137, 190, 152, 1, 1, 1
56, 1, 473, 142, 185, 149, 1, 1, 1
57, 1, 540, 153, 125, 142, 1, 1, 1
58, 1, 536, 160, 132, 145, 1, 1, 1
59, 1, 529, 143, 176, 192, 1, 1, 1
60, 1, 549, 156, 196, 209, 1, 1, 1
61, 1, 585, 151, 166, 265, 1, 1, 1
62, 1, 577, 156, 185, 269, 1, 1, 1
63, 1, 598, 142, 186, 281, 1, 1, 1
64, 1, 612, 164, 219, 291, 1, 1, 1
65, 1, 552, 203, 279, 277, 1, 1, 1
66, 1, 540, 174, 312, 306, 1, 1, 1
67, 1, 522, 211, 330, 269, 1, 1, 1
68, 1, 553, 170, 299, 310, 1, 1, 1
69, 1, 553, 166, 299, 313, 1, 1, 1
