1, 1, 677, 148, 113, 124, 1, 1, 1
2, 1, 701, 152, 108, 124, 1, 1, 1
3, 1, 728, 137, 99, 124, 1, 1, 1
4, 1, 736, 140, 104, 119, 1, 1, 1
5, 1, 761, 138, 95, 110, 1, 1, 1
6, 1, 782, 128, 75, 126, 1, 1, 1
7, 1, 789, 124, 62, 118, 1, 1, 1
8, 1, 797, 115, 62, 127, 1, 1, 1
9, 1, 791, 110, 74, 130, 1, 1, 1
10, 1, 774, 104, 86, 122, 1, 1, 1
11, 1, 756, 98, 114, 111, 1, 1, 1
12, 1, 742, 90, 111, 121, 1, 1, 1
13, 1, 733, 82, 114, 104, 1, 1, 1
14, 1, 721, 77, 110, 130, 1, 1, 1
15, 1, 710, 73, 123, 102, 1, 1, 1
16, 1, 706, 69, 118, 132, 1, 1, 1
17, 1, 708, 67, 116, 130, 1, 1, 1
18, 1, 710, 67, 114, 128, 1, 1, 1
19, 1, 708, 65, 116, 127, 1, 1, 1
20, 1, 710, 63, 118, 126, 1, 1, 1
21, 1, 711, 61, 118, 127, 1, 1, 1
22, 1, 711, 60, 119, 126, 1, 1, 1
23, 1, 712, 62, 117, 122, 1, 1, 1
24, 1, 719, 63, 105, 118, 1, 1, 1
25, 1, 711, 62, 102, 109, 1, 1, 1
26, 1, 715, 57, 84, 110, 1, 1, 1
27, 1, 713, 48, 85, 108, 1, 1, 1
28, 1, 732, 46, 52, 109, 1, 1, 1
29, 1, 736, 43, 48, 99, 1, 1, 1
30, 1, 735, 41, 60, 98, 1, 1, 1
31, 1, 735, 34, 48, 101, 1, 1, 1
32, 1, 731, 32, 49, 96, 1, 1, 1
33, 1, 731, 24, 55, 96, 1, 1, 1
34, 1, 732, 18, 50, 94, 1, 1, 1
35, 1, 737, 17, 53, 93, 1, 1, 1
36, 1, 743, 16, 61, 86, 1, 1, 1
37, 1, 744, 13, 74, 87, 1, 1, 1
38, 1, 765, 12, 74, 59, 1, 1, 1
39, 1, 779, 14, 80, 84, 1, 1, 1
40, 1, 790, 16, 91, 80, 1, 1, 1
41, 1, 804, 21, 94, 85, 1, 1, 1
42, 1, 816, 19, 97, 87, 1, 1, 1
43, 1, 833, 19, 94, 88, 1, 1, 1
44, 1, 853, 22, 86, 85, 1, 1, 1
