14, 3, 687, 465, 395, 191, 1, 1, 1
15, 3, 686, 466, 423, 189, 1, 1, 1
16, 3, 686, 466, 536, 188, 1, 1, 1
17, 3, 639, 460, 565, 141, 1, 1, 1
18, 3, 678, 442, 529, 153, 1, 1, 1
19, 3, 623, 441, 591, 143, 1, 1, 1
20, 3, 652, 428, 568, 150, 1, 1, 1
21, 3, 683, 427, 424, 204, 1, 1, 1
22, 3, 686, 428, 555, 202, 1, 1, 1
23, 3, 705, 427, 554, 208, 1, 1, 1
24, 3, 719, 422, 581, 211, 1, 1, 1
25, 3, 724, 421, 578, 213, 1, 1, 1
26, 3, 754, 416, 551, 216, 1, 1, 1
27, 3, 727, 417, 576, 217, 1, 1, 1
28, 3, 749, 411, 569, 218, 1, 1, 1
29, 3, 725, 410, 609, 216, 1, 1, 1
30, 3, 722, 401, 604, 225, 1, 1, 1
31, 3, 729, 397, 601, 228, 1, 1, 1
32, 3, 728, 397, 611, 231, 1, 1, 1
33, 3, 728, 401, 612, 228, 1, 1, 1
34, 3, 720, 402, 651, 236, 1, 1, 1
35, 3, 709, 411, 617, 231, 1, 1, 1
36, 3, 703, 402, 581, 240, 1, 1, 1
37, 3, 702, 407, 632, 239, 1, 1, 1
38, 3, 705, 402, 639, 243, 1, 1, 1
39, 3, 707, 396, 645, 248, 1, 1, 1
40, 3, 709, 389, 649, 249, 1, 1, 1
41, 3, 706, 391, 652, 244, 1, 1, 1
42, 3, 697, 382, 658, 245, 1, 1, 1
43, 3, 688, 373, 663, 249, 1, 1, 1
44, 3, 674, 359, 676, 257, 1, 1, 1
45, 3, 677, 351, 674, 262, 1, 1, 1
46, 3, 669, 353, 686, 265, 1, 1, 1
47, 3, 673, 359, 692, 263, 1, 1, 1
48, 3, 672, 358, 691, 268, 1, 1, 1
49, 3, 674, 359, 696, 272, 1, 1, 1
50, 3, 670, 362, 702, 269, 1, 1, 1
