26, 1, 452, 291, 1070, 503, 1, 1, 1
27, 1, 478, 276, 896, 518, 1, 1, 1
28, 1, 502, 280, 804, 514, 1, 1, 1
29, 1, 419, 174, 764, 619, 1, 1, 1
30, 1, 356, 164, 717, 630, 1, 1, 1
31, 1, 391, 148, 744, 645, 1, 1, 1
32, 1, 228, 158, 936, 636, 1, 1, 1
33, 1, 207, 218, 1072, 576, 1, 1, 1
34, 1, 199, 293, 1179, 501, 1, 1, 1
35, 1, 73, 239, 1202, 555, 1, 1, 1
36, 1, 68, 140, 1135, 654, 1, 1, 1
26, 2, 445, 407, 527, 386, 1, 1, 1
27, 2, 444, 354, 506, 440, 1, 1, 1
28, 2, 512, 466, 120, 288, 1, 1, 1
29, 2, 427, 271, 130, 317, 1, 1, 1
30, 2, 483, 347, 661, 447, 1, 1, 1
31, 2, 674, 302, 514, 492, 1, 1, 1
32, 2, 884, 300, 353, 494, 1, 1, 1
33, 2, 787, 270, 673, 524, 1, 1, 1
34, 2, 830, 329, 767, 465, 1, 1, 1
35, 2, 648, 287, 848, 507, 1, 1, 1
36, 2, 545, 213, 772, 581, 1, 1, 1
