76, 3, 998, 166, 413, 694, 1, 1, 1
77, 3, 999, 169, 403, 691, 1, 1, 1
78, 3, 992, 168, 412, 693, 1, 1, 1
79, 3, 999, 191, 400, 671, 1, 1, 1
80, 3, 1020, 276, 359, 586, 1, 1, 1
81, 3, 1006, 287, 323, 584, 1, 1, 1
82, 3, 953, 320, 364, 567, 1, 1, 1
83, 3, 958, 316, 357, 570, 1, 1, 1
84, 3, 949, 314, 355, 574, 1, 1, 1
85, 3, 900, 316, 392, 575, 1, 1, 1
86, 3, 943, 310, 329, 581, 1, 1, 1
87, 3, 961, 334, 300, 555, 1, 1, 1
88, 3, 958, 334, 296, 550, 1, 1, 1
89, 3, 961, 342, 290, 537, 1, 1, 1
90, 3, 960, 319, 299, 558, 1, 1, 1
91, 3, 968, 317, 302, 554, 1, 1, 1
92, 3, 938, 312, 338, 556, 1, 1, 1
93, 3, 895, 308, 389, 554, 1, 1, 1
94, 3, 902, 308, 376, 547, 1, 1, 1
95, 3, 904, 303, 376, 549, 1, 1, 1
96, 3, 905, 312, 369, 536, 1, 1, 1
97, 3, 906, 312, 350, 537, 1, 1, 1
98, 3, 906, 350, 326, 493, 1, 1, 1
99, 3, 896, 339, 315, 502, 1, 1, 1
100, 3, 912, 410, 298, 432, 1, 1, 1
101, 3, 866, 414, 343, 431, 1, 1, 1
