1, 1, 414, 216, 138, 143, 1, 1, 1
2, 1, 414, 216, 138, 145, 1, 1, 1
3, 1, 411, 216, 140, 143, 1, 1, 1
4, 1, 411, 213, 140, 144, 1, 1, 1
5, 1, 414, 214, 138, 144, 1, 1, 1
6, 1, 416, 215, 139, 142, 1, 1, 1
7, 1, 415, 214, 131, 143, 1, 1, 1
8, 1, 420, 215, 124, 145, 1, 1, 1
9, 1, 427, 216, 121, 141, 1, 1, 1
10, 1, 430, 217, 118, 141, 1, 1, 1
11, 1, 430, 215, 112, 143, 1, 1, 1
12, 1, 433, 219, 103, 133, 1, 1, 1
13, 1, 449, 219, 123, 127, 1, 1, 1
14, 1, 430, 224, 137, 131, 1, 1, 1
15, 1, 446, 221, 131, 137, 1, 1, 1
16, 1, 439, 219, 137, 139, 1, 1, 1
17, 1, 433, 219, 147, 139, 1, 1, 1
18, 1, 454, 220, 130, 137, 1, 1, 1
19, 1, 450, 214, 138, 141, 1, 1, 1
20, 1, 443, 215, 142, 140, 1, 1, 1
21, 1, 446, 214, 139, 144, 1, 1, 1
22, 1, 453, 213, 139, 144, 1, 1, 1
23, 1, 454, 215, 140, 143, 1, 1, 1
24, 1, 450, 216, 140, 144, 1, 1, 1
25, 1, 451, 218, 141, 143, 1, 1, 1
26, 1, 456, 219, 140, 144, 1, 1, 1
27, 1, 456, 219, 139, 145, 1, 1, 1
28, 1, 455, 222, 140, 143, 1, 1, 1
29, 1, 454, 223, 139, 143, 1, 1, 1
30, 1, 452, 224, 141, 143, 1, 1, 1
31, 1, 457, 224, 137, 145, 1, 1, 1
32, 1, 474, 224, 119, 144, 1, 1, 1
33, 1, 487, 224, 103, 144, 1, 1, 1
34, 1, 503, 238, 86, 107, 1, 1, 1
35, 1, 451, 236, 128, 131, 1, 1, 1
36, 1, 454, 225, 140, 143, 1, 1, 1
37, 1, 452, 224, 95, 147, 1, 1, 1
38, 1, 455, 224, 181, 153, 1, 1, 1
39, 1, 454, 226, 129, 145, 1, 1, 1
40, 1, 455, 229, 130, 143, 1, 1, 1
41, 1, 450, 231, 140, 145, 1, 1, 1
42, 1, 453, 234, 139, 143, 1, 1, 1
43, 1, 451, 235, 138, 144, 1, 1, 1
