1, 2, 0, 0, 443, 505, 1, 1, 1
2, 2, 0, 3, 456, 512, 1, 1, 1
3, 2, 0, 0, 466, 522, 1, 1, 1
4, 2, 0, 0, 478, 532, 1, 1, 1
5, 2, 0, 0, 489, 531, 1, 1, 1
6, 2, 0, 0, 498, 537, 1, 1, 1
7, 2, 0, 0, 507, 539, 1, 1, 1
8, 2, 0, 0, 516, 541, 1, 1, 1
9, 2, 0, 0, 521, 542, 1, 1, 1
10, 2, 0, 0, 529, 547, 1, 1, 1
11, 2, 0, 0, 534, 547, 1, 1, 1
12, 2, 0, 0, 535, 547, 1, 1, 1
13, 2, 0, 0, 545, 541, 1, 1, 1
14, 2, 0, 0, 544, 541, 1, 1, 1
15, 2, 0, 0, 548, 542, 1, 1, 1
16, 2, 0, 0, 542, 538, 1, 1, 1
17, 2, 0, 0, 533, 540, 1, 1, 1
18, 2, 0, 0, 525, 542, 1, 1, 1
19, 2, 0, 0, 512, 542, 1, 1, 1
20, 2, 0, 0, 508, 540, 1, 1, 1
21, 2, 0, 0, 493, 538, 1, 1, 1
22, 2, 0, 0, 481, 540, 1, 1, 1
23, 2, 0, 0, 471, 538, 1, 1, 1
24, 2, 0, 0, 471, 540, 1, 1, 1
25, 2, 0, 0, 469, 540, 1, 1, 1
26, 2, 0, 0, 455, 539, 1, 1, 1
27, 2, 0, 0, 453, 536, 1, 1, 1
28, 2, 0, 0, 437, 533, 1, 1, 1
29, 2, 0, 0, 429, 536, 1, 1, 1
30, 2, 0, 0, 423, 543, 1, 1, 1
31, 2, 0, 0, 424, 546, 1, 1, 1
32, 2, 0, 0, 423, 542, 1, 1, 1
33, 2, 0, 0, 415, 549, 1, 1, 1
34, 2, 0, 0, 412, 553, 1, 1, 1
35, 2, 0, 1, 402, 556, 1, 1, 1
36, 2, 1, 10, 404, 549, 1, 1, 1
37, 2, 0, 14, 392, 547, 1, 1, 1
38, 2, 0, 17, 385, 547, 1, 1, 1
39, 2, 0, 20, 387, 549, 1, 1, 1
40, 2, 0, 23, 388, 546, 1, 1, 1
