35, 1, 397, 477, 593, 537, 1, 1, 1
36, 1, 500, 539, 517, 427, 1, 1, 1
37, 1, 486, 552, 522, 366, 1, 1, 1
38, 1, 442, 476, 445, 364, 1, 1, 1
39, 1, 486, 464, 547, 372, 1, 1, 1
40, 1, 413, 462, 650, 404, 1, 1, 1
41, 1, 389, 425, 670, 427, 1, 1, 1
42, 1, 488, 512, 676, 368, 1, 1, 1
43, 1, 793, 564, 647, 400, 1, 1, 1
44, 1, 979, 570, 728, 407, 1, 1, 1
45, 1, 1244, 464, 675, 438, 1, 1, 1
46, 1, 1319, 512, 601, 401, 1, 1, 1
47, 1, 1317, 420, 603, 521, 1, 1, 1
48, 1, 1462, 435, 458, 431, 1, 1, 1
49, 1, 1464, 498, 456, 432, 1, 1, 1
