1, 2, 388, 232, 260, 218, 1, 1, 1
2, 2, 396, 247, 246, 218, 1, 1, 1
3, 2, 406, 275, 253, 220, 1, 1, 1
4, 2, 409, 286, 242, 234, 1, 1, 1
5, 2, 408, 284, 231, 239, 1, 1, 1
6, 2, 409, 272, 244, 249, 1, 1, 1
7, 2, 379, 278, 319, 268, 1, 1, 1
8, 2, 391, 292, 326, 267, 1, 1, 1
9, 2, 414, 286, 309, 274, 1, 1, 1
10, 2, 411, 297, 326, 274, 1, 1, 1
11, 2, 406, 300, 327, 271, 1, 1, 1
12, 2, 395, 287, 329, 283, 1, 1, 1
13, 2, 400, 292, 340, 283, 1, 1, 1
14, 2, 408, 284, 345, 287, 1, 1, 1
15, 2, 382, 207, 343, 289, 1, 1, 1
16, 2, 327, 157, 429, 334, 1, 1, 1
17, 2, 331, 164, 423, 335, 1, 1, 1
18, 2, 328, 193, 444, 322, 1, 1, 1
19, 2, 324, 193, 439, 318, 1, 1, 1
20, 2, 313, 214, 423, 310, 1, 1, 1
21, 2, 309, 221, 416, 310, 1, 1, 1
22, 2, 300, 221, 424, 302, 1, 1, 1
23, 2, 286, 216, 426, 303, 1, 1, 1
24, 2, 281, 213, 427, 305, 1, 1, 1
25, 2, 285, 208, 412, 306, 1, 1, 1
26, 2, 279, 208, 410, 311, 1, 1, 1
27, 2, 275, 218, 410, 314, 1, 1, 1
28, 2, 273, 232, 420, 294, 1, 1, 1
29, 2, 272, 235, 417, 296, 1, 1, 1
30, 2, 264, 234, 422, 296, 1, 1, 1
31, 2, 261, 238, 413, 297, 1, 1, 1
32, 2, 264, 236, 412, 292, 1, 1, 1
33, 2, 273, 235, 404, 292, 1, 1, 1
34, 2, 296, 212, 402, 319, 1, 1, 1
35, 2, 365, 189, 340, 341, 1, 1, 1
36, 2, 367, 199, 329, 338, 1, 1, 1
37, 2, 360, 206, 329, 338, 1, 1, 1
38, 2, 366, 205, 325, 337, 1, 1, 1
39, 2, 364, 214, 320, 332, 1, 1, 1
40, 2, 385, 219, 302, 327, 1, 1, 1
41, 2, 391, 209, 304, 341, 1, 1, 1
42, 2, 394, 230, 341, 318, 1, 1, 1
43, 2, 407, 239, 335, 303, 1, 1, 1
