1, 8, 410, 174, 20, 20, 1, 1, 1
2, 8, 497, 164, 31, 28, 1, 1, 1
3, 8, 596, 150, 45, 28, 1, 1, 1
4, 8, 716, 154, 40, 26, 1, 1, 1
5, 8, 847, 161, 37, 29, 1, 1, 1
6, 8, 976, 162, 17, 18, 1, 1, 1
7, 8, 1073, 174, 27, 22, 1, 1, 1
8, 8, 1180, 176, 37, 18, 1, 1, 1
9, 8, 1297, 176, 31, 28, 1, 1, 1
10, 8, 1408, 204, 30, 17, 1, 1, 1
11, 8, 1505, 218, 31, 14, 1, 1, 1
12, 8, 1583, 250, 43, 27, 1, 1, 1
13, 8, 1665, 267, 38, 17, 1, 1, 1
14, 8, 1734, 266, 34, 13, 1, 1, 1
15, 8, 1782, 268, 20, 27, 1, 1, 1
16, 8, 1813, 284, 19, 16, 1, 1, 1
17, 8, 1831, 313, 30, 31, 1, 1, 1
18, 8, 1872, 311, 37, 34, 1, 1, 1
