1, 1, 693, 398, 1193, 498, 1, 1, 1
2, 1, 684, 399, 1212, 497, 1, 1, 1
3, 1, 671, 404, 1213, 492, 1, 1, 1
4, 1, 665, 418, 1212, 478, 1, 1, 1
5, 1, 673, 420, 1197, 476, 1, 1, 1
6, 1, 677, 411, 1158, 485, 1, 1, 1
7, 1, 655, 405, 1178, 491, 1, 1, 1
8, 1, 615, 399, 1222, 497, 1, 1, 1
9, 1, 593, 404, 1249, 492, 1, 1, 1
10, 1, 583, 415, 1212, 481, 1, 1, 1
11, 1, 584, 421, 1218, 475, 1, 1, 1
12, 1, 614, 414, 1148, 482, 1, 1, 1
13, 1, 539, 405, 1209, 491, 1, 1, 1
14, 1, 515, 406, 1237, 490, 1, 1, 1
15, 1, 509, 415, 1249, 481, 1, 1, 1
16, 1, 505, 415, 1249, 481, 1, 1, 1
17, 1, 502, 408, 1245, 488, 1, 1, 1
18, 1, 495, 392, 1260, 504, 1, 1, 1
19, 1, 492, 389, 1266, 507, 1, 1, 1
20, 1, 488, 389, 1274, 507, 1, 1, 1
21, 1, 513, 401, 1232, 495, 1, 1, 1
22, 1, 586, 411, 1151, 485, 1, 1, 1
23, 1, 535, 411, 1177, 485, 1, 1, 1
24, 1, 552, 405, 1147, 491, 1, 1, 1
25, 1, 484, 402, 1229, 494, 1, 1, 1
26, 1, 468, 405, 1276, 491, 1, 1, 1
27, 1, 452, 414, 1265, 482, 1, 1, 1
28, 1, 454, 429, 1252, 467, 1, 1, 1
29, 1, 495, 414, 1209, 482, 1, 1, 1
30, 1, 497, 402, 1371, 494, 1, 1, 1
31, 1, 439, 401, 1286, 495, 1, 1, 1
32, 1, 414, 404, 1291, 492, 1, 1, 1
33, 1, 428, 416, 1269, 480, 1, 1, 1
34, 1, 463, 415, 1242, 481, 1, 1, 1
35, 1, 469, 412, 1258, 484, 1, 1, 1
36, 1, 448, 407, 1249, 489, 1, 1, 1
37, 1, 424, 410, 1256, 486, 1, 1, 1
38, 1, 403, 420, 1276, 476, 1, 1, 1
39, 1, 397, 428, 1321, 468, 1, 1, 1
40, 1, 404, 410, 1280, 486, 1, 1, 1
41, 1, 388, 397, 1329, 499, 1, 1, 1
42, 1, 374, 391, 1303, 505, 1, 1, 1
43, 1, 368, 392, 1350, 504, 1, 1, 1
44, 1, 353, 400, 1300, 496, 1, 1, 1
45, 1, 337, 400, 1285, 496, 1, 1, 1
46, 1, 319, 387, 1348, 509, 1, 1, 1
47, 1, 297, 379, 1298, 517, 1, 1, 1
48, 1, 302, 374, 1306, 522, 1, 1, 1
49, 1, 324, 376, 1291, 520, 1, 1, 1
50, 1, 347, 382, 1274, 514, 1, 1, 1
51, 1, 374, 385, 1253, 511, 1, 1, 1
52, 1, 386, 378, 1263, 518, 1, 1, 1
53, 1, 368, 370, 1263, 526, 1, 1, 1
54, 1, 345, 366, 1230, 530, 1, 1, 1
55, 1, 316, 366, 1304, 530, 1, 1, 1
1, 1, 693, 398, 1193, 498, 1, 1, 1
2, 1, 684, 399, 1212, 497, 1, 1, 1
3, 1, 671, 404, 1213, 492, 1, 1, 1
4, 1, 665, 418, 1212, 478, 1, 1, 1
5, 1, 673, 420, 1197, 476, 1, 1, 1
6, 1, 677, 411, 1158, 485, 1, 1, 1
7, 1, 655, 405, 1178, 491, 1, 1, 1
8, 1, 615, 399, 1222, 497, 1, 1, 1
9, 1, 593, 404, 1249, 492, 1, 1, 1
10, 1, 583, 415, 1212, 481, 1, 1, 1
11, 1, 584, 421, 1218, 475, 1, 1, 1
12, 1, 614, 414, 1148, 482, 1, 1, 1
13, 1, 539, 405, 1209, 491, 1, 1, 1
14, 1, 515, 406, 1237, 490, 1, 1, 1
15, 1, 509, 415, 1249, 481, 1, 1, 1
16, 1, 505, 415, 1249, 481, 1, 1, 1
17, 1, 502, 408, 1245, 488, 1, 1, 1
18, 1, 495, 392, 1260, 504, 1, 1, 1
19, 1, 492, 389, 1266, 507, 1, 1, 1
20, 1, 488, 389, 1274, 507, 1, 1, 1
21, 1, 513, 401, 1232, 495, 1, 1, 1
22, 1, 586, 411, 1151, 485, 1, 1, 1
23, 1, 535, 411, 1177, 485, 1, 1, 1
24, 1, 552, 405, 1147, 491, 1, 1, 1
25, 1, 484, 402, 1229, 494, 1, 1, 1
26, 1, 468, 405, 1276, 491, 1, 1, 1
27, 1, 452, 414, 1265, 482, 1, 1, 1
28, 1, 454, 429, 1252, 467, 1, 1, 1
29, 1, 495, 414, 1209, 482, 1, 1, 1
30, 1, 497, 402, 1371, 494, 1, 1, 1
31, 1, 439, 401, 1286, 495, 1, 1, 1
32, 1, 414, 404, 1291, 492, 1, 1, 1
33, 1, 428, 416, 1269, 480, 1, 1, 1
34, 1, 463, 415, 1242, 481, 1, 1, 1
35, 1, 469, 412, 1258, 484, 1, 1, 1
36, 1, 448, 407, 1249, 489, 1, 1, 1
37, 1, 424, 410, 1256, 486, 1, 1, 1
38, 1, 403, 420, 1276, 476, 1, 1, 1
39, 1, 397, 428, 1321, 468, 1, 1, 1
40, 1, 404, 410, 1280, 486, 1, 1, 1
41, 1, 388, 397, 1329, 499, 1, 1, 1
42, 1, 374, 391, 1303, 505, 1, 1, 1
43, 1, 368, 392, 1350, 504, 1, 1, 1
44, 1, 353, 400, 1300, 496, 1, 1, 1
45, 1, 337, 400, 1285, 496, 1, 1, 1
46, 1, 319, 387, 1348, 509, 1, 1, 1
47, 1, 297, 379, 1298, 517, 1, 1, 1
48, 1, 302, 374, 1306, 522, 1, 1, 1
49, 1, 324, 376, 1291, 520, 1, 1, 1
50, 1, 347, 382, 1274, 514, 1, 1, 1
51, 1, 374, 385, 1253, 511, 1, 1, 1
52, 1, 386, 378, 1263, 518, 1, 1, 1
53, 1, 368, 370, 1263, 526, 1, 1, 1
54, 1, 345, 366, 1230, 530, 1, 1, 1
55, 1, 316, 366, 1304, 530, 1, 1, 1
