1, 1, 960, 345, 87, 165, 1, 1, 1
2, 1, 1024, 370, 46, 136, 1, 1, 1
3, 1, 966, 368, 109, 129, 1, 1, 1
4, 1, 904, 381, 97, 118, 1, 1, 1
5, 1, 958, 393, 48, 127, 1, 1, 1
6, 1, 958, 385, 117, 132, 1, 1, 1
7, 1, 966, 378, 75, 115, 1, 1, 1
8, 1, 839, 375, 56, 82, 1, 1, 1
9, 1, 801, 326, 113, 104, 1, 1, 1
10, 1, 745, 372, 118, 82, 1, 1, 1
11, 1, 727, 373, 64, 89, 1, 1, 1
12, 1, 717, 361, 80, 97, 1, 1, 1
13, 1, 720, 363, 82, 105, 1, 1, 1
14, 1, 736, 404, 77, 99, 1, 1, 1
15, 1, 719, 412, 99, 103, 1, 1, 1
16, 1, 709, 245, 102, 289, 1, 1, 1
17, 1, 710, 265, 87, 285, 1, 1, 1
18, 1, 701, 275, 80, 298, 1, 1, 1
19, 1, 687, 342, 106, 217, 1, 1, 1
20, 1, 725, 384, 60, 182, 1, 1, 1
21, 1, 725, 383, 38, 183, 1, 1, 1
22, 1, 657, 497, 81, 71, 1, 1, 1
23, 1, 641, 455, 37, 107, 1, 1, 1
24, 1, 667, 452, 33, 76, 1, 1, 1
25, 1, 689, 432, 40, 90, 1, 1, 1
26, 1, 709, 450, 36, 84, 1, 1, 1
27, 1, 667, 483, 66, 60, 1, 1, 1
28, 1, 663, 475, 31, 82, 1, 1, 1
30, 1, 669, 499, 39, 51, 1, 1, 1
31, 1, 570, 497, 121, 76, 1, 1, 1
33, 1, 646, 520, 22, 44, 1, 1, 1
34, 1, 755, 515, 40, 56, 1, 1, 1
35, 1, 770, 336, 54, 221, 1, 1, 1
36, 1, 779, 333, 106, 237, 1, 1, 1
37, 1, 806, 320, 95, 253, 1, 1, 1
38, 1, 785, 342, 122, 232, 1, 1, 1
39, 1, 840, 360, 95, 225, 1, 1, 1
40, 1, 919, 388, 54, 208, 1, 1, 1
41, 1, 987, 531, 35, 59, 1, 1, 1
42, 1, 1023, 546, 35, 43, 1, 1, 1
43, 1, 1027, 541, 35, 53, 1, 1, 1
44, 1, 1063, 547, 34, 54, 1, 1, 1
45, 1, 1124, 564, 35, 53, 1, 1, 1
46, 1, 1204, 581, 33, 46, 1, 1, 1
47, 1, 1191, 567, 35, 47, 1, 1, 1
48, 1, 1135, 423, 63, 178, 1, 1, 1
49, 1, 1141, 427, 60, 185, 1, 1, 1
50, 1, 1122, 419, 65, 186, 1, 1, 1
51, 1, 1140, 395, 65, 193, 1, 1, 1
52, 1, 1161, 389, 60, 205, 1, 1, 1
53, 1, 1174, 407, 57, 209, 1, 1, 1
54, 1, 1163, 432, 56, 211, 1, 1, 1
55, 1, 1181, 434, 51, 209, 1, 1, 1
1, 2, 233, 323, 86, 311, 1, 1, 1
2, 2, 120, 313, 117, 352, 1, 1, 1
3, 2, 130, 296, 90, 337, 1, 1, 1
4, 2, 81, 298, 97, 353, 1, 1, 1
5, 2, 102, 315, 124, 346, 1, 1, 1
6, 2, 189, 301, 59, 342, 1, 1, 1
7, 2, 162, 290, 65, 341, 1, 1, 1
8, 2, 113, 236, 62, 349, 1, 1, 1
9, 2, 54, 214, 104, 334, 1, 1, 1
10, 2, 32, 238, 91, 333, 1, 1, 1
11, 2, 41, 242, 94, 289, 1, 1, 1
12, 2, 29, 470, 23, 53, 1, 1, 1
13, 2, 93, 473, 41, 78, 1, 1, 1
16, 2, 231, 584, 19, 25, 1, 1, 1
17, 2, 222, 598, 19, 24, 1, 1, 1
18, 2, 194, 533, 75, 88, 1, 1, 1
19, 2, 227, 513, 60, 93, 1, 1, 1
20, 2, 232, 516, 65, 95, 1, 1, 1
21, 2, 240, 503, 70, 105, 1, 1, 1
22, 2, 244, 497, 65, 109, 1, 1, 1
29, 2, 339, 539, 13, 52, 1, 1, 1
30, 2, 328, 506, 33, 83, 1, 1, 1
31, 2, 281, 533, 36, 87, 1, 1, 1
32, 2, 297, 534, 38, 87, 1, 1, 1
33, 2, 283, 536, 52, 95, 1, 1, 1
34, 2, 305, 321, 80, 309, 1, 1, 1
35, 2, 299, 303, 90, 321, 1, 1, 1
36, 2, 309, 315, 92, 322, 1, 1, 1
37, 2, 320, 317, 88, 321, 1, 1, 1
38, 2, 321, 323, 68, 312, 1, 1, 1
39, 2, 328, 332, 84, 323, 1, 1, 1
40, 2, 367, 343, 75, 322, 1, 1, 1
41, 2, 414, 343, 59, 319, 1, 1, 1
42, 2, 455, 343, 65, 319, 1, 1, 1
43, 2, 459, 344, 71, 319, 1, 1, 1
44, 2, 497, 350, 64, 322, 1, 1, 1
45, 2, 558, 367, 92, 318, 1, 1, 1
46, 2, 668, 374, 65, 318, 1, 1, 1
47, 2, 651, 406, 105, 264, 1, 1, 1
48, 2, 630, 496, 130, 166, 1, 1, 1
49, 2, 639, 578, 130, 103, 1, 1, 1
50, 2, 709, 570, 45, 101, 1, 1, 1
51, 2, 735, 547, 50, 102, 1, 1, 1
52, 2, 758, 545, 63, 103, 1, 1, 1
53, 2, 772, 563, 59, 102, 1, 1, 1
54, 2, 767, 592, 60, 98, 1, 1, 1
55, 2, 783, 589, 58, 106, 1, 1, 1
