96, 1, 558, 351, 121, 193, 1, 1, 1
97, 1, 545, 336, 126, 208, 1, 1, 1
98, 1, 536, 324, 145, 220, 1, 1, 1
99, 1, 519, 315, 179, 229, 1, 1, 1
100, 1, 513, 327, 207, 217, 1, 1, 1
101, 1, 550, 318, 175, 226, 1, 1, 1
102, 1, 543, 335, 189, 209, 1, 1, 1
103, 1, 529, 330, 197, 214, 1, 1, 1
104, 1, 510, 320, 188, 224, 1, 1, 1
105, 1, 505, 308, 183, 236, 1, 1, 1
106, 1, 502, 303, 174, 241, 1, 1, 1
107, 1, 506, 298, 153, 234, 1, 1, 1
108, 1, 508, 294, 118, 193, 1, 1, 1
109, 1, 513, 292, 104, 186, 1, 1, 1
110, 1, 516, 287, 106, 193, 1, 1, 1
111, 1, 526, 288, 102, 190, 1, 1, 1
112, 1, 522, 292, 106, 187, 1, 1, 1
113, 1, 518, 288, 104, 197, 1, 1, 1
114, 1, 507, 290, 97, 193, 1, 1, 1
115, 1, 499, 288, 89, 191, 1, 1, 1
116, 1, 480, 287, 89, 188, 1, 1, 1
117, 1, 474, 278, 80, 197, 1, 1, 1
118, 1, 451, 273, 85, 199, 1, 1, 1
119, 1, 440, 269, 76, 198, 1, 1, 1
120, 1, 413, 263, 79, 199, 1, 1, 1
121, 1, 392, 255, 78, 208, 1, 1, 1
122, 1, 375, 252, 80, 210, 1, 1, 1
123, 1, 362, 251, 89, 208, 1, 1, 1
124, 1, 334, 239, 103, 217, 1, 1, 1
125, 1, 318, 235, 118, 225, 1, 1, 1
126, 1, 302, 238, 134, 223, 1, 1, 1
127, 1, 290, 237, 141, 224, 1, 1, 1
128, 1, 274, 249, 156, 221, 1, 1, 1
129, 1, 261, 245, 178, 234, 1, 1, 1
130, 1, 239, 249, 191, 230, 1, 1, 1
131, 1, 247, 251, 196, 227, 1, 1, 1
132, 1, 258, 248, 209, 234, 1, 1, 1
133, 1, 302, 250, 214, 239, 1, 1, 1
134, 1, 337, 250, 212, 239, 1, 1, 1
135, 1, 364, 246, 213, 241, 1, 1, 1
136, 1, 385, 236, 198, 221, 1, 1, 1
137, 1, 400, 234, 175, 104, 1, 1, 1
138, 1, 410, 235, 168, 93, 1, 1, 1
139, 1, 420, 230, 140, 72, 1, 1, 1
140, 1, 443, 226, 119, 78, 1, 1, 1
141, 1, 477, 228, 83, 68, 1, 1, 1
142, 1, 457, 226, 113, 67, 1, 1, 1
143, 1, 460, 221, 127, 137, 1, 1, 1
144, 1, 467, 224, 110, 124, 1, 1, 1
145, 1, 463, 227, 112, 126, 1, 1, 1
146, 1, 451, 229, 95, 127, 1, 1, 1
