1, 1, 412, 219, 121, 173, 1, 1, 1
2, 1, 413, 220, 128, 168, 1, 1, 1
3, 1, 426, 198, 131, 173, 1, 1, 1
4, 1, 415, 173, 176, 200, 1, 1, 1
5, 1, 410, 126, 199, 247, 1, 1, 1
6, 1, 407, 165, 208, 208, 1, 1, 1
7, 1, 390, 183, 224, 189, 1, 1, 1
8, 1, 380, 168, 244, 205, 1, 1, 1
9, 1, 380, 182, 250, 191, 1, 1, 1
10, 1, 385, 189, 251, 167, 1, 1, 1
11, 1, 393, 187, 243, 169, 1, 1, 1
12, 1, 394, 181, 242, 174, 1, 1, 1
13, 1, 383, 195, 253, 159, 1, 1, 1
14, 1, 366, 184, 268, 171, 1, 1, 1
15, 1, 350, 167, 273, 187, 1, 1, 1
16, 1, 341, 189, 249, 165, 1, 1, 1
17, 1, 326, 189, 263, 166, 1, 1, 1
18, 1, 309, 154, 269, 200, 1, 1, 1
19, 1, 297, 161, 260, 177, 1, 1, 1
20, 1, 284, 179, 270, 160, 1, 1, 1
21, 1, 270, 166, 265, 174, 1, 1, 1
22, 1, 252, 115, 236, 223, 1, 1, 1
23, 1, 242, 129, 239, 186, 1, 1, 1
24, 1, 227, 123, 256, 196, 1, 1, 1
25, 1, 215, 135, 272, 183, 1, 1, 1
26, 1, 208, 158, 279, 163, 1, 1, 1
27, 1, 197, 159, 271, 161, 1, 1, 1
28, 1, 182, 138, 271, 196, 1, 1, 1
29, 1, 170, 134, 274, 199, 1, 1, 1
30, 1, 163, 151, 259, 185, 1, 1, 1
31, 1, 154, 142, 255, 197, 1, 1, 1
32, 1, 150, 172, 252, 188, 1, 1, 1
33, 1, 157, 188, 242, 175, 1, 1, 1
34, 1, 164, 190, 216, 169, 1, 1, 1
35, 1, 168, 200, 200, 182, 1, 1, 1
36, 1, 170, 204, 133, 182, 1, 1, 1
37, 1, 167, 202, 91, 180, 1, 1, 1
38, 1, 164, 211, 74, 177, 1, 1, 1
39, 1, 164, 217, 84, 171, 1, 1, 1
40, 1, 168, 219, 85, 183, 1, 1, 1
41, 1, 171, 220, 86, 188, 1, 1, 1
42, 1, 172, 220, 90, 189, 1, 1, 1
43, 1, 172, 223, 90, 185, 1, 1, 1
44, 1, 173, 224, 85, 184, 1, 1, 1
45, 1, 172, 224, 85, 183, 1, 1, 1
46, 1, 174, 229, 81, 176, 1, 1, 1
47, 1, 174, 229, 79, 181, 1, 1, 1
48, 1, 175, 235, 78, 175, 1, 1, 1
49, 1, 146, 231, 105, 185, 1, 1, 1
50, 1, 176, 232, 76, 181, 1, 1, 1
51, 1, 174, 234, 84, 179, 1, 1, 1
52, 1, 177, 236, 84, 177, 1, 1, 1
53, 1, 178, 227, 85, 179, 1, 1, 1
54, 1, 178, 237, 80, 177, 1, 1, 1
55, 1, 174, 238, 84, 179, 1, 1, 1
56, 1, 176, 241, 84, 178, 1, 1, 1
57, 1, 173, 247, 85, 186, 1, 1, 1
58, 1, 171, 249, 83, 181, 1, 1, 1
59, 1, 174, 253, 80, 179, 1, 1, 1
60, 1, 178, 251, 80, 186, 1, 1, 1
