52, 5, 1263, 231, 17, 34, 1, 1, 1
53, 5, 1246, 223, 34, 69, 1, 1, 1
54, 5, 1231, 222, 49, 71, 1, 1, 1
55, 5, 1217, 220, 63, 74, 1, 1, 1
56, 5, 1199, 219, 81, 76, 1, 1, 1
57, 5, 1179, 218, 101, 77, 1, 1, 1
58, 5, 1159, 217, 121, 80, 1, 1, 1
59, 5, 1138, 216, 135, 82, 1, 1, 1
60, 5, 1118, 215, 139, 84, 1, 1, 1
61, 5, 1097, 214, 143, 86, 1, 1, 1
62, 5, 1075, 213, 149, 89, 1, 1, 1
63, 5, 1052, 212, 155, 92, 1, 1, 1
64, 5, 1028, 212, 163, 94, 1, 1, 1
65, 5, 1004, 210, 168, 96, 1, 1, 1
66, 5, 978, 210, 175, 99, 1, 1, 1
67, 5, 949, 207, 184, 103, 1, 1, 1
68, 5, 918, 206, 190, 106, 1, 1, 1
69, 5, 888, 203, 200, 110, 1, 1, 1
70, 5, 859, 202, 208, 114, 1, 1, 1
71, 5, 825, 202, 219, 115, 1, 1, 1
72, 5, 792, 198, 229, 119, 1, 1, 1
73, 5, 755, 197, 242, 124, 1, 1, 1
74, 5, 721, 195, 252, 128, 1, 1, 1
75, 5, 682, 196, 264, 132, 1, 1, 1
76, 5, 642, 194, 277, 136, 1, 1, 1
77, 5, 599, 191, 291, 140, 1, 1, 1
78, 5, 556, 187, 305, 146, 1, 1, 1
79, 5, 508, 185, 320, 150, 1, 1, 1
80, 5, 458, 183, 339, 154, 1, 1, 1
81, 5, 404, 179, 358, 158, 1, 1, 1
82, 5, 348, 176, 377, 163, 1, 1, 1
83, 5, 289, 172, 398, 168, 1, 1, 1
84, 5, 227, 172, 417, 171, 1, 1, 1
85, 5, 163, 169, 437, 175, 1, 1, 1
86, 5, 96, 168, 457, 179, 1, 1, 1
87, 5, 29, 168, 475, 183, 1, 1, 1
88, 5, 0, 168, 451, 185, 1, 1, 1
89, 5, 0, 166, 394, 181, 1, 1, 1
90, 5, 0, 161, 333, 184, 1, 1, 1
91, 5, 0, 159, 279, 188, 1, 1, 1
92, 5, 0, 157, 225, 191, 1, 1, 1
93, 5, 0, 157, 172, 192, 1, 1, 1
94, 5, 0, 156, 116, 181, 1, 1, 1
95, 5, 0, 155, 61, 160, 1, 1, 1
96, 5, 0, 286, 3, 9, 1, 1, 1
