72, 2, 1505, 132, 148, 321, 1, 1, 1
73, 2, 1481, 146, 167, 356, 1, 1, 1
74, 2, 1454, 138, 209, 351, 1, 1, 1
75, 2, 1428, 174, 224, 343, 1, 1, 1
76, 2, 1398, 193, 242, 342, 1, 1, 1
77, 2, 1374, 200, 247, 348, 1, 1, 1
78, 2, 1352, 213, 249, 331, 1, 1, 1
79, 2, 1331, 226, 252, 322, 1, 1, 1
80, 2, 1313, 237, 257, 326, 1, 1, 1
81, 2, 1303, 238, 264, 357, 1, 1, 1
82, 2, 1301, 228, 264, 397, 1, 1, 1
83, 2, 1298, 236, 224, 390, 1, 1, 1
84, 2, 1291, 261, 187, 377, 1, 1, 1
85, 2, 1274, 279, 144, 398, 1, 1, 1
86, 2, 1260, 303, 109, 411, 1, 1, 1
87, 2, 1251, 326, 83, 401, 1, 1, 1
88, 2, 1142, 342, 180, 484, 1, 1, 1
89, 2, 1142, 363, 192, 504, 1, 1, 1
90, 2, 1143, 385, 212, 528, 1, 1, 1
91, 2, 1133, 406, 223, 538, 1, 1, 1
92, 2, 1117, 426, 226, 551, 1, 1, 1
93, 2, 1102, 439, 165, 555, 1, 1, 1
94, 2, 1101, 460, 157, 532, 1, 1, 1
95, 2, 1070, 486, 187, 547, 1, 1, 1
96, 2, 1055, 501, 197, 550, 1, 1, 1
97, 2, 1079, 510, 159, 526, 1, 1, 1
98, 2, 1046, 526, 177, 554, 1, 1, 1
99, 2, 1033, 545, 174, 534, 1, 1, 1
100, 2, 1047, 557, 155, 523, 1, 1, 1
101, 2, 1033, 556, 180, 524, 1, 1, 1
102, 2, 1020, 573, 219, 507, 1, 1, 1
103, 2, 1007, 578, 228, 501, 1, 1, 1
