54, 4, 1799, 385, 103, 102, 1, 1, 1
55, 4, 1799, 387, 103, 100, 1, 1, 1
56, 4, 1795, 388, 105, 100, 1, 1, 1
57, 4, 1790, 386, 109, 101, 1, 1, 1
58, 4, 1787, 386, 109, 98, 1, 1, 1
59, 4, 1781, 385, 115, 100, 1, 1, 1
60, 4, 1778, 383, 106, 102, 1, 1, 1
61, 4, 1771, 382, 110, 102, 1, 1, 1
62, 4, 1762, 381, 120, 103, 1, 1, 1
63, 4, 1757, 382, 127, 103, 1, 1, 1
64, 4, 1753, 381, 125, 105, 1, 1, 1
65, 4, 1747, 381, 137, 105, 1, 1, 1
66, 4, 1741, 377, 136, 107, 1, 1, 1
67, 4, 1734, 378, 140, 107, 1, 1, 1
68, 4, 1725, 380, 141, 105, 1, 1, 1
69, 4, 1726, 380, 133, 106, 1, 1, 1
70, 4, 1716, 379, 140, 104, 1, 1, 1
71, 4, 1712, 377, 137, 108, 1, 1, 1
72, 4, 1702, 378, 142, 106, 1, 1, 1
73, 4, 1684, 378, 153, 105, 1, 1, 1
74, 4, 1672, 378, 162, 105, 1, 1, 1
75, 4, 1664, 377, 164, 104, 1, 1, 1
76, 4, 1653, 376, 161, 103, 1, 1, 1
77, 4, 1644, 377, 152, 104, 1, 1, 1
78, 4, 1630, 376, 157, 104, 1, 1, 1
79, 4, 1626, 373, 158, 105, 1, 1, 1
80, 4, 1621, 367, 159, 113, 1, 1, 1
81, 4, 1614, 377, 159, 102, 1, 1, 1
82, 4, 1611, 374, 157, 106, 1, 1, 1
83, 4, 1603, 373, 149, 108, 1, 1, 1
84, 4, 1599, 375, 131, 102, 1, 1, 1
85, 4, 1543, 375, 161, 104, 1, 1, 1
86, 4, 1531, 375, 168, 102, 1, 1, 1
87, 4, 1523, 375, 173, 102, 1, 1, 1
88, 4, 1510, 373, 185, 105, 1, 1, 1
89, 4, 1497, 374, 192, 103, 1, 1, 1
90, 4, 1484, 374, 195, 99, 1, 1, 1
91, 4, 1471, 371, 191, 102, 1, 1, 1
230, 4, 1558, 393, 140, 97, 1, 1, 1
231, 4, 1576, 394, 136, 97, 1, 1, 1
232, 4, 1588, 395, 126, 95, 1, 1, 1
233, 4, 1592, 391, 131, 101, 1, 1, 1
234, 4, 1596, 391, 114, 100, 1, 1, 1
235, 4, 1597, 391, 115, 100, 1, 1, 1
236, 4, 1599, 394, 112, 97, 1, 1, 1
237, 4, 1607, 394, 115, 98, 1, 1, 1
238, 4, 1616, 394, 107, 98, 1, 1, 1
239, 4, 1631, 394, 92, 99, 1, 1, 1
240, 4, 1642, 394, 71, 97, 1, 1, 1
241, 4, 1652, 405, 59, 88, 1, 1, 1
242, 4, 1652, 439, 49, 56, 1, 1, 1
243, 4, 1647, 436, 60, 59, 1, 1, 1
244, 4, 1631, 440, 72, 54, 1, 1, 1
245, 4, 1773, 417, 35, 58, 1, 1, 1
246, 4, 1756, 411, 56, 62, 1, 1, 1
247, 4, 1748, 409, 70, 65, 1, 1, 1
248, 4, 1734, 406, 90, 71, 1, 1, 1
249, 4, 1725, 405, 101, 96, 1, 1, 1
250, 4, 1725, 405, 115, 99, 1, 1, 1
251, 4, 1717, 406, 123, 98, 1, 1, 1
252, 4, 1722, 409, 124, 94, 1, 1, 1
253, 4, 1732, 408, 109, 96, 1, 1, 1
254, 4, 1738, 405, 108, 97, 1, 1, 1
255, 4, 1737, 406, 113, 97, 1, 1, 1
256, 4, 1749, 412, 108, 90, 1, 1, 1
257, 4, 1763, 414, 98, 87, 1, 1, 1
258, 4, 1761, 414, 104, 87, 1, 1, 1
259, 4, 1764, 414, 106, 88, 1, 1, 1
260, 4, 1765, 414, 112, 88, 1, 1, 1
261, 4, 1768, 414, 110, 93, 1, 1, 1
262, 4, 1776, 416, 106, 90, 1, 1, 1
263, 4, 1777, 419, 107, 87, 1, 1, 1
264, 4, 1780, 421, 108, 85, 1, 1, 1
