1, 1, 542, 137, 178, 354, 1, 1, 1
2, 1, 541, 137, 207, 349, 1, 1, 1
3, 1, 543, 134, 212, 358, 1, 1, 1
4, 1, 546, 138, 207, 366, 1, 1, 1
5, 1, 549, 148, 221, 360, 1, 1, 1
6, 1, 549, 151, 241, 351, 1, 1, 1
7, 1, 593, 134, 211, 356, 1, 1, 1
8, 1, 597, 112, 202, 359, 1, 1, 1
9, 1, 575, 129, 204, 333, 1, 1, 1
10, 1, 578, 141, 250, 300, 1, 1, 1
11, 1, 570, 123, 322, 319, 1, 1, 1
12, 1, 568, 99, 320, 345, 1, 1, 1
13, 1, 573, 116, 310, 327, 1, 1, 1
14, 1, 575, 107, 303, 334, 1, 1, 1
15, 1, 601, 79, 274, 362, 1, 1, 1
16, 1, 601, 81, 273, 360, 1, 1, 1
17, 1, 604, 93, 269, 348, 1, 1, 1
18, 1, 598, 80, 275, 361, 1, 1, 1
19, 1, 627, 73, 246, 369, 1, 1, 1
20, 1, 618, 87, 255, 354, 1, 1, 1
21, 1, 610, 117, 260, 324, 1, 1, 1
22, 1, 563, 142, 303, 290, 1, 1, 1
23, 1, 568, 147, 296, 290, 1, 1, 1
24, 1, 558, 115, 304, 320, 1, 1, 1
25, 1, 554, 99, 306, 335, 1, 1, 1
26, 1, 558, 89, 301, 346, 1, 1, 1
27, 1, 563, 89, 295, 345, 1, 1, 1
28, 1, 579, 82, 278, 353, 1, 1, 1
29, 1, 639, 69, 216, 365, 1, 1, 1
30, 1, 638, 77, 212, 352, 1, 1, 1
31, 1, 631, 80, 212, 346, 1, 1, 1
32, 1, 624, 100, 215, 326, 1, 1, 1
33, 1, 625, 104, 210, 322, 1, 1, 1
34, 1, 629, 115, 206, 312, 1, 1, 1
35, 1, 634, 112, 201, 314, 1, 1, 1
36, 1, 637, 109, 197, 314, 1, 1, 1
37, 1, 632, 107, 201, 289, 1, 1, 1
38, 1, 621, 103, 207, 292, 1, 1, 1
39, 1, 611, 104, 214, 290, 1, 1, 1
40, 1, 605, 103, 212, 293, 1, 1, 1
41, 1, 603, 107, 212, 289, 1, 1, 1
42, 1, 599, 107, 214, 290, 1, 1, 1
43, 1, 602, 107, 212, 289, 1, 1, 1
44, 1, 635, 137, 179, 261, 1, 1, 1
45, 1, 635, 156, 179, 241, 1, 1, 1
