39, 2, 99, 461, 510, 418, 1, 1, 1
40, 2, 90, 434, 549, 420, 1, 1, 1
41, 2, 38, 463, 624, 378, 1, 1, 1
42, 2, 0, 453, 659, 380, 1, 1, 1
43, 2, 4, 437, 606, 396, 1, 1, 1
44, 2, 19, 429, 624, 405, 1, 1, 1
45, 2, 70, 374, 526, 461, 1, 1, 1
46, 2, 158, 345, 435, 498, 1, 1, 1
47, 2, 252, 326, 376, 491, 1, 1, 1
48, 2, 99, 304, 499, 455, 1, 1, 1
49, 2, 53, 399, 524, 347, 1, 1, 1
50, 2, 82, 394, 473, 333, 1, 1, 1
51, 2, 119, 423, 412, 295, 1, 1, 1
52, 2, 374, 525, 169, 195, 1, 1, 1
53, 2, 383, 474, 183, 249, 1, 1, 1
54, 2, 374, 400, 200, 333, 1, 1, 1
55, 2, 385, 397, 186, 361, 1, 1, 1
56, 2, 74, 457, 485, 297, 1, 1, 1
57, 2, 100, 454, 520, 291, 1, 1, 1
58, 2, 108, 464, 519, 286, 1, 1, 1
59, 2, 320, 439, 298, 313, 1, 1, 1
60, 2, 264, 378, 370, 377, 1, 1, 1
61, 2, 231, 366, 323, 380, 1, 1, 1
62, 2, 206, 332, 302, 404, 1, 1, 1
63, 2, 230, 338, 272, 383, 1, 1, 1
64, 2, 225, 349, 289, 362, 1, 1, 1
65, 2, 246, 376, 267, 345, 1, 1, 1
66, 2, 267, 402, 251, 307, 1, 1, 1
67, 2, 238, 392, 281, 332, 1, 1, 1
68, 2, 226, 379, 295, 335, 1, 1, 1
69, 2, 247, 384, 284, 331, 1, 1, 1
70, 2, 251, 376, 278, 344, 1, 1, 1
71, 2, 242, 370, 266, 339, 1, 1, 1
72, 2, 247, 431, 268, 278, 1, 1, 1
73, 2, 217, 439, 317, 267, 1, 1, 1
74, 2, 175, 422, 365, 286, 1, 1, 1
75, 2, 167, 377, 380, 331, 1, 1, 1
76, 2, 202, 397, 344, 321, 1, 1, 1
77, 2, 197, 400, 334, 326, 1, 1, 1
78, 2, 230, 428, 307, 287, 1, 1, 1
79, 2, 229, 454, 332, 262, 1, 1, 1
80, 2, 229, 418, 369, 304, 1, 1, 1
81, 2, 229, 398, 339, 332, 1, 1, 1
82, 2, 189, 409, 371, 329, 1, 1, 1
83, 2, 183, 448, 380, 303, 1, 1, 1
135, 2, 252, 506, 333, 466, 1, 1, 1
136, 2, 0, 422, 571, 559, 1, 1, 1
137, 2, 0, 436, 642, 530, 1, 1, 1
138, 2, 0, 544, 641, 434, 1, 1, 1
139, 2, 0, 620, 686, 377, 1, 1, 1
140, 2, 0, 633, 695, 347, 1, 1, 1
141, 2, 0, 638, 592, 318, 1, 1, 1
142, 2, 126, 608, 354, 337, 1, 1, 1
143, 2, 50, 529, 367, 511, 1, 1, 1
144, 2, 0, 533, 327, 636, 1, 1, 1
145, 2, 0, 564, 356, 608, 1, 1, 1
146, 2, 0, 601, 415, 553, 1, 1, 1
147, 2, 14, 578, 469, 542, 1, 1, 1
148, 2, 102, 592, 537, 534, 1, 1, 1
149, 2, 94, 592, 576, 687, 1, 1, 1
150, 2, 102, 590, 540, 690, 1, 1, 1
151, 2, 126, 609, 447, 653, 1, 1, 1
152, 2, 131, 590, 410, 642, 1, 1, 1
153, 2, 127, 606, 421, 666, 1, 1, 1
154, 2, 109, 469, 466, 810, 1, 1, 1
155, 2, 1, 406, 577, 874, 1, 1, 1
156, 2, 0, 390, 534, 890, 1, 1, 1
157, 2, 2, 421, 532, 859, 1, 1, 1
158, 2, 163, 526, 424, 754, 1, 1, 1
159, 2, 190, 792, 404, 488, 1, 1, 1
160, 2, 131, 822, 450, 458, 1, 1, 1
161, 2, 112, 845, 451, 435, 1, 1, 1
162, 2, 117, 799, 431, 481, 1, 1, 1
