44, 6, 396, 254, 92, 80, 1, 1, 1
45, 6, 395, 254, 93, 79, 1, 1, 1
46, 6, 394, 252, 92, 77, 1, 1, 1
47, 6, 394, 248, 92, 80, 1, 1, 1
48, 6, 392, 246, 91, 82, 1, 1, 1
49, 6, 393, 247, 92, 79, 1, 1, 1
50, 6, 398, 246, 93, 79, 1, 1, 1
51, 6, 398, 252, 92, 78, 1, 1, 1
52, 6, 398, 252, 91, 78, 1, 1, 1
53, 6, 393, 249, 92, 82, 1, 1, 1
79, 6, 330, 255, 81, 77, 1, 1, 1
80, 6, 331, 255, 82, 78, 1, 1, 1
81, 6, 331, 256, 84, 77, 1, 1, 1
82, 6, 328, 253, 83, 78, 1, 1, 1
83, 6, 324, 252, 84, 79, 1, 1, 1
84, 6, 320, 253, 83, 78, 1, 1, 1
85, 6, 317, 256, 82, 77, 1, 1, 1
86, 6, 317, 256, 81, 79, 1, 1, 1
87, 6, 313, 256, 82, 78, 1, 1, 1
88, 6, 315, 255, 81, 77, 1, 1, 1
