1, 1, 0, 370, 70, 225, 1, 1, 1
2, 1, 0, 378, 78, 221, 1, 1, 1
3, 1, 0, 379, 82, 220, 1, 1, 1
4, 1, 0, 384, 91, 221, 1, 1, 1
5, 1, 0, 382, 96, 220, 1, 1, 1
6, 1, 0, 379, 101, 219, 1, 1, 1
7, 1, 0, 370, 101, 220, 1, 1, 1
8, 1, 0, 369, 105, 222, 1, 1, 1
9, 1, 0, 372, 114, 222, 1, 1, 1
10, 1, 0, 377, 117, 222, 1, 1, 1
11, 1, 0, 383, 121, 222, 1, 1, 1
12, 1, 0, 395, 132, 219, 1, 1, 1
13, 1, 14, 407, 128, 217, 1, 1, 1
14, 1, 26, 410, 128, 218, 1, 1, 1
15, 1, 31, 412, 127, 221, 1, 1, 1
16, 1, 29, 413, 128, 218, 1, 1, 1
17, 1, 26, 417, 125, 216, 1, 1, 1
18, 1, 23, 419, 124, 219, 1, 1, 1
19, 1, 16, 427, 124, 221, 1, 1, 1
20, 1, 13, 433, 124, 221, 1, 1, 1
21, 1, 10, 436, 126, 222, 1, 1, 1
22, 1, 11, 437, 120, 220, 1, 1, 1
23, 1, 6, 438, 119, 219, 1, 1, 1
24, 1, 0, 440, 113, 221, 1, 1, 1
25, 1, 0, 437, 105, 221, 1, 1, 1
26, 1, 0, 429, 96, 222, 1, 1, 1
27, 1, 0, 424, 79, 220, 1, 1, 1
28, 1, 0, 421, 66, 210, 1, 1, 1
29, 1, 0, 422, 49, 203, 1, 1, 1
30, 1, 0, 437, 34, 194, 1, 1, 1
31, 1, 0, 441, 34, 195, 1, 1, 1
32, 1, 0, 448, 29, 192, 1, 1, 1
33, 1, 0, 458, 25, 181, 1, 1, 1
34, 1, 0, 476, 20, 164, 1, 1, 1
35, 1, 0, 479, 17, 161, 1, 1, 1
36, 1, 0, 470, 24, 169, 1, 1, 1
37, 1, 0, 465, 47, 160, 1, 1, 1
38, 1, 0, 461, 58, 162, 1, 1, 1
39, 1, 0, 462, 67, 163, 1, 1, 1
40, 1, 0, 463, 72, 192, 1, 1, 1
41, 1, 0, 463, 77, 187, 1, 1, 1
42, 1, 0, 457, 102, 192, 1, 1, 1
43, 1, 0, 457, 113, 194, 1, 1, 1
44, 1, 0, 453, 122, 198, 1, 1, 1
45, 1, 0, 451, 131, 200, 1, 1, 1
46, 1, 0, 447, 137, 201, 1, 1, 1
47, 1, 0, 445, 139, 203, 1, 1, 1
48, 1, 0, 444, 140, 206, 1, 1, 1
49, 1, 0, 447, 140, 202, 1, 1, 1
50, 1, 0, 448, 137, 203, 1, 1, 1
51, 1, 0, 447, 139, 205, 1, 1, 1
52, 1, 0, 448, 141, 207, 1, 1, 1
53, 1, 0, 451, 144, 206, 1, 1, 1
54, 1, 0, 445, 146, 209, 1, 1, 1
55, 1, 0, 449, 146, 201, 1, 1, 1
56, 1, 0, 447, 147, 202, 1, 1, 1
57, 1, 0, 447, 151, 202, 1, 1, 1
58, 1, 0, 447, 149, 201, 1, 1, 1
59, 1, 0, 446, 142, 202, 1, 1, 1
60, 1, 0, 445, 143, 203, 1, 1, 1
61, 1, 0, 445, 163, 205, 1, 1, 1
62, 1, 0, 447, 144, 203, 1, 1, 1
63, 1, 0, 450, 143, 203, 1, 1, 1
64, 1, 0, 450, 139, 203, 1, 1, 1
65, 1, 0, 452, 140, 200, 1, 1, 1
66, 1, 0, 456, 130, 196, 1, 1, 1
67, 1, 0, 457, 141, 198, 1, 1, 1
68, 1, 0, 458, 144, 198, 1, 1, 1
69, 1, 0, 458, 144, 198, 1, 1, 1
70, 1, 0, 459, 156, 197, 1, 1, 1
71, 1, 0, 457, 144, 198, 1, 1, 1
72, 1, 0, 458, 146, 199, 1, 1, 1
73, 1, 0, 458, 212, 199, 1, 1, 1
74, 1, 0, 457, 216, 199, 1, 1, 1
75, 1, 0, 457, 215, 201, 1, 1, 1
76, 1, 0, 457, 161, 199, 1, 1, 1
77, 1, 0, 459, 163, 200, 1, 1, 1
78, 1, 0, 459, 165, 201, 1, 1, 1
79, 1, 0, 460, 162, 200, 1, 1, 1
80, 1, 0, 457, 156, 199, 1, 1, 1
81, 1, 0, 448, 161, 200, 1, 1, 1
82, 1, 0, 445, 160, 204, 1, 1, 1
83, 1, 0, 441, 155, 204, 1, 1, 1
84, 1, 0, 445, 153, 204, 1, 1, 1
85, 1, 0, 447, 152, 205, 1, 1, 1
86, 1, 0, 462, 153, 201, 1, 1, 1
87, 1, 0, 460, 164, 202, 1, 1, 1
88, 1, 0, 460, 171, 202, 1, 1, 1
89, 1, 0, 460, 164, 201, 1, 1, 1
90, 1, 1, 462, 160, 200, 1, 1, 1
91, 1, 0, 463, 152, 199, 1, 1, 1
92, 1, 0, 457, 148, 198, 1, 1, 1
93, 1, 0, 451, 145, 198, 1, 1, 1
94, 1, 0, 440, 131, 201, 1, 1, 1
95, 1, 0, 432, 139, 207, 1, 1, 1
96, 1, 0, 430, 160, 204, 1, 1, 1
97, 1, 0, 435, 201, 202, 1, 1, 1
98, 1, 0, 433, 204, 201, 1, 1, 1
99, 1, 0, 429, 211, 199, 1, 1, 1
100, 1, 0, 424, 207, 201, 1, 1, 1
101, 1, 0, 416, 211, 198, 1, 1, 1
102, 1, 0, 407, 214, 198, 1, 1, 1
103, 1, 3, 398, 210, 197, 1, 1, 1
104, 1, 0, 393, 212, 200, 1, 1, 1
105, 1, 0, 389, 204, 202, 1, 1, 1
106, 1, 0, 386, 200, 201, 1, 1, 1
107, 1, 0, 383, 194, 202, 1, 1, 1
108, 1, 0, 381, 185, 201, 1, 1, 1
1, 3, 475, 413, 205, 189, 1, 1, 1
2, 3, 485, 419, 196, 189, 1, 1, 1
3, 3, 493, 419, 185, 191, 1, 1, 1
4, 3, 498, 424, 180, 191, 1, 1, 1
5, 3, 498, 423, 177, 191, 1, 1, 1
6, 3, 498, 418, 173, 191, 1, 1, 1
7, 3, 505, 406, 166, 193, 1, 1, 1
8, 3, 509, 404, 172, 193, 1, 1, 1
9, 3, 513, 409, 181, 190, 1, 1, 1
10, 3, 522, 413, 192, 186, 1, 1, 1
11, 3, 528, 420, 196, 182, 1, 1, 1
12, 3, 537, 427, 208, 183, 1, 1, 1
13, 3, 556, 435, 208, 184, 1, 1, 1
14, 3, 571, 438, 211, 185, 1, 1, 1
15, 3, 573, 441, 215, 187, 1, 1, 1
16, 3, 564, 448, 230, 182, 1, 1, 1
17, 3, 556, 453, 239, 182, 1, 1, 1
18, 3, 550, 460, 247, 179, 1, 1, 1
19, 3, 543, 468, 263, 180, 1, 1, 1
20, 3, 539, 475, 268, 178, 1, 1, 1
56, 3, 633, 515, 256, 229, 1, 1, 1
57, 3, 638, 517, 266, 247, 1, 1, 1
58, 3, 650, 519, 277, 252, 1, 1, 1
59, 3, 668, 521, 272, 251, 1, 1, 1
60, 3, 676, 524, 284, 249, 1, 1, 1
61, 3, 682, 529, 302, 242, 1, 1, 1
62, 3, 686, 530, 331, 245, 1, 1, 1
63, 3, 696, 534, 361, 243, 1, 1, 1
64, 3, 739, 536, 332, 243, 1, 1, 1
65, 3, 784, 536, 306, 242, 1, 1, 1
66, 3, 794, 547, 323, 230, 1, 1, 1
67, 3, 801, 551, 346, 235, 1, 1, 1
68, 3, 820, 557, 356, 239, 1, 1, 1
69, 3, 848, 559, 328, 239, 1, 1, 1
70, 3, 853, 558, 336, 239, 1, 1, 1
71, 3, 849, 559, 356, 238, 1, 1, 1
72, 3, 850, 564, 372, 235, 1, 1, 1
73, 3, 857, 568, 395, 229, 1, 1, 1
74, 3, 880, 568, 438, 230, 1, 1, 1
75, 3, 942, 569, 384, 241, 1, 1, 1
76, 3, 988, 566, 349, 240, 1, 1, 1
56, 4, 394, 329, 141, 183, 1, 1, 1
57, 4, 390, 326, 143, 181, 1, 1, 1
58, 4, 386, 326, 146, 166, 1, 1, 1
59, 4, 389, 326, 144, 168, 1, 1, 1
60, 4, 393, 325, 142, 171, 1, 1, 1
61, 4, 392, 323, 141, 172, 1, 1, 1
62, 4, 397, 326, 135, 172, 1, 1, 1
63, 4, 399, 326, 131, 173, 1, 1, 1
64, 4, 399, 328, 131, 170, 1, 1, 1
65, 4, 401, 329, 130, 171, 1, 1, 1
66, 4, 406, 329, 126, 164, 1, 1, 1
67, 4, 406, 332, 125, 127, 1, 1, 1
68, 4, 407, 331, 121, 123, 1, 1, 1
69, 4, 410, 331, 122, 115, 1, 1, 1
70, 4, 415, 332, 116, 103, 1, 1, 1
71, 4, 420, 331, 112, 104, 1, 1, 1
