77, 4, 583, 247, 64, 82, 1, 1, 1
78, 4, 570, 233, 87, 96, 1, 1, 1
79, 4, 567, 229, 82, 101, 1, 1, 1
80, 4, 569, 227, 80, 103, 1, 1, 1
81, 4, 569, 236, 80, 94, 1, 1, 1
82, 4, 563, 233, 78, 96, 1, 1, 1
83, 4, 560, 226, 80, 103, 1, 1, 1
84, 4, 552, 223, 82, 105, 1, 1, 1
85, 4, 548, 225, 83, 106, 1, 1, 1
86, 4, 543, 230, 88, 102, 1, 1, 1
87, 4, 538, 231, 91, 102, 1, 1, 1
88, 4, 553, 232, 71, 100, 1, 1, 1
119, 4, 239, 245, 69, 94, 1, 1, 1
120, 4, 238, 241, 82, 100, 1, 1, 1
121, 4, 235, 238, 84, 103, 1, 1, 1
122, 4, 232, 232, 84, 108, 1, 1, 1
123, 4, 235, 232, 78, 107, 1, 1, 1
124, 4, 237, 234, 81, 105, 1, 1, 1
125, 4, 240, 234, 80, 104, 1, 1, 1
126, 4, 238, 232, 82, 108, 1, 1, 1
