5, 1, 429, 31, 1033, 962, 1, 1, 1
6, 1, 280, 35, 1150, 933, 1, 1, 1
7, 1, 251, 37, 1183, 931, 1, 1, 1
8, 1, 233, 42, 1202, 926, 1, 1, 1
9, 1, 352, 47, 1072, 922, 1, 1, 1
10, 1, 345, 45, 1055, 923, 1, 1, 1
11, 1, 341, 46, 1041, 923, 1, 1, 1
12, 1, 349, 47, 1062, 922, 1, 1, 1
13, 1, 344, 52, 1145, 917, 1, 1, 1
14, 1, 333, 52, 1208, 916, 1, 1, 1
15, 1, 392, 50, 1191, 919, 1, 1, 1
16, 1, 448, 43, 1171, 924, 1, 1, 1
17, 1, 464, 39, 1179, 930, 1, 1, 1
2, 4, 167, 369, 141, 102, 1, 1, 1
3, 4, 135, 372, 147, 98, 1, 1, 1
4, 4, 103, 369, 156, 103, 1, 1, 1
5, 4, 80, 369, 160, 101, 1, 1, 1
6, 4, 62, 369, 159, 101, 1, 1, 1
7, 4, 43, 371, 169, 99, 1, 1, 1
8, 4, 32, 373, 165, 98, 1, 1, 1
9, 4, 31, 368, 162, 103, 1, 1, 1
10, 4, 29, 373, 163, 91, 1, 1, 1
11, 4, 32, 370, 161, 92, 1, 1, 1
12, 4, 36, 373, 161, 83, 1, 1, 1
13, 4, 40, 373, 162, 77, 1, 1, 1
