54, 11, 1146, 231, 23, 47, 1, 1, 1
55, 11, 1144, 203, 31, 74, 1, 1, 1
56, 11, 1146, 205, 31, 64, 1, 1, 1
57, 11, 1073, 203, 116, 87, 1, 1, 1
58, 11, 1055, 184, 138, 103, 1, 1, 1
59, 11, 1031, 169, 161, 106, 1, 1, 1
60, 11, 969, 162, 229, 106, 1, 1, 1
61, 11, 988, 159, 218, 116, 1, 1, 1
62, 11, 992, 157, 214, 151, 1, 1, 1
63, 11, 995, 146, 224, 133, 1, 1, 1
64, 11, 983, 140, 240, 132, 1, 1, 1
65, 11, 983, 132, 243, 132, 1, 1, 1
66, 11, 971, 128, 265, 117, 1, 1, 1
67, 11, 946, 128, 267, 116, 1, 1, 1
68, 11, 930, 143, 262, 112, 1, 1, 1
69, 11, 910, 171, 262, 115, 1, 1, 1
70, 11, 887, 195, 261, 118, 1, 1, 1
71, 11, 862, 219, 271, 148, 1, 1, 1
72, 11, 770, 245, 348, 166, 1, 1, 1
73, 11, 742, 254, 361, 165, 1, 1, 1
74, 11, 735, 263, 335, 75, 1, 1, 1
75, 11, 866, 267, 214, 62, 1, 1, 1
76, 11, 896, 265, 169, 43, 1, 1, 1
77, 11, 899, 254, 118, 22, 1, 1, 1
78, 11, 929, 263, 65, 13, 1, 1, 1
79, 11, 871, 248, 113, 24, 1, 1, 1
80, 11, 876, 224, 100, 43, 1, 1, 1
81, 11, 908, 232, 80, 26, 1, 1, 1
82, 11, 815, 238, 131, 44, 1, 1, 1
83, 11, 813, 235, 114, 53, 1, 1, 1
84, 11, 809, 234, 123, 64, 1, 1, 1
85, 11, 806, 221, 155, 98, 1, 1, 1
86, 11, 812, 221, 147, 109, 1, 1, 1
87, 11, 800, 213, 154, 139, 1, 1, 1
88, 11, 789, 206, 152, 163, 1, 1, 1
89, 11, 782, 196, 145, 171, 1, 1, 1
90, 11, 773, 184, 139, 156, 1, 1, 1
91, 11, 771, 175, 143, 134, 1, 1, 1
92, 11, 771, 161, 210, 156, 1, 1, 1
93, 11, 771, 157, 130, 152, 1, 1, 1
94, 11, 771, 159, 145, 155, 1, 1, 1
95, 11, 769, 160, 125, 150, 1, 1, 1
96, 11, 769, 160, 114, 109, 1, 1, 1
97, 11, 769, 156, 113, 115, 1, 1, 1
98, 11, 769, 151, 112, 117, 1, 1, 1
99, 11, 762, 148, 106, 117, 1, 1, 1
100, 11, 756, 143, 96, 119, 1, 1, 1
101, 11, 754, 144, 80, 106, 1, 1, 1
102, 11, 748, 131, 59, 81, 1, 1, 1
103, 11, 736, 157, 70, 37, 1, 1, 1
104, 11, 729, 129, 71, 57, 1, 1, 1
105, 11, 729, 121, 76, 63, 1, 1, 1
106, 11, 725, 109, 82, 81, 1, 1, 1
107, 11, 697, 97, 97, 75, 1, 1, 1
108, 11, 685, 91, 132, 128, 1, 1, 1
109, 11, 692, 81, 128, 76, 1, 1, 1
110, 11, 684, 75, 87, 99, 1, 1, 1
111, 11, 657, 88, 106, 107, 1, 1, 1
112, 11, 687, 136, 66, 103, 1, 1, 1
113, 11, 634, 196, 104, 95, 1, 1, 1
114, 11, 616, 217, 109, 79, 1, 1, 1
115, 11, 603, 222, 97, 90, 1, 1, 1
116, 11, 595, 235, 111, 153, 1, 1, 1
117, 11, 584, 228, 93, 156, 1, 1, 1
118, 11, 581, 222, 89, 164, 1, 1, 1
119, 11, 528, 211, 138, 164, 1, 1, 1
120, 11, 509, 198, 163, 110, 1, 1, 1
