59, 3, 611, 124, 64, 80, 1, 1, 1
60, 3, 611, 121, 61, 80, 1, 1, 1
61, 3, 611, 117, 67, 92, 1, 1, 1
62, 3, 610, 115, 73, 98, 1, 1, 1
63, 3, 608, 114, 78, 98, 1, 1, 1
64, 3, 608, 114, 79, 97, 1, 1, 1
65, 3, 608, 114, 79, 98, 1, 1, 1
66, 3, 608, 115, 80, 96, 1, 1, 1
67, 3, 609, 115, 84, 102, 1, 1, 1
68, 3, 607, 114, 85, 128, 1, 1, 1
69, 3, 608, 114, 86, 128, 1, 1, 1
70, 3, 608, 115, 85, 127, 1, 1, 1
71, 3, 608, 115, 83, 127, 1, 1, 1
72, 3, 609, 115, 79, 127, 1, 1, 1
73, 3, 610, 114, 83, 127, 1, 1, 1
74, 3, 610, 114, 83, 127, 1, 1, 1
75, 3, 609, 113, 82, 128, 1, 1, 1
76, 3, 609, 113, 79, 128, 1, 1, 1
77, 3, 610, 113, 79, 127, 1, 1, 1
78, 3, 609, 113, 81, 127, 1, 1, 1
79, 3, 610, 113, 80, 126, 1, 1, 1
80, 3, 611, 111, 79, 128, 1, 1, 1
81, 3, 610, 110, 82, 129, 1, 1, 1
82, 3, 609, 110, 82, 128, 1, 1, 1
83, 3, 609, 110, 81, 128, 1, 1, 1
84, 3, 611, 107, 80, 130, 1, 1, 1
85, 3, 610, 108, 81, 128, 1, 1, 1
86, 3, 611, 109, 79, 128, 1, 1, 1
87, 3, 611, 109, 79, 127, 1, 1, 1
88, 3, 611, 110, 79, 125, 1, 1, 1
89, 3, 612, 110, 77, 126, 1, 1, 1
90, 3, 613, 106, 77, 130, 1, 1, 1
91, 3, 612, 108, 79, 126, 1, 1, 1
92, 3, 612, 108, 79, 128, 1, 1, 1
93, 3, 612, 108, 79, 122, 1, 1, 1
94, 3, 612, 108, 77, 126, 1, 1, 1
95, 3, 612, 108, 76, 126, 1, 1, 1
96, 3, 612, 108, 76, 127, 1, 1, 1
97, 3, 612, 108, 76, 128, 1, 1, 1
98, 3, 611, 108, 77, 127, 1, 1, 1
99, 3, 612, 107, 76, 128, 1, 1, 1
100, 3, 611, 109, 77, 125, 1, 1, 1
101, 3, 610, 109, 76, 126, 1, 1, 1
