29, 2, 384, 103, 535, 567, 1, 1, 1
30, 2, 335, 77, 582, 583, 1, 1, 1
31, 2, 292, 115, 608, 558, 1, 1, 1
32, 2, 306, 165, 662, 509, 1, 1, 1
33, 2, 326, 173, 694, 511, 1, 1, 1
34, 2, 331, 141, 655, 541, 1, 1, 1
35, 2, 353, 79, 607, 551, 1, 1, 1
36, 2, 325, 94, 646, 568, 1, 1, 1
37, 2, 436, 91, 548, 560, 1, 1, 1
38, 2, 464, 172, 604, 501, 1, 1, 1
39, 2, 430, 157, 644, 502, 1, 1, 1
40, 2, 436, 83, 643, 443, 1, 1, 1
41, 2, 517, 62, 473, 427, 1, 1, 1
42, 2, 458, 150, 541, 400, 1, 1, 1
43, 2, 477, 214, 586, 327, 1, 1, 1
44, 2, 557, 226, 503, 312, 1, 1, 1
45, 2, 444, 268, 639, 361, 1, 1, 1
46, 2, 536, 264, 581, 399, 1, 1, 1
47, 2, 502, 286, 654, 379, 1, 1, 1
48, 2, 510, 294, 656, 371, 1, 1, 1
49, 2, 514, 286, 660, 384, 1, 1, 1
50, 2, 511, 311, 645, 362, 1, 1, 1
51, 2, 496, 349, 703, 321, 1, 1, 1
52, 2, 493, 317, 739, 298, 1, 1, 1
53, 2, 499, 287, 699, 378, 1, 1, 1
54, 2, 510, 313, 694, 320, 1, 1, 1
55, 2, 511, 312, 661, 334, 1, 1, 1
56, 2, 517, 368, 669, 290, 1, 1, 1
57, 2, 515, 369, 683, 295, 1, 1, 1
58, 2, 519, 274, 665, 362, 1, 1, 1
59, 2, 531, 255, 669, 389, 1, 1, 1
60, 2, 530, 270, 579, 373, 1, 1, 1
61, 2, 538, 297, 613, 353, 1, 1, 1
62, 2, 573, 281, 593, 388, 1, 1, 1
63, 2, 568, 243, 611, 447, 1, 1, 1
64, 2, 538, 240, 563, 442, 1, 1, 1
65, 2, 413, 310, 649, 352, 1, 1, 1
66, 2, 422, 309, 645, 368, 1, 1, 1
67, 2, 421, 367, 672, 320, 1, 1, 1
68, 2, 416, 340, 683, 355, 1, 1, 1
69, 2, 413, 316, 693, 380, 1, 1, 1
70, 2, 367, 244, 742, 460, 1, 1, 1
71, 2, 358, 220, 720, 450, 1, 1, 1
72, 2, 364, 273, 656, 384, 1, 1, 1
73, 2, 329, 308, 666, 349, 1, 1, 1
74, 2, 326, 331, 705, 340, 1, 1, 1
75, 2, 378, 403, 660, 330, 1, 1, 1
76, 2, 431, 383, 644, 340, 1, 1, 1
77, 2, 569, 324, 540, 472, 1, 1, 1
78, 2, 510, 295, 638, 488, 1, 1, 1
79, 2, 382, 343, 711, 377, 1, 1, 1
80, 2, 316, 139, 875, 628, 1, 1, 1
81, 2, 345, 97, 870, 691, 1, 1, 1
82, 2, 197, 200, 1000, 509, 1, 1, 1
83, 2, 190, 172, 962, 385, 1, 1, 1
84, 2, 287, 188, 906, 494, 1, 1, 1
85, 2, 239, 255, 1018, 503, 1, 1, 1
86, 2, 207, 298, 995, 588, 1, 1, 1
87, 2, 171, 260, 1066, 460, 1, 1, 1
88, 2, 401, 91, 894, 622, 1, 1, 1
89, 2, 260, 315, 1025, 498, 1, 1, 1
90, 2, 268, 298, 1021, 360, 1, 1, 1
91, 2, 277, 296, 1004, 458, 1, 1, 1
92, 2, 237, 102, 1026, 708, 1, 1, 1
93, 2, 281, 287, 994, 410, 1, 1, 1
94, 2, 269, 289, 1006, 464, 1, 1, 1
95, 2, 203, 293, 742, 480, 1, 1, 1
96, 2, 201, 326, 755, 425, 1, 1, 1
97, 2, 252, 150, 730, 561, 1, 1, 1
98, 2, 257, 230, 605, 451, 1, 1, 1
99, 2, 520, 71, 398, 732, 1, 1, 1
100, 2, 275, 78, 624, 606, 1, 1, 1
101, 2, 503, 317, 555, 397, 1, 1, 1
102, 2, 501, 169, 419, 645, 1, 1, 1
103, 2, 545, 75, 521, 646, 1, 1, 1
104, 2, 486, 120, 564, 643, 1, 1, 1
105, 2, 406, 117, 673, 591, 1, 1, 1
106, 2, 579, 167, 528, 635, 1, 1, 1
107, 2, 479, 79, 615, 608, 1, 1, 1
108, 2, 528, 23, 402, 798, 1, 1, 1
109, 2, 396, 4, 569, 818, 1, 1, 1
110, 2, 396, 131, 623, 731, 1, 1, 1
111, 2, 302, 106, 561, 713, 1, 1, 1
112, 2, 383, 120, 492, 655, 1, 1, 1
113, 2, 414, 69, 532, 711, 1, 1, 1
114, 2, 238, 351, 594, 374, 1, 1, 1
115, 2, 328, 160, 461, 633, 1, 1, 1
116, 2, 378, 228, 544, 571, 1, 1, 1
117, 2, 234, 153, 713, 604, 1, 1, 1
118, 2, 385, 371, 568, 387, 1, 1, 1
119, 2, 303, 129, 671, 635, 1, 1, 1
120, 2, 280, 100, 699, 662, 1, 1, 1
