1, 1, 0, 251, 275, 829, 1, 1, 1
2, 1, 6, 248, 311, 832, 1, 1, 1
3, 1, 92, 238, 269, 842, 1, 1, 1
4, 1, 162, 240, 356, 840, 1, 1, 1
5, 1, 201, 248, 392, 832, 1, 1, 1
6, 1, 338, 241, 261, 839, 1, 1, 1
7, 1, 441, 242, 279, 838, 1, 1, 1
8, 1, 465, 253, 380, 827, 1, 1, 1
9, 1, 555, 242, 283, 838, 1, 1, 1
10, 1, 686, 238, 228, 842, 1, 1, 1
11, 1, 724, 254, 389, 826, 1, 1, 1
12, 1, 784, 255, 351, 825, 1, 1, 1
13, 1, 942, 249, 256, 831, 1, 1, 1
14, 1, 988, 256, 328, 824, 1, 1, 1
15, 1, 972, 248, 398, 832, 1, 1, 1
16, 1, 944, 250, 541, 830, 1, 1, 1
17, 1, 971, 260, 548, 820, 1, 1, 1
18, 1, 1033, 255, 502, 825, 1, 1, 1
19, 1, 1148, 247, 420, 833, 1, 1, 1
20, 1, 1244, 252, 370, 828, 1, 1, 1
21, 1, 1299, 257, 382, 823, 1, 1, 1
22, 1, 1330, 253, 428, 827, 1, 1, 1
23, 1, 1439, 256, 373, 824, 1, 1, 1
24, 1, 1488, 261, 333, 819, 1, 1, 1
25, 1, 1511, 270, 319, 810, 1, 1, 1
26, 1, 1525, 274, 329, 806, 1, 1, 1
27, 1, 1554, 274, 325, 806, 1, 1, 1
28, 1, 1559, 284, 361, 787, 1, 1, 1
29, 1, 1567, 288, 353, 772, 1, 1, 1
30, 1, 1611, 281, 309, 780, 1, 1, 1
