6, 1, 289, 394, 208, 235, 1, 1, 1
7, 1, 286, 371, 236, 259, 1, 1, 1
8, 1, 287, 364, 246, 263, 1, 1, 1
9, 1, 284, 332, 261, 295, 1, 1, 1
10, 1, 288, 328, 260, 296, 1, 1, 1
11, 1, 260, 324, 297, 301, 1, 1, 1
12, 1, 297, 328, 263, 293, 1, 1, 1
13, 1, 263, 328, 305, 302, 1, 1, 1
14, 1, 308, 320, 273, 305, 1, 1, 1
15, 1, 319, 320, 270, 304, 1, 1, 1
16, 1, 335, 309, 268, 316, 1, 1, 1
17, 1, 371, 314, 253, 317, 1, 1, 1
18, 1, 376, 309, 264, 315, 1, 1, 1
19, 1, 387, 319, 267, 309, 1, 1, 1
20, 1, 408, 310, 268, 317, 1, 1, 1
21, 1, 426, 307, 270, 316, 1, 1, 1
22, 1, 441, 312, 266, 308, 1, 1, 1
23, 1, 480, 315, 260, 304, 1, 1, 1
24, 1, 487, 313, 273, 305, 1, 1, 1
25, 1, 509, 305, 268, 293, 1, 1, 1
26, 1, 530, 295, 266, 299, 1, 1, 1
27, 1, 555, 291, 258, 324, 1, 1, 1
28, 1, 577, 288, 246, 313, 1, 1, 1
29, 1, 594, 281, 246, 317, 1, 1, 1
30, 1, 600, 279, 251, 324, 1, 1, 1
31, 1, 612, 279, 248, 328, 1, 1, 1
32, 1, 626, 282, 251, 324, 1, 1, 1
33, 1, 658, 281, 233, 326, 1, 1, 1
34, 1, 669, 280, 237, 329, 1, 1, 1
35, 1, 695, 276, 228, 335, 1, 1, 1
36, 1, 711, 280, 226, 330, 1, 1, 1
37, 1, 713, 284, 243, 325, 1, 1, 1
38, 1, 720, 287, 255, 322, 1, 1, 1
39, 1, 753, 284, 243, 316, 1, 1, 1
40, 1, 758, 284, 255, 319, 1, 1, 1
41, 1, 779, 291, 255, 309, 1, 1, 1
42, 1, 807, 290, 238, 311, 1, 1, 1
43, 1, 826, 283, 239, 312, 1, 1, 1
44, 1, 843, 272, 229, 325, 1, 1, 1
45, 1, 861, 268, 229, 335, 1, 1, 1
46, 1, 889, 266, 216, 335, 1, 1, 1
47, 1, 892, 265, 226, 332, 1, 1, 1
48, 1, 893, 258, 238, 348, 1, 1, 1
49, 1, 915, 255, 230, 345, 1, 1, 1
50, 1, 921, 256, 235, 335, 1, 1, 1
51, 1, 936, 262, 234, 334, 1, 1, 1
52, 1, 959, 265, 216, 327, 1, 1, 1
53, 1, 985, 265, 198, 326, 1, 1, 1
54, 1, 996, 263, 191, 328, 1, 1, 1
55, 1, 1006, 263, 189, 330, 1, 1, 1
56, 1, 1019, 265, 181, 326, 1, 1, 1
57, 1, 1047, 265, 165, 328, 1, 1, 1
58, 1, 1051, 261, 170, 336, 1, 1, 1
59, 1, 1060, 256, 171, 337, 1, 1, 1
60, 1, 1067, 253, 175, 334, 1, 1, 1
61, 1, 1089, 255, 164, 327, 1, 1, 1
62, 1, 1086, 256, 179, 326, 1, 1, 1
63, 1, 1109, 258, 171, 321, 1, 1, 1
64, 1, 1111, 261, 188, 321, 1, 1, 1
65, 1, 1087, 263, 226, 317, 1, 1, 1
66, 1, 1105, 269, 225, 316, 1, 1, 1
67, 1, 1158, 268, 229, 315, 1, 1, 1
68, 1, 1167, 271, 239, 311, 1, 1, 1
69, 1, 1192, 280, 240, 300, 1, 1, 1
70, 1, 1220, 286, 234, 292, 1, 1, 1
71, 1, 1253, 275, 211, 299, 1, 1, 1
72, 1, 1277, 268, 201, 307, 1, 1, 1
73, 1, 1236, 267, 270, 307, 1, 1, 1
74, 1, 1266, 261, 257, 309, 1, 1, 1
75, 1, 1324, 257, 207, 312, 1, 1, 1
