143, 6, 92, 88, 444, 298, 1, 1, 1
144, 6, 84, 108, 453, 319, 1, 1, 1
145, 6, 120, 84, 443, 329, 1, 1, 1
146, 6, 111, 106, 449, 323, 1, 1, 1
147, 6, 110, 56, 452, 404, 1, 1, 1
148, 6, 105, 1, 461, 448, 1, 1, 1
149, 6, 90, 6, 466, 444, 1, 1, 1
150, 6, 92, 27, 468, 446, 1, 1, 1
151, 6, 86, 28, 470, 454, 1, 1, 1
152, 6, 81, 50, 478, 416, 1, 1, 1
153, 6, 80, 30, 477, 434, 1, 1, 1
154, 6, 80, 42, 478, 406, 1, 1, 1
155, 6, 69, 53, 487, 405, 1, 1, 1
156, 6, 70, 68, 483, 414, 1, 1, 1
157, 6, 77, 58, 480, 419, 1, 1, 1
158, 6, 73, 56, 470, 414, 1, 1, 1
159, 6, 62, 78, 474, 404, 1, 1, 1
160, 6, 42, 60, 471, 416, 1, 1, 1
161, 6, 16, 47, 487, 438, 1, 1, 1
162, 6, 18, 62, 482, 427, 1, 1, 1
163, 6, 6, 67, 482, 428, 1, 1, 1
164, 6, 0, 65, 477, 437, 1, 1, 1
165, 6, 2, 61, 480, 397, 1, 1, 1
166, 6, 0, 81, 472, 376, 1, 1, 1
167, 6, 0, 33, 476, 414, 1, 1, 1
168, 6, 0, 0, 465, 398, 1, 1, 1
169, 6, 0, 0, 416, 380, 1, 1, 1
170, 6, 0, 0, 361, 382, 1, 1, 1
171, 6, 0, 0, 308, 426, 1, 1, 1
