3, 1, 435, 248, 181, 52, 1, 1, 1
4, 1, 439, 249, 183, 51, 1, 1, 1
5, 1, 440, 253, 187, 46, 1, 1, 1
6, 1, 447, 255, 182, 48, 1, 1, 1
7, 1, 449, 255, 185, 49, 1, 1, 1
8, 1, 455, 253, 181, 47, 1, 1, 1
9, 1, 464, 256, 181, 42, 1, 1, 1
10, 1, 472, 256, 175, 44, 1, 1, 1
11, 1, 479, 259, 170, 38, 1, 1, 1
12, 1, 487, 261, 169, 35, 1, 1, 1
13, 1, 493, 258, 165, 38, 1, 1, 1
14, 1, 510, 260, 138, 32, 1, 1, 1
15, 1, 512, 260, 130, 33, 1, 1, 1
16, 1, 524, 261, 172, 46, 1, 1, 1
17, 1, 529, 260, 175, 51, 1, 1, 1
18, 1, 544, 262, 170, 51, 1, 1, 1
19, 1, 548, 261, 173, 66, 1, 1, 1
20, 1, 552, 262, 175, 56, 1, 1, 1
21, 1, 557, 260, 173, 64, 1, 1, 1
22, 1, 559, 255, 170, 66, 1, 1, 1
