1, 1, 594, 87, 169, 110, 1, 1, 1
2, 1, 606, 109, 105, 91, 1, 1, 1
3, 1, 557, 116, 125, 88, 1, 1, 1
4, 1, 494, 135, 117, 86, 1, 1, 1
5, 1, 427, 115, 150, 126, 1, 1, 1
6, 1, 351, 119, 129, 94, 1, 1, 1
7, 1, 284, 152, 125, 104, 1, 1, 1
8, 1, 199, 145, 132, 99, 1, 1, 1
9, 1, 167, 142, 102, 103, 1, 1, 1
10, 1, 134, 138, 83, 91, 1, 1, 1
11, 1, 125, 136, 61, 89, 1, 1, 1
12, 1, 119, 126, 58, 88, 1, 1, 1
13, 1, 117, 113, 72, 72, 1, 1, 1
14, 1, 140, 98, 71, 65, 1, 1, 1
15, 1, 174, 97, 65, 62, 1, 1, 1
16, 1, 200, 103, 84, 64, 1, 1, 1
17, 1, 225, 104, 66, 62, 1, 1, 1
18, 1, 263, 91, 105, 54, 1, 1, 1
19, 1, 318, 96, 78, 64, 1, 1, 1
20, 1, 348, 99, 46, 60, 1, 1, 1
23, 1, 528, 89, 15, 11, 1, 1, 1
24, 1, 502, 79, 101, 81, 1, 1, 1
25, 1, 558, 92, 91, 79, 1, 1, 1
26, 1, 606, 96, 91, 77, 1, 1, 1
27, 1, 680, 85, 94, 87, 1, 1, 1
28, 1, 725, 127, 131, 76, 1, 1, 1
29, 1, 799, 128, 114, 93, 1, 1, 1
1, 1, 594, 87, 169, 110, 1, 1, 1
2, 1, 606, 109, 105, 91, 1, 1, 1
3, 1, 557, 116, 125, 88, 1, 1, 1
4, 1, 494, 135, 117, 86, 1, 1, 1
5, 1, 427, 115, 150, 126, 1, 1, 1
6, 1, 351, 119, 129, 94, 1, 1, 1
7, 1, 284, 152, 125, 104, 1, 1, 1
8, 1, 199, 145, 132, 99, 1, 1, 1
9, 1, 167, 142, 102, 103, 1, 1, 1
10, 1, 134, 138, 83, 91, 1, 1, 1
11, 1, 125, 136, 61, 89, 1, 1, 1
12, 1, 119, 126, 58, 88, 1, 1, 1
13, 1, 117, 113, 72, 72, 1, 1, 1
14, 1, 140, 98, 71, 65, 1, 1, 1
15, 1, 174, 97, 65, 62, 1, 1, 1
16, 1, 200, 103, 84, 64, 1, 1, 1
17, 1, 225, 104, 66, 62, 1, 1, 1
18, 1, 263, 91, 105, 54, 1, 1, 1
19, 1, 318, 96, 78, 64, 1, 1, 1
20, 1, 348, 99, 46, 60, 1, 1, 1
23, 1, 528, 89, 15, 11, 1, 1, 1
24, 1, 502, 79, 101, 81, 1, 1, 1
25, 1, 558, 92, 91, 79, 1, 1, 1
26, 1, 606, 96, 91, 77, 1, 1, 1
27, 1, 680, 85, 94, 87, 1, 1, 1
28, 1, 725, 127, 131, 76, 1, 1, 1
29, 1, 799, 128, 114, 93, 1, 1, 1
