36, 2, 107, 119, 445, 249, 1, 1, 1
37, 2, 78, 96, 412, 272, 1, 1, 1
38, 2, 56, 82, 409, 286, 1, 1, 1
39, 2, 23, 104, 429, 264, 1, 1, 1
40, 2, 14, 132, 392, 236, 1, 1, 1
41, 2, 25, 133, 367, 235, 1, 1, 1
42, 2, 23, 133, 340, 235, 1, 1, 1
43, 2, 23, 123, 333, 245, 1, 1, 1
44, 2, 13, 115, 323, 253, 1, 1, 1
45, 2, 0, 116, 289, 252, 1, 1, 1
46, 2, 0, 107, 276, 261, 1, 1, 1
47, 2, 0, 100, 270, 268, 1, 1, 1
48, 2, 0, 94, 272, 274, 1, 1, 1
49, 2, 0, 93, 272, 275, 1, 1, 1
50, 2, 0, 88, 267, 280, 1, 1, 1
51, 2, 0, 82, 262, 284, 1, 1, 1
52, 2, 0, 79, 262, 288, 1, 1, 1
53, 2, 0, 78, 251, 290, 1, 1, 1
54, 2, 0, 88, 251, 280, 1, 1, 1
55, 2, 0, 93, 258, 275, 1, 1, 1
56, 2, 0, 90, 258, 278, 1, 1, 1
57, 2, 0, 97, 255, 271, 1, 1, 1
