23, 2, 798, 517, 441, 563, 1, 1, 1
24, 2, 758, 506, 434, 511, 1, 1, 1
25, 2, 725, 512, 436, 555, 1, 1, 1
26, 2, 814, 518, 334, 562, 1, 1, 1
27, 2, 703, 519, 509, 561, 1, 1, 1
28, 2, 700, 514, 426, 566, 1, 1, 1
29, 2, 707, 517, 420, 563, 1, 1, 1
30, 2, 701, 514, 405, 566, 1, 1, 1
31, 2, 684, 516, 411, 564, 1, 1, 1
32, 2, 624, 529, 454, 551, 1, 1, 1
33, 2, 639, 527, 405, 553, 1, 1, 1
34, 2, 647, 523, 344, 553, 1, 1, 1
35, 2, 633, 527, 328, 548, 1, 1, 1
36, 2, 629, 548, 317, 532, 1, 1, 1
37, 2, 616, 544, 331, 536, 1, 1, 1
38, 2, 605, 544, 331, 536, 1, 1, 1
39, 2, 585, 524, 347, 556, 1, 1, 1
40, 2, 536, 532, 385, 548, 1, 1, 1
41, 2, 440, 522, 460, 558, 1, 1, 1
42, 2, 386, 531, 484, 549, 1, 1, 1
43, 2, 345, 523, 522, 557, 1, 1, 1
44, 2, 319, 524, 495, 556, 1, 1, 1
45, 2, 300, 502, 495, 578, 1, 1, 1
46, 2, 239, 508, 546, 572, 1, 1, 1
47, 2, 254, 518, 528, 562, 1, 1, 1
