65, 2, 592, 392, 441, 414, 1, 1, 1
66, 2, 609, 390, 439, 420, 1, 1, 1
67, 2, 610, 418, 447, 386, 1, 1, 1
68, 2, 631, 435, 440, 369, 1, 1, 1
69, 2, 654, 434, 465, 368, 1, 1, 1
70, 2, 692, 431, 457, 367, 1, 1, 1
71, 2, 715, 444, 459, 359, 1, 1, 1
72, 2, 725, 445, 461, 352, 1, 1, 1
73, 2, 732, 437, 459, 362, 1, 1, 1
74, 2, 735, 431, 462, 369, 1, 1, 1
75, 2, 739, 427, 458, 372, 1, 1, 1
76, 2, 747, 414, 454, 388, 1, 1, 1
77, 2, 744, 414, 454, 386, 1, 1, 1
78, 2, 745, 414, 455, 390, 1, 1, 1
79, 2, 742, 408, 457, 391, 1, 1, 1
80, 2, 740, 403, 461, 392, 1, 1, 1
81, 2, 745, 399, 457, 392, 1, 1, 1
82, 2, 741, 395, 461, 390, 1, 1, 1
83, 2, 744, 392, 457, 391, 1, 1, 1
84, 2, 748, 393, 465, 389, 1, 1, 1
85, 2, 784, 392, 465, 386, 1, 1, 1
86, 2, 824, 382, 467, 387, 1, 1, 1
87, 2, 861, 368, 463, 380, 1, 1, 1
88, 2, 868, 347, 467, 380, 1, 1, 1
89, 2, 843, 335, 464, 379, 1, 1, 1
90, 2, 809, 340, 459, 379, 1, 1, 1
91, 2, 773, 369, 464, 371, 1, 1, 1
92, 2, 752, 402, 472, 357, 1, 1, 1
93, 2, 743, 436, 496, 346, 1, 1, 1
94, 2, 747, 457, 518, 342, 1, 1, 1
95, 2, 768, 490, 540, 325, 1, 1, 1
96, 2, 821, 496, 528, 326, 1, 1, 1
97, 2, 853, 489, 532, 336, 1, 1, 1
98, 2, 843, 487, 555, 340, 1, 1, 1
99, 2, 857, 505, 556, 335, 1, 1, 1
100, 2, 876, 513, 541, 338, 1, 1, 1
