1, 1, 53, 208, 372, 403, 1, 1, 1
2, 1, 38, 198, 369, 421, 1, 1, 1
3, 1, 21, 184, 370, 414, 1, 1, 1
4, 1, 8, 178, 384, 415, 1, 1, 1
5, 1, 1, 167, 374, 415, 1, 1, 1
6, 1, 0, 157, 368, 416, 1, 1, 1
7, 1, 0, 150, 357, 412, 1, 1, 1
8, 1, 0, 140, 368, 416, 1, 1, 1
9, 1, 0, 114, 333, 431, 1, 1, 1
10, 1, 0, 121, 330, 419, 1, 1, 1
11, 1, 0, 108, 328, 424, 1, 1, 1
12, 1, 0, 87, 318, 438, 1, 1, 1
13, 1, 0, 82, 315, 436, 1, 1, 1
14, 1, 0, 74, 305, 430, 1, 1, 1
15, 1, 0, 71, 301, 433, 1, 1, 1
16, 1, 0, 72, 299, 427, 1, 1, 1
17, 1, 0, 66, 305, 431, 1, 1, 1
18, 1, 0, 60, 299, 433, 1, 1, 1
19, 1, 0, 62, 309, 437, 1, 1, 1
20, 1, 0, 61, 305, 436, 1, 1, 1
21, 1, 0, 65, 309, 433, 1, 1, 1
22, 1, 0, 66, 321, 432, 1, 1, 1
23, 1, 0, 66, 321, 438, 1, 1, 1
24, 1, 0, 61, 317, 447, 1, 1, 1
25, 1, 0, 67, 322, 443, 1, 1, 1
26, 1, 0, 97, 357, 408, 1, 1, 1
27, 1, 0, 130, 379, 354, 1, 1, 1
28, 1, 0, 126, 390, 357, 1, 1, 1
29, 1, 0, 126, 392, 357, 1, 1, 1
30, 1, 0, 121, 384, 361, 1, 1, 1
31, 1, 0, 115, 376, 367, 1, 1, 1
32, 1, 0, 115, 362, 368, 1, 1, 1
33, 1, 0, 108, 343, 375, 1, 1, 1
34, 1, 0, 106, 317, 376, 1, 1, 1
35, 1, 0, 103, 291, 374, 1, 1, 1
36, 1, 0, 102, 258, 346, 1, 1, 1
37, 1, 0, 108, 259, 350, 1, 1, 1
