79, 3, 53, 444, 636, 553, 1, 1, 1
80, 3, 54, 441, 634, 557, 1, 1, 1
81, 3, 52, 398, 634, 606, 1, 1, 1
82, 3, 53, 398, 634, 610, 1, 1, 1
83, 3, 54, 397, 632, 609, 1, 1, 1
84, 3, 53, 398, 633, 603, 1, 1, 1
85, 3, 52, 367, 632, 685, 1, 1, 1
86, 3, 50, 368, 633, 686, 1, 1, 1
87, 3, 49, 369, 633, 686, 1, 1, 1
88, 3, 46, 371, 634, 685, 1, 1, 1
89, 3, 45, 371, 633, 686, 1, 1, 1
90, 3, 44, 374, 634, 685, 1, 1, 1
91, 3, 43, 374, 628, 685, 1, 1, 1
92, 3, 42, 376, 613, 684, 1, 1, 1
93, 3, 40, 377, 634, 685, 1, 1, 1
94, 3, 39, 378, 634, 686, 1, 1, 1
95, 3, 39, 379, 634, 685, 1, 1, 1
96, 3, 39, 380, 634, 637, 1, 1, 1
