1, 6, 570, 679, 432, 266, 1, 1, 1
2, 6, 590, 694, 467, 251, 1, 1, 1
3, 6, 574, 698, 463, 247, 1, 1, 1
4, 6, 535, 691, 526, 254, 1, 1, 1
5, 6, 481, 692, 575, 253, 1, 1, 1
6, 6, 445, 690, 584, 255, 1, 1, 1
7, 6, 398, 701, 631, 244, 1, 1, 1
8, 6, 368, 704, 661, 241, 1, 1, 1
9, 6, 358, 717, 669, 228, 1, 1, 1
10, 6, 375, 717, 665, 228, 1, 1, 1
11, 6, 398, 721, 661, 224, 1, 1, 1
12, 6, 430, 725, 652, 220, 1, 1, 1
13, 6, 419, 720, 679, 225, 1, 1, 1
14, 6, 417, 740, 709, 205, 1, 1, 1
15, 6, 432, 712, 715, 233, 1, 1, 1
16, 6, 444, 708, 727, 237, 1, 1, 1
17, 6, 461, 698, 720, 247, 1, 1, 1
18, 6, 476, 692, 717, 253, 1, 1, 1
19, 6, 513, 682, 677, 263, 1, 1, 1
20, 6, 512, 678, 694, 267, 1, 1, 1
21, 6, 519, 672, 706, 273, 1, 1, 1
22, 6, 551, 662, 674, 282, 1, 1, 1
23, 6, 570, 654, 691, 291, 1, 1, 1
24, 6, 585, 649, 679, 290, 1, 1, 1
25, 6, 600, 641, 686, 292, 1, 1, 1
26, 6, 611, 635, 696, 293, 1, 1, 1
27, 6, 628, 632, 706, 313, 1, 1, 1
28, 6, 649, 629, 724, 313, 1, 1, 1
29, 6, 676, 635, 715, 310, 1, 1, 1
30, 6, 706, 617, 715, 328, 1, 1, 1
31, 6, 731, 619, 714, 326, 1, 1, 1
32, 6, 733, 606, 718, 339, 1, 1, 1
33, 6, 745, 619, 710, 326, 1, 1, 1
34, 6, 730, 623, 727, 322, 1, 1, 1
35, 6, 720, 615, 712, 329, 1, 1, 1
36, 6, 720, 626, 724, 319, 1, 1, 1
37, 6, 727, 606, 704, 329, 1, 1, 1
38, 6, 730, 612, 721, 333, 1, 1, 1
39, 6, 736, 606, 743, 338, 1, 1, 1
40, 6, 751, 635, 739, 310, 1, 1, 1
41, 6, 808, 664, 731, 281, 1, 1, 1
42, 6, 865, 694, 745, 251, 1, 1, 1
43, 6, 893, 724, 730, 221, 1, 1, 1
44, 6, 911, 705, 728, 240, 1, 1, 1
45, 6, 918, 713, 743, 232, 1, 1, 1
46, 6, 907, 721, 718, 224, 1, 1, 1
47, 6, 885, 723, 725, 222, 1, 1, 1
48, 6, 852, 726, 734, 219, 1, 1, 1
49, 6, 929, 732, 632, 213, 1, 1, 1
50, 6, 898, 729, 677, 216, 1, 1, 1
51, 6, 898, 730, 696, 215, 1, 1, 1
52, 6, 854, 707, 728, 238, 1, 1, 1
53, 6, 837, 716, 754, 229, 1, 1, 1
54, 6, 823, 735, 718, 210, 1, 1, 1
55, 6, 826, 726, 696, 219, 1, 1, 1
56, 6, 942, 744, 539, 201, 1, 1, 1
57, 6, 967, 766, 503, 179, 1, 1, 1
58, 6, 935, 782, 494, 163, 1, 1, 1
59, 6, 910, 795, 456, 150, 1, 1, 1
60, 6, 914, 806, 439, 139, 1, 1, 1
61, 6, 935, 808, 410, 137, 1, 1, 1
62, 6, 911, 795, 495, 150, 1, 1, 1
63, 6, 942, 775, 454, 170, 1, 1, 1
64, 6, 952, 789, 472, 156, 1, 1, 1
65, 6, 983, 794, 481, 151, 1, 1, 1
66, 6, 1022, 803, 474, 142, 1, 1, 1
67, 6, 1002, 798, 523, 147, 1, 1, 1
68, 6, 1046, 789, 467, 156, 1, 1, 1
69, 6, 1038, 773, 462, 172, 1, 1, 1
70, 6, 1030, 778, 416, 167, 1, 1, 1
