44, 3, 831, 226, 51, 101, 1, 1, 1
45, 3, 814, 228, 67, 100, 1, 1, 1
46, 3, 799, 228, 75, 97, 1, 1, 1
47, 3, 792, 232, 69, 99, 1, 1, 1
48, 3, 777, 226, 78, 106, 1, 1, 1
49, 3, 769, 230, 79, 94, 1, 1, 1
50, 3, 762, 231, 85, 107, 1, 1, 1
51, 3, 761, 232, 71, 119, 1, 1, 1
52, 3, 748, 239, 67, 122, 1, 1, 1
53, 3, 737, 237, 80, 116, 1, 1, 1
54, 3, 732, 241, 79, 119, 1, 1, 1
55, 3, 730, 241, 76, 117, 1, 1, 1
56, 3, 729, 241, 77, 127, 1, 1, 1
57, 3, 725, 244, 80, 124, 1, 1, 1
58, 3, 723, 244, 60, 121, 1, 1, 1
59, 3, 721, 241, 60, 133, 1, 1, 1
60, 3, 724, 244, 58, 137, 1, 1, 1
61, 3, 720, 248, 61, 132, 1, 1, 1
62, 3, 715, 247, 66, 134, 1, 1, 1
63, 3, 702, 247, 73, 146, 1, 1, 1
64, 3, 683, 257, 82, 133, 1, 1, 1
65, 3, 672, 255, 91, 138, 1, 1, 1
33, 2, 861, 214, 41, 97, 1, 1, 1
34, 2, 849, 209, 45, 108, 1, 1, 1
35, 2, 840, 220, 47, 96, 1, 1, 1
36, 2, 832, 221, 48, 105, 1, 1, 1
37, 2, 829, 228, 45, 99, 1, 1, 1
38, 2, 822, 221, 46, 107, 1, 1, 1
39, 2, 816, 231, 49, 106, 1, 1, 1
40, 2, 807, 230, 57, 106, 1, 1, 1
41, 2, 803, 234, 60, 116, 1, 1, 1
42, 2, 799, 235, 61, 113, 1, 1, 1
43, 2, 791, 238, 61, 122, 1, 1, 1
44, 2, 777, 241, 69, 117, 1, 1, 1
45, 2, 769, 240, 76, 127, 1, 1, 1
46, 2, 760, 247, 84, 125, 1, 1, 1
47, 2, 757, 247, 81, 123, 1, 1, 1
48, 2, 749, 253, 83, 128, 1, 1, 1
49, 2, 742, 255, 79, 123, 1, 1, 1
50, 2, 740, 250, 82, 128, 1, 1, 1
51, 2, 741, 255, 81, 133, 1, 1, 1
52, 2, 757, 240, 68, 147, 1, 1, 1
53, 2, 757, 259, 64, 126, 1, 1, 1
36, 1, 820, 210, 58, 79, 1, 1, 1
37, 1, 820, 205, 54, 88, 1, 1, 1
38, 1, 822, 210, 48, 83, 1, 1, 1
39, 1, 829, 209, 37, 51, 1, 1, 1
40, 1, 830, 207, 36, 50, 1, 1, 1
41, 1, 834, 208, 31, 100, 1, 1, 1
42, 1, 835, 207, 29, 59, 1, 1, 1
43, 1, 836, 207, 41, 97, 1, 1, 1
44, 1, 835, 202, 43, 38, 1, 1, 1
45, 1, 834, 198, 44, 46, 1, 1, 1
46, 1, 827, 204, 47, 96, 1, 1, 1
47, 1, 823, 204, 51, 95, 1, 1, 1
48, 1, 823, 205, 53, 93, 1, 1, 1
49, 1, 825, 203, 48, 106, 1, 1, 1
50, 1, 825, 202, 48, 113, 1, 1, 1
51, 1, 826, 208, 53, 111, 1, 1, 1
52, 1, 831, 210, 52, 109, 1, 1, 1
53, 1, 832, 216, 56, 113, 1, 1, 1
54, 1, 831, 219, 55, 112, 1, 1, 1
55, 1, 830, 228, 58, 121, 1, 1, 1
56, 1, 832, 231, 59, 116, 1, 1, 1
57, 1, 832, 233, 70, 136, 1, 1, 1
58, 1, 834, 240, 76, 144, 1, 1, 1
59, 1, 839, 251, 92, 143, 1, 1, 1
60, 1, 852, 261, 101, 142, 1, 1, 1
61, 1, 868, 262, 85, 161, 1, 1, 1
62, 1, 866, 262, 84, 161, 1, 1, 1
63, 1, 846, 272, 104, 174, 1, 1, 1
64, 1, 827, 274, 116, 169, 1, 1, 1
65, 1, 822, 279, 120, 176, 1, 1, 1
