75, 3, 658, 375, 393, 247, 1, 1, 1
76, 3, 653, 389, 399, 232, 1, 1, 1
77, 3, 644, 410, 347, 212, 1, 1, 1
78, 3, 636, 410, 356, 217, 1, 1, 1
79, 3, 630, 415, 363, 214, 1, 1, 1
80, 3, 626, 424, 379, 210, 1, 1, 1
81, 3, 629, 458, 208, 178, 1, 1, 1
82, 3, 631, 464, 274, 173, 1, 1, 1
83, 3, 635, 462, 274, 180, 1, 1, 1
84, 3, 635, 454, 275, 191, 1, 1, 1
85, 3, 645, 435, 263, 210, 1, 1, 1
86, 3, 649, 427, 265, 224, 1, 1, 1
87, 3, 656, 424, 263, 227, 1, 1, 1
88, 3, 663, 414, 258, 230, 1, 1, 1
89, 3, 667, 402, 256, 236, 1, 1, 1
90, 3, 672, 395, 253, 240, 1, 1, 1
91, 3, 678, 390, 253, 255, 1, 1, 1
92, 3, 687, 382, 245, 250, 1, 1, 1
93, 3, 675, 381, 255, 243, 1, 1, 1
94, 3, 663, 394, 266, 234, 1, 1, 1
95, 3, 664, 402, 262, 224, 1, 1, 1
96, 3, 673, 410, 262, 219, 1, 1, 1
97, 3, 695, 434, 254, 208, 1, 1, 1
98, 3, 723, 453, 247, 202, 1, 1, 1
99, 3, 757, 457, 247, 224, 1, 1, 1
100, 3, 772, 444, 308, 227, 1, 1, 1
101, 3, 785, 439, 307, 226, 1, 1, 1
102, 3, 792, 433, 252, 223, 1, 1, 1
178, 3, 475, 454, 578, 326, 1, 1, 1
179, 3, 478, 455, 577, 324, 1, 1, 1
180, 3, 480, 461, 580, 322, 1, 1, 1
181, 3, 484, 464, 579, 319, 1, 1, 1
182, 3, 488, 468, 570, 316, 1, 1, 1
183, 3, 495, 460, 555, 321, 1, 1, 1
184, 3, 494, 454, 548, 328, 1, 1, 1
185, 3, 484, 453, 554, 327, 1, 1, 1
186, 3, 477, 447, 558, 334, 1, 1, 1
