43, 9, 1721, 340, 135, 264, 1, 1, 1
44, 9, 1693, 342, 133, 256, 1, 1, 1
45, 9, 1654, 345, 140, 274, 1, 1, 1
46, 9, 1622, 348, 133, 241, 1, 1, 1
47, 9, 1581, 355, 144, 253, 1, 1, 1
48, 9, 1538, 357, 147, 284, 1, 1, 1
49, 9, 1494, 362, 152, 313, 1, 1, 1
50, 9, 1452, 368, 162, 329, 1, 1, 1
51, 9, 1416, 366, 164, 341, 1, 1, 1
52, 9, 1380, 368, 171, 337, 1, 1, 1
53, 9, 1339, 373, 177, 330, 1, 1, 1
54, 9, 1291, 374, 182, 321, 1, 1, 1
55, 9, 1239, 376, 179, 332, 1, 1, 1
56, 9, 1179, 381, 181, 363, 1, 1, 1
57, 9, 1103, 384, 200, 413, 1, 1, 1
58, 9, 1029, 387, 209, 458, 1, 1, 1
59, 9, 946, 392, 222, 494, 1, 1, 1
60, 9, 863, 397, 226, 512, 1, 1, 1
61, 9, 764, 402, 238, 506, 1, 1, 1
62, 9, 644, 406, 264, 507, 1, 1, 1
63, 9, 513, 414, 294, 553, 1, 1, 1
