33, 11, 0, 524, 11, 116, 1, 1, 1
34, 11, 0, 513, 34, 137, 1, 1, 1
35, 11, 0, 500, 60, 151, 1, 1, 1
36, 11, 0, 489, 97, 159, 1, 1, 1
37, 11, 0, 475, 151, 174, 1, 1, 1
38, 11, 0, 484, 214, 164, 1, 1, 1
39, 11, 88, 488, 216, 168, 1, 1, 1
40, 11, 125, 493, 254, 158, 1, 1, 1
41, 11, 216, 495, 233, 145, 1, 1, 1
42, 11, 285, 479, 222, 156, 1, 1, 1
43, 11, 342, 464, 198, 169, 1, 1, 1
44, 11, 362, 455, 214, 173, 1, 1, 1
45, 11, 422, 446, 191, 162, 1, 1, 1
46, 11, 454, 450, 188, 160, 1, 1, 1
47, 11, 464, 453, 206, 150, 1, 1, 1
48, 11, 471, 445, 199, 144, 1, 1, 1
49, 11, 494, 435, 164, 150, 1, 1, 1
50, 11, 487, 432, 173, 146, 1, 1, 1
51, 11, 492, 432, 170, 130, 1, 1, 1
52, 11, 471, 427, 182, 131, 1, 1, 1
53, 11, 442, 419, 188, 135, 1, 1, 1
54, 11, 436, 419, 167, 138, 1, 1, 1
55, 11, 404, 414, 173, 148, 1, 1, 1
56, 11, 384, 417, 174, 138, 1, 1, 1
57, 11, 391, 417, 148, 133, 1, 1, 1
58, 11, 356, 417, 172, 134, 1, 1, 1
59, 11, 368, 418, 156, 128, 1, 1, 1
60, 11, 353, 419, 154, 128, 1, 1, 1
61, 11, 325, 420, 159, 128, 1, 1, 1
62, 11, 328, 420, 137, 121, 1, 1, 1
63, 11, 309, 420, 143, 122, 1, 1, 1
64, 11, 290, 421, 165, 119, 1, 1, 1
65, 11, 315, 416, 146, 118, 1, 1, 1
66, 11, 312, 414, 157, 118, 1, 1, 1
67, 11, 314, 415, 137, 113, 1, 1, 1
68, 11, 319, 414, 129, 113, 1, 1, 1
69, 11, 309, 415, 143, 114, 1, 1, 1
70, 11, 320, 416, 147, 105, 1, 1, 1
71, 11, 355, 415, 126, 108, 1, 1, 1
72, 11, 352, 413, 134, 110, 1, 1, 1
73, 11, 372, 413, 128, 104, 1, 1, 1
74, 11, 410, 411, 120, 101, 1, 1, 1
