1, 1, 735, 189, 107, 223, 1, 1, 1
2, 1, 747, 204, 159, 130, 1, 1, 1
3, 1, 742, 189, 90, 225, 1, 1, 1
4, 1, 749, 181, 99, 230, 1, 1, 1
5, 1, 751, 182, 129, 232, 1, 1, 1
6, 1, 758, 177, 142, 236, 1, 1, 1
7, 1, 728, 151, 170, 261, 1, 1, 1
8, 1, 705, 152, 199, 272, 1, 1, 1
9, 1, 703, 169, 198, 256, 1, 1, 1
10, 1, 701, 176, 197, 247, 1, 1, 1
11, 1, 699, 184, 198, 243, 1, 1, 1
12, 1, 701, 168, 173, 254, 1, 1, 1
13, 1, 700, 159, 183, 264, 1, 1, 1
14, 1, 702, 155, 171, 266, 1, 1, 1
15, 1, 699, 151, 181, 272, 1, 1, 1
16, 1, 699, 148, 182, 272, 1, 1, 1
17, 1, 700, 148, 181, 274, 1, 1, 1
18, 1, 702, 145, 181, 280, 1, 1, 1
19, 1, 703, 138, 180, 283, 1, 1, 1
20, 1, 705, 138, 177, 285, 1, 1, 1
21, 1, 702, 138, 159, 283, 1, 1, 1
22, 1, 698, 144, 138, 279, 1, 1, 1
23, 1, 697, 143, 171, 280, 1, 1, 1
24, 1, 697, 143, 166, 160, 1, 1, 1
25, 1, 704, 142, 156, 145, 1, 1, 1
26, 1, 712, 140, 155, 141, 1, 1, 1
27, 1, 700, 135, 176, 137, 1, 1, 1
28, 1, 711, 142, 161, 132, 1, 1, 1
29, 1, 706, 138, 169, 133, 1, 1, 1
30, 1, 712, 137, 114, 67, 1, 1, 1
31, 1, 727, 133, 148, 218, 1, 1, 1
32, 1, 726, 135, 145, 209, 1, 1, 1
33, 1, 721, 137, 139, 278, 1, 1, 1
34, 1, 723, 138, 123, 279, 1, 1, 1
35, 1, 724, 139, 121, 279, 1, 1, 1
36, 1, 726, 139, 119, 280, 1, 1, 1
37, 1, 725, 138, 123, 216, 1, 1, 1
38, 1, 728, 142, 122, 215, 1, 1, 1
39, 1, 733, 143, 126, 260, 1, 1, 1
40, 1, 739, 177, 135, 203, 1, 1, 1
41, 1, 739, 189, 134, 204, 1, 1, 1
42, 1, 742, 196, 120, 192, 1, 1, 1
43, 1, 742, 200, 122, 167, 1, 1, 1
44, 1, 746, 203, 101, 182, 1, 1, 1
45, 1, 744, 204, 103, 178, 1, 1, 1
1, 3, 906, 58, 205, 243, 1, 1, 1
2, 3, 898, 57, 211, 253, 1, 1, 1
3, 3, 893, 58, 216, 258, 1, 1, 1
4, 3, 904, 57, 204, 252, 1, 1, 1
5, 3, 913, 59, 199, 271, 1, 1, 1
6, 3, 892, 56, 217, 270, 1, 1, 1
7, 3, 893, 59, 224, 262, 1, 1, 1
