10, 2, 3, 328, 697, 774, 1, 1, 1
11, 2, 0, 257, 760, 747, 1, 1, 1
12, 2, 116, 348, 651, 643, 1, 1, 1
13, 2, 366, 358, 440, 605, 1, 1, 1
14, 2, 441, 340, 373, 607, 1, 1, 1
15, 2, 445, 322, 377, 591, 1, 1, 1
16, 2, 402, 321, 437, 594, 1, 1, 1
17, 2, 324, 331, 521, 588, 1, 1, 1
18, 2, 457, 328, 379, 594, 1, 1, 1
19, 2, 417, 274, 425, 646, 1, 1, 1
20, 2, 316, 303, 529, 619, 1, 1, 1
21, 2, 235, 329, 592, 590, 1, 1, 1
22, 2, 202, 297, 636, 620, 1, 1, 1
23, 2, 186, 347, 809, 522, 1, 1, 1
24, 2, 169, 328, 801, 545, 1, 1, 1
25, 2, 161, 319, 795, 554, 1, 1, 1
26, 2, 121, 335, 847, 539, 1, 1, 1
27, 2, 128, 332, 866, 539, 1, 1, 1
28, 2, 147, 325, 817, 546, 1, 1, 1
