1, 1, 359, 43, 221, 140, 1, 1, 1
2, 1, 368, 37, 177, 137, 1, 1, 1
3, 1, 388, 27, 156, 139, 1, 1, 1
4, 1, 383, 6, 160, 151, 1, 1, 1
5, 1, 380, 7, 182, 153, 1, 1, 1
6, 1, 354, 3, 171, 157, 1, 1, 1
7, 1, 350, 0, 152, 156, 1, 1, 1
8, 1, 310, 0, 189, 161, 1, 1, 1
9, 1, 362, 0, 112, 166, 1, 1, 1
10, 1, 356, 0, 116, 164, 1, 1, 1
11, 1, 342, 0, 124, 165, 1, 1, 1
12, 1, 355, 0, 118, 163, 1, 1, 1
13, 1, 352, 0, 121, 163, 1, 1, 1
14, 1, 353, 0, 112, 164, 1, 1, 1
15, 1, 349, 0, 127, 164, 1, 1, 1
16, 1, 350, 0, 130, 165, 1, 1, 1
17, 1, 348, 10, 124, 164, 1, 1, 1
18, 1, 341, 16, 127, 162, 1, 1, 1
19, 1, 273, 11, 177, 174, 1, 1, 1
20, 1, 269, 17, 133, 170, 1, 1, 1
21, 1, 233, 11, 163, 178, 1, 1, 1
22, 1, 247, 12, 156, 173, 1, 1, 1
23, 1, 280, 11, 161, 174, 1, 1, 1
24, 1, 280, 12, 147, 174, 1, 1, 1
25, 1, 260, 9, 170, 170, 1, 1, 1
26, 1, 246, 9, 176, 169, 1, 1, 1
27, 1, 167, 7, 273, 161, 1, 1, 1
28, 1, 195, 4, 245, 160, 1, 1, 1
29, 1, 184, 2, 235, 154, 1, 1, 1
30, 1, 171, 6, 246, 147, 1, 1, 1
1, 2, 348, 27, 149, 141, 1, 1, 1
2, 2, 331, 24, 139, 117, 1, 1, 1
3, 2, 333, 6, 130, 148, 1, 1, 1
4, 2, 347, 0, 114, 152, 1, 1, 1
5, 2, 342, 2, 109, 147, 1, 1, 1
6, 2, 361, 7, 92, 140, 1, 1, 1
7, 2, 386, 15, 98, 124, 1, 1, 1
9, 2, 360, 33, 20, 93, 1, 1, 1
10, 2, 341, 6, 53, 130, 1, 1, 1
11, 2, 328, 3, 57, 135, 1, 1, 1
12, 2, 313, 0, 77, 142, 1, 1, 1
13, 2, 278, 0, 122, 145, 1, 1, 1
14, 2, 308, 1, 84, 144, 1, 1, 1
15, 2, 307, 0, 79, 145, 1, 1, 1
16, 2, 308, 1, 86, 146, 1, 1, 1
17, 2, 303, 6, 93, 149, 1, 1, 1
18, 2, 302, 11, 101, 148, 1, 1, 1
19, 2, 294, 31, 128, 130, 1, 1, 1
20, 2, 377, 28, 76, 149, 1, 1, 1
21, 2, 374, 27, 92, 143, 1, 1, 1
22, 2, 370, 27, 87, 130, 1, 1, 1
23, 2, 352, 15, 80, 125, 1, 1, 1
24, 2, 342, 19, 108, 144, 1, 1, 1
25, 2, 378, 21, 139, 141, 1, 1, 1
26, 2, 381, 20, 175, 145, 1, 1, 1
27, 2, 362, 13, 265, 148, 1, 1, 1
28, 2, 383, 8, 246, 154, 1, 1, 1
29, 2, 387, 2, 253, 154, 1, 1, 1
30, 2, 373, 3, 267, 154, 1, 1, 1
