41, 3, 0, 56, 376, 326, 1, 1, 1
42, 3, 22, 78, 390, 270, 1, 1, 1
43, 3, 6, 77, 414, 269, 1, 1, 1
44, 3, 0, 75, 416, 270, 1, 1, 1
45, 3, 0, 74, 418, 272, 1, 1, 1
46, 3, 0, 71, 419, 276, 1, 1, 1
47, 3, 0, 74, 422, 279, 1, 1, 1
48, 3, 0, 75, 424, 280, 1, 1, 1
49, 3, 0, 76, 420, 281, 1, 1, 1
50, 3, 0, 76, 421, 281, 1, 1, 1
51, 3, 0, 77, 422, 284, 1, 1, 1
52, 3, 0, 78, 420, 283, 1, 1, 1
53, 3, 0, 79, 416, 282, 1, 1, 1
54, 3, 0, 78, 409, 282, 1, 1, 1
55, 3, 0, 78, 409, 283, 1, 1, 1
56, 3, 0, 77, 407, 283, 1, 1, 1
57, 3, 0, 77, 409, 284, 1, 1, 1
58, 3, 0, 82, 408, 284, 1, 1, 1
59, 3, 0, 87, 410, 284, 1, 1, 1
60, 3, 0, 92, 414, 288, 1, 1, 1
61, 3, 0, 96, 415, 285, 1, 1, 1
62, 3, 0, 97, 414, 287, 1, 1, 1
63, 3, 0, 97, 416, 289, 1, 1, 1
64, 3, 0, 96, 416, 289, 1, 1, 1
65, 3, 0, 97, 414, 290, 1, 1, 1
66, 3, 0, 96, 415, 292, 1, 1, 1
67, 3, 0, 96, 411, 292, 1, 1, 1
68, 3, 0, 96, 410, 293, 1, 1, 1
69, 3, 0, 96, 410, 292, 1, 1, 1
70, 3, 0, 96, 408, 293, 1, 1, 1
71, 3, 0, 96, 406, 292, 1, 1, 1
72, 3, 0, 94, 406, 294, 1, 1, 1
73, 3, 0, 96, 404, 288, 1, 1, 1
74, 3, 0, 96, 397, 289, 1, 1, 1
75, 3, 0, 94, 393, 291, 1, 1, 1
76, 3, 0, 91, 387, 296, 1, 1, 1
77, 3, 0, 86, 385, 303, 1, 1, 1
78, 3, 0, 79, 376, 312, 1, 1, 1
79, 3, 0, 78, 385, 317, 1, 1, 1
80, 3, 17, 102, 397, 311, 1, 1, 1
81, 3, 138, 140, 393, 304, 1, 1, 1
82, 3, 330, 168, 379, 307, 1, 1, 1
83, 3, 369, 188, 374, 299, 1, 1, 1
84, 3, 401, 200, 377, 303, 1, 1, 1
85, 3, 418, 207, 376, 299, 1, 1, 1
86, 3, 428, 209, 376, 301, 1, 1, 1
87, 3, 445, 210, 379, 299, 1, 1, 1
