1, 1, 190, 211, 321, 317, 1, 1, 1
2, 1, 193, 206, 326, 319, 1, 1, 1
3, 1, 196, 206, 327, 321, 1, 1, 1
4, 1, 197, 199, 334, 326, 1, 1, 1
5, 1, 203, 198, 338, 330, 1, 1, 1
6, 1, 206, 195, 342, 332, 1, 1, 1
7, 1, 207, 190, 346, 338, 1, 1, 1
8, 1, 210, 185, 349, 341, 1, 1, 1
9, 1, 210, 181, 352, 347, 1, 1, 1
10, 1, 216, 177, 353, 356, 1, 1, 1
11, 1, 218, 175, 360, 357, 1, 1, 1
12, 1, 220, 173, 365, 360, 1, 1, 1
13, 1, 224, 170, 370, 363, 1, 1, 1
14, 1, 224, 166, 376, 367, 1, 1, 1
15, 1, 226, 161, 378, 374, 1, 1, 1
16, 1, 228, 158, 385, 379, 1, 1, 1
17, 1, 229, 154, 397, 381, 1, 1, 1
18, 1, 233, 149, 403, 390, 1, 1, 1
19, 1, 235, 146, 409, 390, 1, 1, 1
20, 1, 238, 143, 416, 395, 1, 1, 1
21, 1, 240, 138, 422, 401, 1, 1, 1
22, 1, 244, 135, 428, 404, 1, 1, 1
23, 1, 245, 130, 437, 412, 1, 1, 1
24, 1, 250, 126, 442, 417, 1, 1, 1
25, 1, 254, 121, 449, 422, 1, 1, 1
26, 1, 256, 116, 460, 428, 1, 1, 1
27, 1, 257, 114, 469, 431, 1, 1, 1
28, 1, 263, 108, 479, 438, 1, 1, 1
29, 1, 266, 102, 491, 446, 1, 1, 1
30, 1, 269, 98, 499, 452, 1, 1, 1
31, 1, 270, 94, 505, 457, 1, 1, 1
32, 1, 275, 89, 514, 463, 1, 1, 1
33, 1, 278, 83, 522, 469, 1, 1, 1
34, 1, 285, 81, 532, 474, 1, 1, 1
35, 1, 296, 74, 544, 479, 1, 1, 1
36, 1, 300, 65, 555, 489, 1, 1, 1
37, 1, 302, 61, 563, 495, 1, 1, 1
38, 1, 305, 53, 575, 503, 1, 1, 1
39, 1, 310, 49, 587, 508, 1, 1, 1
40, 1, 319, 44, 595, 515, 1, 1, 1
41, 1, 322, 38, 613, 519, 1, 1, 1
42, 1, 325, 33, 627, 524, 1, 1, 1
43, 1, 328, 23, 644, 534, 1, 1, 1
44, 1, 333, 17, 659, 543, 1, 1, 1
45, 1, 337, 8, 670, 551, 1, 1, 1
46, 1, 338, 0, 688, 561, 1, 1, 1
47, 1, 347, 0, 703, 561, 1, 1, 1
48, 1, 354, 0, 716, 561, 1, 1, 1
49, 1, 359, 0, 734, 565, 1, 1, 1
50, 1, 368, 0, 749, 564, 1, 1, 1
51, 1, 371, 0, 769, 567, 1, 1, 1
52, 1, 373, 0, 793, 573, 1, 1, 1
53, 1, 383, 0, 811, 579, 1, 1, 1
54, 1, 389, 0, 832, 585, 1, 1, 1
1, 2, 496, 234, 387, 287, 1, 1, 1
2, 2, 497, 230, 393, 293, 1, 1, 1
3, 2, 502, 228, 395, 293, 1, 1, 1
4, 2, 495, 226, 410, 296, 1, 1, 1
5, 2, 515, 224, 399, 298, 1, 1, 1
6, 2, 518, 218, 406, 302, 1, 1, 1
7, 2, 520, 217, 414, 306, 1, 1, 1
8, 2, 530, 213, 414, 310, 1, 1, 1
9, 2, 530, 211, 422, 312, 1, 1, 1
10, 2, 536, 209, 428, 314, 1, 1, 1
11, 2, 543, 206, 437, 318, 1, 1, 1
12, 2, 546, 207, 445, 320, 1, 1, 1
13, 2, 558, 205, 446, 322, 1, 1, 1
14, 2, 562, 202, 456, 326, 1, 1, 1
15, 2, 568, 198, 460, 331, 1, 1, 1
16, 2, 580, 197, 459, 334, 1, 1, 1
17, 2, 588, 194, 466, 336, 1, 1, 1
18, 2, 589, 191, 476, 338, 1, 1, 1
19, 2, 606, 187, 470, 343, 1, 1, 1
20, 2, 620, 185, 469, 348, 1, 1, 1
21, 2, 626, 181, 472, 348, 1, 1, 1
22, 2, 635, 177, 477, 353, 1, 1, 1
23, 2, 647, 174, 480, 359, 1, 1, 1
24, 2, 657, 169, 483, 365, 1, 1, 1
25, 2, 666, 164, 487, 369, 1, 1, 1
26, 2, 677, 157, 490, 376, 1, 1, 1
27, 2, 683, 155, 496, 382, 1, 1, 1
28, 2, 696, 151, 502, 387, 1, 1, 1
29, 2, 709, 147, 510, 391, 1, 1, 1
30, 2, 720, 143, 518, 397, 1, 1, 1
31, 2, 733, 140, 523, 402, 1, 1, 1
32, 2, 743, 136, 536, 406, 1, 1, 1
33, 2, 753, 133, 527, 411, 1, 1, 1
34, 2, 766, 129, 514, 419, 1, 1, 1
35, 2, 784, 119, 496, 428, 1, 1, 1
36, 2, 796, 122, 484, 427, 1, 1, 1
37, 2, 811, 109, 469, 440, 1, 1, 1
38, 2, 826, 109, 454, 442, 1, 1, 1
39, 2, 839, 108, 441, 442, 1, 1, 1
40, 2, 854, 99, 426, 451, 1, 1, 1
41, 2, 872, 94, 408, 458, 1, 1, 1
42, 2, 888, 89, 392, 463, 1, 1, 1
43, 2, 907, 83, 373, 469, 1, 1, 1
44, 2, 925, 78, 355, 475, 1, 1, 1
45, 2, 939, 73, 341, 480, 1, 1, 1
46, 2, 956, 64, 324, 489, 1, 1, 1
47, 2, 981, 59, 299, 494, 1, 1, 1
48, 2, 999, 50, 281, 505, 1, 1, 1
49, 2, 1020, 44, 260, 513, 1, 1, 1
50, 2, 1041, 36, 239, 519, 1, 1, 1
51, 2, 1055, 32, 225, 526, 1, 1, 1
52, 2, 1081, 22, 199, 537, 1, 1, 1
53, 2, 1108, 13, 172, 512, 1, 1, 1
54, 2, 1134, 6, 146, 503, 1, 1, 1
