12, 2, 615, 323, 44, 46, 1, 1, 1
13, 2, 590, 320, 78, 50, 1, 1, 1
14, 2, 566, 314, 93, 59, 1, 1, 1
15, 2, 531, 316, 137, 51, 1, 1, 1
16, 2, 502, 318, 158, 62, 1, 1, 1
17, 2, 471, 316, 203, 63, 1, 1, 1
18, 2, 442, 315, 199, 62, 1, 1, 1
19, 2, 417, 318, 198, 53, 1, 1, 1
20, 2, 393, 319, 176, 76, 1, 1, 1
21, 2, 376, 313, 164, 93, 1, 1, 1
22, 2, 338, 313, 168, 102, 1, 1, 1
23, 2, 344, 313, 129, 110, 1, 1, 1
24, 2, 336, 314, 137, 119, 1, 1, 1
25, 2, 328, 314, 108, 97, 1, 1, 1
26, 2, 257, 301, 148, 89, 1, 1, 1
27, 2, 218, 310, 126, 44, 1, 1, 1
28, 2, 209, 307, 129, 47, 1, 1, 1
29, 2, 195, 304, 103, 78, 1, 1, 1
30, 2, 190, 298, 69, 147, 1, 1, 1
31, 2, 183, 302, 77, 164, 1, 1, 1
32, 2, 194, 303, 86, 148, 1, 1, 1
33, 2, 211, 299, 94, 147, 1, 1, 1
34, 2, 202, 300, 94, 143, 1, 1, 1
35, 2, 244, 291, 87, 123, 1, 1, 1
36, 2, 270, 289, 91, 148, 1, 1, 1
37, 2, 332, 296, 92, 131, 1, 1, 1
38, 2, 375, 295, 87, 118, 1, 1, 1
39, 2, 411, 287, 74, 123, 1, 1, 1
40, 2, 438, 293, 72, 110, 1, 1, 1
41, 2, 440, 294, 81, 111, 1, 1, 1
42, 2, 445, 291, 74, 119, 1, 1, 1
43, 2, 447, 286, 79, 63, 1, 1, 1
44, 2, 455, 273, 77, 122, 1, 1, 1
45, 2, 454, 259, 67, 73, 1, 1, 1
46, 2, 455, 252, 66, 92, 1, 1, 1
47, 2, 452, 242, 67, 105, 1, 1, 1
48, 2, 440, 239, 76, 107, 1, 1, 1
49, 2, 434, 227, 75, 122, 1, 1, 1
50, 2, 424, 229, 75, 111, 1, 1, 1
51, 2, 433, 226, 88, 106, 1, 1, 1
52, 2, 463, 219, 88, 111, 1, 1, 1
53, 2, 484, 211, 85, 118, 1, 1, 1
54, 2, 477, 209, 65, 110, 1, 1, 1
55, 2, 472, 202, 73, 117, 1, 1, 1
56, 2, 471, 197, 66, 100, 1, 1, 1
57, 2, 473, 191, 58, 101, 1, 1, 1
58, 2, 477, 187, 54, 104, 1, 1, 1
59, 2, 480, 185, 52, 104, 1, 1, 1
60, 2, 476, 183, 60, 91, 1, 1, 1
61, 2, 481, 180, 50, 96, 1, 1, 1
62, 2, 482, 172, 56, 103, 1, 1, 1
63, 2, 484, 174, 53, 100, 1, 1, 1
64, 2, 489, 171, 48, 104, 1, 1, 1
65, 2, 485, 171, 53, 83, 1, 1, 1
66, 2, 484, 164, 54, 95, 1, 1, 1
67, 2, 478, 163, 60, 96, 1, 1, 1
68, 2, 465, 159, 72, 103, 1, 1, 1
69, 2, 452, 156, 74, 100, 1, 1, 1
70, 2, 442, 154, 80, 101, 1, 1, 1
71, 2, 429, 150, 75, 96, 1, 1, 1
72, 2, 413, 143, 80, 100, 1, 1, 1
73, 2, 397, 144, 90, 97, 1, 1, 1
74, 2, 383, 141, 78, 94, 1, 1, 1
75, 2, 372, 140, 86, 92, 1, 1, 1
76, 2, 364, 138, 73, 87, 1, 1, 1
77, 2, 363, 141, 59, 49, 1, 1, 1
78, 2, 359, 139, 41, 42, 1, 1, 1
79, 2, 362, 140, 47, 40, 1, 1, 1
80, 2, 313, 135, 70, 38, 1, 1, 1
81, 2, 303, 132, 49, 55, 1, 1, 1
82, 2, 289, 129, 60, 71, 1, 1, 1
83, 2, 278, 127, 62, 74, 1, 1, 1
84, 2, 270, 126, 67, 70, 1, 1, 1
85, 2, 267, 122, 61, 76, 1, 1, 1
86, 2, 255, 123, 65, 74, 1, 1, 1
87, 2, 250, 121, 56, 71, 1, 1, 1
88, 2, 242, 123, 64, 78, 1, 1, 1
89, 2, 233, 119, 56, 70, 1, 1, 1
90, 2, 225, 118, 60, 73, 1, 1, 1
