1, 1, 79, 537, 520, 172, 1, 1, 1
2, 1, 107, 542, 523, 170, 1, 1, 1
3, 1, 132, 546, 524, 171, 1, 1, 1
4, 1, 155, 553, 529, 174, 1, 1, 1
5, 1, 179, 559, 531, 175, 1, 1, 1
6, 1, 203, 565, 533, 172, 1, 1, 1
7, 1, 230, 567, 531, 176, 1, 1, 1
8, 1, 254, 570, 535, 176, 1, 1, 1
9, 1, 279, 571, 536, 177, 1, 1, 1
10, 1, 306, 574, 536, 176, 1, 1, 1
11, 1, 332, 576, 531, 176, 1, 1, 1
12, 1, 354, 579, 533, 177, 1, 1, 1
13, 1, 378, 581, 532, 177, 1, 1, 1
14, 1, 400, 582, 530, 174, 1, 1, 1
15, 1, 422, 583, 529, 173, 1, 1, 1
16, 1, 444, 584, 527, 175, 1, 1, 1
17, 1, 465, 586, 528, 175, 1, 1, 1
18, 1, 488, 586, 526, 173, 1, 1, 1
19, 1, 510, 585, 524, 174, 1, 1, 1
20, 1, 531, 584, 524, 172, 1, 1, 1
21, 1, 554, 582, 522, 171, 1, 1, 1
22, 1, 576, 580, 521, 172, 1, 1, 1
23, 1, 598, 580, 520, 172, 1, 1, 1
24, 1, 619, 584, 521, 169, 1, 1, 1
25, 1, 638, 584, 521, 170, 1, 1, 1
26, 1, 647, 582, 521, 170, 1, 1, 1
27, 1, 638, 579, 522, 172, 1, 1, 1
28, 1, 615, 579, 520, 172, 1, 1, 1
29, 1, 595, 577, 521, 174, 1, 1, 1
30, 1, 589, 582, 524, 172, 1, 1, 1
31, 1, 592, 589, 521, 174, 1, 1, 1
32, 1, 603, 596, 518, 172, 1, 1, 1
33, 1, 613, 598, 520, 170, 1, 1, 1
34, 1, 623, 595, 517, 171, 1, 1, 1
35, 1, 635, 592, 514, 172, 1, 1, 1
36, 1, 643, 595, 515, 171, 1, 1, 1
37, 1, 655, 595, 517, 172, 1, 1, 1
38, 1, 664, 595, 514, 173, 1, 1, 1
39, 1, 668, 596, 517, 172, 1, 1, 1
40, 1, 673, 596, 514, 172, 1, 1, 1
41, 1, 675, 599, 516, 171, 1, 1, 1
