28, 11, 1897, 163, 23, 113, 1, 1, 1
29, 11, 1872, 159, 48, 112, 1, 1, 1
30, 11, 1850, 154, 52, 115, 1, 1, 1
31, 11, 1830, 157, 45, 113, 1, 1, 1
32, 11, 1812, 157, 51, 113, 1, 1, 1
33, 11, 1796, 157, 51, 113, 1, 1, 1
34, 11, 1781, 158, 50, 113, 1, 1, 1
35, 11, 1763, 160, 50, 109, 1, 1, 1
36, 11, 1747, 157, 48, 111, 1, 1, 1
37, 11, 1732, 155, 48, 109, 1, 1, 1
39, 11, 1702, 151, 49, 108, 1, 1, 1
40, 11, 1690, 149, 47, 109, 1, 1, 1
41, 11, 1679, 149, 49, 108, 1, 1, 1
42, 11, 1672, 150, 47, 64, 1, 1, 1
44, 11, 1658, 151, 45, 104, 1, 1, 1
45, 11, 1647, 147, 47, 107, 1, 1, 1
