1, 2, 596, 239, 61, 130, 1, 1, 1
2, 2, 595, 241, 63, 129, 1, 1, 1
3, 2, 598, 238, 55, 130, 1, 1, 1
4, 2, 599, 238, 51, 127, 1, 1, 1
5, 2, 582, 238, 58, 128, 1, 1, 1
6, 2, 572, 236, 57, 133, 1, 1, 1
7, 2, 585, 236, 37, 130, 1, 1, 1
8, 2, 589, 240, 36, 128, 1, 1, 1
9, 2, 553, 235, 77, 134, 1, 1, 1
10, 2, 535, 235, 84, 134, 1, 1, 1
11, 2, 538, 230, 65, 134, 1, 1, 1
12, 2, 520, 226, 59, 135, 1, 1, 1
13, 2, 496, 224, 69, 138, 1, 1, 1
14, 2, 470, 223, 68, 137, 1, 1, 1
15, 2, 449, 219, 67, 140, 1, 1, 1
16, 2, 429, 215, 65, 142, 1, 1, 1
17, 2, 422, 214, 55, 141, 1, 1, 1
18, 2, 404, 210, 51, 144, 1, 1, 1
19, 2, 404, 204, 39, 147, 1, 1, 1
20, 2, 389, 204, 34, 150, 1, 1, 1
21, 2, 363, 202, 60, 155, 1, 1, 1
22, 2, 327, 198, 99, 157, 1, 1, 1
23, 2, 309, 197, 116, 160, 1, 1, 1
24, 2, 298, 197, 105, 160, 1, 1, 1
25, 2, 300, 195, 99, 165, 1, 1, 1
26, 2, 359, 197, 42, 167, 1, 1, 1
27, 2, 370, 196, 30, 170, 1, 1, 1
28, 2, 286, 220, 115, 146, 1, 1, 1
29, 2, 291, 191, 122, 174, 1, 1, 1
30, 2, 302, 190, 149, 179, 1, 1, 1
31, 2, 327, 192, 121, 174, 1, 1, 1
32, 2, 351, 189, 125, 184, 1, 1, 1
33, 2, 391, 187, 125, 186, 1, 1, 1
34, 2, 431, 192, 116, 182, 1, 1, 1
35, 2, 470, 195, 115, 183, 1, 1, 1
36, 2, 500, 188, 120, 188, 1, 1, 1
37, 2, 533, 191, 119, 184, 1, 1, 1
38, 2, 561, 191, 121, 189, 1, 1, 1
39, 2, 594, 197, 117, 189, 1, 1, 1
40, 2, 603, 200, 126, 189, 1, 1, 1
41, 2, 632, 206, 117, 187, 1, 1, 1
42, 2, 654, 210, 119, 187, 1, 1, 1
43, 2, 672, 217, 118, 181, 1, 1, 1
