1, 1, 865, 430, 227, 263, 1, 1, 1
2, 1, 861, 398, 234, 284, 1, 1, 1
3, 1, 862, 396, 238, 269, 1, 1, 1
4, 1, 870, 384, 242, 260, 1, 1, 1
5, 1, 881, 367, 241, 260, 1, 1, 1
6, 1, 884, 369, 243, 243, 1, 1, 1
7, 1, 889, 350, 220, 247, 1, 1, 1
8, 1, 894, 337, 225, 246, 1, 1, 1
9, 1, 897, 333, 232, 244, 1, 1, 1
10, 1, 900, 328, 224, 246, 1, 1, 1
11, 1, 905, 361, 168, 211, 1, 1, 1
12, 1, 929, 470, 218, 96, 1, 1, 1
14, 1, 1015, 313, 137, 245, 1, 1, 1
15, 1, 963, 288, 191, 271, 1, 1, 1
16, 1, 949, 305, 206, 252, 1, 1, 1
17, 1, 919, 288, 241, 269, 1, 1, 1
18, 1, 929, 288, 232, 269, 1, 1, 1
19, 1, 972, 273, 190, 278, 1, 1, 1
20, 1, 976, 265, 182, 198, 1, 1, 1
21, 1, 969, 268, 197, 272, 1, 1, 1
22, 1, 932, 273, 236, 266, 1, 1, 1
23, 1, 935, 277, 231, 199, 1, 1, 1
24, 1, 934, 274, 223, 213, 1, 1, 1
25, 1, 941, 273, 227, 196, 1, 1, 1
26, 1, 1127, 279, 36, 10, 1, 1, 1
30, 1, 1000, 244, 192, 156, 1, 1, 1
