201, 18, 6, 219, 126, 216, 1, 1, 1
202, 18, 138, 160, 124, 204, 1, 1, 1
203, 18, 270, 122, 123, 122, 1, 1, 1
204, 18, 374, 141, 82, 68, 1, 1, 1
205, 18, 621, 99, 64, 86, 1, 1, 1
206, 18, 651, 132, 69, 112, 1, 1, 1
207, 18, 850, 133, 56, 119, 1, 1, 1
208, 18, 855, 121, 99, 129, 1, 1, 1
209, 18, 899, 118, 79, 124, 1, 1, 1
210, 18, 910, 111, 81, 128, 1, 1, 1
211, 18, 911, 111, 80, 126, 1, 1, 1
212, 18, 911, 111, 62, 119, 1, 1, 1
213, 18, 916, 108, 58, 123, 1, 1, 1
214, 18, 921, 109, 53, 117, 1, 1, 1
215, 18, 920, 95, 54, 116, 1, 1, 1
216, 18, 924, 90, 57, 121, 1, 1, 1
217, 18, 929, 91, 54, 115, 1, 1, 1
218, 18, 925, 90, 57, 114, 1, 1, 1
219, 18, 913, 89, 64, 115, 1, 1, 1
220, 18, 894, 87, 61, 111, 1, 1, 1
221, 18, 874, 88, 59, 87, 1, 1, 1
222, 18, 867, 84, 47, 91, 1, 1, 1
223, 18, 865, 84, 58, 91, 1, 1, 1
224, 18, 877, 83, 75, 95, 1, 1, 1
225, 18, 871, 85, 99, 92, 1, 1, 1
226, 18, 864, 86, 106, 92, 1, 1, 1
227, 18, 864, 85, 107, 92, 1, 1, 1
228, 18, 864, 88, 106, 92, 1, 1, 1
229, 18, 866, 81, 87, 96, 1, 1, 1
230, 18, 875, 81, 76, 96, 1, 1, 1
231, 18, 872, 87, 71, 91, 1, 1, 1
232, 18, 870, 86, 73, 92, 1, 1, 1
233, 18, 871, 86, 72, 92, 1, 1, 1
234, 18, 870, 86, 75, 92, 1, 1, 1
235, 18, 868, 83, 95, 95, 1, 1, 1
236, 18, 865, 84, 97, 93, 1, 1, 1
237, 18, 867, 84, 96, 93, 1, 1, 1
238, 18, 895, 78, 67, 100, 1, 1, 1
239, 18, 890, 77, 72, 100, 1, 1, 1
240, 18, 886, 78, 75, 99, 1, 1, 1
241, 18, 891, 78, 70, 100, 1, 1, 1
242, 18, 880, 77, 81, 100, 1, 1, 1
243, 18, 896, 68, 91, 109, 1, 1, 1
244, 18, 975, 85, 42, 84, 1, 1, 1
