1, 1, 760, 494, 130, 118, 1, 1, 1
2, 1, 759, 486, 132, 124, 1, 1, 1
3, 1, 757, 486, 135, 126, 1, 1, 1
4, 1, 756, 485, 132, 124, 1, 1, 1
5, 1, 749, 489, 135, 123, 1, 1, 1
6, 1, 737, 489, 145, 124, 1, 1, 1
7, 1, 731, 487, 146, 128, 1, 1, 1
8, 1, 747, 490, 129, 130, 1, 1, 1
9, 1, 739, 484, 135, 133, 1, 1, 1
10, 1, 724, 491, 144, 131, 1, 1, 1
11, 1, 719, 483, 140, 131, 1, 1, 1
12, 1, 717, 482, 140, 135, 1, 1, 1
13, 1, 714, 478, 135, 134, 1, 1, 1
14, 1, 706, 484, 145, 134, 1, 1, 1
15, 1, 692, 481, 153, 135, 1, 1, 1
16, 1, 684, 482, 157, 136, 1, 1, 1
17, 1, 703, 478, 139, 138, 1, 1, 1
18, 1, 700, 474, 141, 141, 1, 1, 1
19, 1, 700, 469, 139, 138, 1, 1, 1
20, 1, 692, 446, 149, 141, 1, 1, 1
21, 1, 700, 439, 134, 141, 1, 1, 1
22, 1, 698, 445, 141, 143, 1, 1, 1
23, 1, 690, 448, 136, 143, 1, 1, 1
24, 1, 686, 452, 155, 137, 1, 1, 1
25, 1, 695, 452, 144, 142, 1, 1, 1
26, 1, 726, 456, 124, 142, 1, 1, 1
27, 1, 735, 468, 123, 140, 1, 1, 1
28, 1, 742, 488, 129, 140, 1, 1, 1
29, 1, 751, 498, 138, 140, 1, 1, 1
30, 1, 763, 490, 131, 141, 1, 1, 1
31, 1, 758, 492, 134, 141, 1, 1, 1
32, 1, 747, 489, 148, 140, 1, 1, 1
33, 1, 742, 490, 159, 141, 1, 1, 1
34, 1, 745, 487, 152, 145, 1, 1, 1
35, 1, 754, 484, 144, 147, 1, 1, 1
36, 1, 746, 483, 142, 144, 1, 1, 1
37, 1, 734, 485, 144, 145, 1, 1, 1
38, 1, 725, 482, 143, 139, 1, 1, 1
39, 1, 732, 480, 124, 146, 1, 1, 1
40, 1, 709, 470, 132, 146, 1, 1, 1
41, 1, 703, 476, 126, 148, 1, 1, 1
42, 1, 691, 474, 130, 151, 1, 1, 1
1, 2, 889, 503, 88, 105, 1, 1, 1
2, 2, 885, 497, 97, 107, 1, 1, 1
3, 2, 890, 499, 91, 105, 1, 1, 1
4, 2, 894, 496, 83, 108, 1, 1, 1
5, 2, 893, 499, 83, 108, 1, 1, 1
6, 2, 884, 501, 94, 108, 1, 1, 1
7, 2, 879, 502, 96, 109, 1, 1, 1
8, 2, 871, 503, 100, 110, 1, 1, 1
9, 2, 863, 497, 110, 111, 1, 1, 1
10, 2, 860, 505, 105, 111, 1, 1, 1
11, 2, 849, 498, 109, 109, 1, 1, 1
12, 2, 852, 495, 103, 115, 1, 1, 1
13, 2, 856, 494, 100, 112, 1, 1, 1
14, 2, 850, 496, 105, 116, 1, 1, 1
15, 2, 845, 492, 107, 117, 1, 1, 1
16, 2, 843, 496, 107, 118, 1, 1, 1
17, 2, 839, 491, 106, 118, 1, 1, 1
18, 2, 829, 488, 111, 119, 1, 1, 1
19, 2, 837, 482, 107, 120, 1, 1, 1
20, 2, 831, 462, 115, 118, 1, 1, 1
21, 2, 834, 454, 111, 119, 1, 1, 1
22, 2, 851, 457, 100, 124, 1, 1, 1
23, 2, 850, 463, 101, 121, 1, 1, 1
24, 2, 847, 463, 105, 120, 1, 1, 1
25, 2, 843, 463, 111, 122, 1, 1, 1
26, 2, 849, 470, 113, 118, 1, 1, 1
27, 2, 867, 478, 97, 122, 1, 1, 1
28, 2, 874, 500, 97, 120, 1, 1, 1
29, 2, 879, 512, 105, 120, 1, 1, 1
30, 2, 897, 506, 86, 120, 1, 1, 1
31, 2, 899, 506, 74, 120, 1, 1, 1
32, 2, 899, 503, 67, 122, 1, 1, 1
33, 2, 897, 502, 65, 123, 1, 1, 1
34, 2, 892, 503, 60, 119, 1, 1, 1
35, 2, 886, 499, 60, 122, 1, 1, 1
36, 2, 875, 494, 60, 123, 1, 1, 1
37, 2, 865, 493, 62, 124, 1, 1, 1
38, 2, 859, 487, 62, 126, 1, 1, 1
39, 2, 850, 488, 66, 130, 1, 1, 1
40, 2, 836, 478, 70, 129, 1, 1, 1
41, 2, 826, 483, 71, 131, 1, 1, 1
42, 2, 812, 482, 70, 133, 1, 1, 1
1, 3, 974, 508, 62, 93, 1, 1, 1
2, 3, 976, 502, 58, 93, 1, 1, 1
3, 3, 983, 504, 51, 95, 1, 1, 1
4, 3, 979, 504, 48, 94, 1, 1, 1
5, 3, 974, 504, 54, 92, 1, 1, 1
6, 3, 950, 505, 61, 94, 1, 1, 1
7, 3, 956, 504, 48, 97, 1, 1, 1
8, 3, 951, 508, 46, 97, 1, 1, 1
9, 3, 943, 502, 45, 97, 1, 1, 1
10, 3, 937, 509, 43, 97, 1, 1, 1
11, 3, 918, 499, 43, 100, 1, 1, 1
12, 3, 918, 499, 40, 103, 1, 1, 1
13, 3, 898, 559, 42, 27, 1, 1, 1
14, 3, 887, 562, 28, 28, 1, 1, 1
15, 3, 879, 560, 27, 25, 1, 1, 1
16, 3, 870, 562, 32, 32, 1, 1, 1
17, 3, 840, 531, 52, 56, 1, 1, 1
18, 3, 830, 528, 41, 51, 1, 1, 1
19, 3, 833, 483, 36, 89, 1, 1, 1
20, 3, 823, 459, 46, 94, 1, 1, 1
21, 3, 816, 453, 44, 86, 1, 1, 1
22, 3, 811, 458, 46, 97, 1, 1, 1
23, 3, 810, 455, 45, 104, 1, 1, 1
24, 3, 808, 457, 46, 99, 1, 1, 1
25, 3, 808, 456, 40, 104, 1, 1, 1
26, 3, 794, 461, 56, 100, 1, 1, 1
27, 3, 804, 494, 53, 75, 1, 1, 1
28, 3, 812, 489, 46, 21, 1, 1, 1
29, 3, 805, 501, 58, 106, 1, 1, 1
30, 3, 821, 495, 41, 100, 1, 1, 1
31, 3, 809, 494, 41, 95, 1, 1, 1
32, 3, 806, 490, 33, 95, 1, 1, 1
33, 3, 799, 488, 37, 102, 1, 1, 1
34, 3, 794, 487, 27, 10, 1, 1, 1
35, 3, 788, 484, 25, 9, 1, 1, 1
36, 3, 768, 478, 33, 110, 1, 1, 1
37, 3, 738, 476, 54, 106, 1, 1, 1
38, 3, 726, 472, 53, 70, 1, 1, 1
39, 3, 716, 473, 55, 101, 1, 1, 1
40, 3, 704, 461, 57, 61, 1, 1, 1
41, 3, 697, 465, 52, 105, 1, 1, 1
42, 3, 687, 464, 52, 124, 1, 1, 1
