1, 4, 0, 697, 361, 383, 1, 1, 1
2, 4, 0, 704, 354, 376, 1, 1, 1
3, 4, 0, 705, 367, 375, 1, 1, 1
4, 4, 0, 716, 410, 364, 1, 1, 1
5, 4, 0, 732, 382, 348, 1, 1, 1
6, 4, 0, 771, 459, 309, 1, 1, 1
7, 4, 0, 688, 500, 392, 1, 1, 1
8, 4, 0, 727, 542, 353, 1, 1, 1
9, 4, 0, 724, 578, 356, 1, 1, 1
10, 4, 0, 675, 582, 405, 1, 1, 1
11, 4, 0, 766, 596, 311, 1, 1, 1
12, 4, 0, 775, 597, 305, 1, 1, 1
13, 4, 0, 772, 584, 308, 1, 1, 1
14, 4, 0, 782, 570, 298, 1, 1, 1
15, 4, 0, 784, 544, 296, 1, 1, 1
16, 4, 0, 784, 525, 296, 1, 1, 1
17, 4, 0, 790, 440, 290, 1, 1, 1
18, 4, 0, 828, 351, 252, 1, 1, 1
19, 4, 1, 737, 600, 343, 1, 1, 1
20, 4, 0, 841, 609, 239, 1, 1, 1
21, 4, 0, 815, 724, 265, 1, 1, 1
22, 4, 176, 745, 466, 335, 1, 1, 1
23, 4, 292, 681, 364, 398, 1, 1, 1
24, 4, 291, 652, 415, 428, 1, 1, 1
25, 4, 183, 645, 554, 435, 1, 1, 1
26, 4, 79, 522, 764, 558, 1, 1, 1
27, 4, 132, 485, 770, 595, 1, 1, 1
28, 4, 205, 477, 770, 600, 1, 1, 1
29, 4, 281, 467, 729, 495, 1, 1, 1
30, 4, 215, 449, 797, 529, 1, 1, 1
1, 4, 0, 697, 361, 383, 1, 1, 1
2, 4, 0, 704, 354, 376, 1, 1, 1
3, 4, 0, 705, 367, 375, 1, 1, 1
4, 4, 0, 716, 410, 364, 1, 1, 1
5, 4, 0, 732, 382, 348, 1, 1, 1
6, 4, 0, 771, 459, 309, 1, 1, 1
7, 4, 0, 688, 500, 392, 1, 1, 1
8, 4, 0, 727, 542, 353, 1, 1, 1
9, 4, 0, 724, 578, 356, 1, 1, 1
10, 4, 0, 675, 582, 405, 1, 1, 1
11, 4, 0, 766, 596, 311, 1, 1, 1
12, 4, 0, 775, 597, 305, 1, 1, 1
13, 4, 0, 772, 584, 308, 1, 1, 1
14, 4, 0, 782, 570, 298, 1, 1, 1
15, 4, 0, 784, 544, 296, 1, 1, 1
16, 4, 0, 784, 525, 296, 1, 1, 1
17, 4, 0, 790, 440, 290, 1, 1, 1
18, 4, 0, 828, 351, 252, 1, 1, 1
19, 4, 1, 737, 600, 343, 1, 1, 1
20, 4, 0, 841, 609, 239, 1, 1, 1
21, 4, 0, 815, 724, 265, 1, 1, 1
22, 4, 176, 745, 466, 335, 1, 1, 1
23, 4, 292, 681, 364, 398, 1, 1, 1
24, 4, 291, 652, 415, 428, 1, 1, 1
25, 4, 183, 645, 554, 435, 1, 1, 1
26, 4, 79, 522, 764, 558, 1, 1, 1
27, 4, 132, 485, 770, 595, 1, 1, 1
28, 4, 205, 477, 770, 600, 1, 1, 1
29, 4, 281, 467, 729, 495, 1, 1, 1
30, 4, 215, 449, 797, 529, 1, 1, 1
