10, 3, 566, 206, 159, 287, 1, 1, 1
11, 3, 569, 211, 156, 286, 1, 1, 1
12, 3, 573, 215, 140, 279, 1, 1, 1
13, 3, 562, 212, 145, 275, 1, 1, 1
14, 3, 550, 204, 142, 276, 1, 1, 1
15, 3, 539, 198, 152, 279, 1, 1, 1
16, 3, 526, 196, 153, 288, 1, 1, 1
17, 3, 531, 198, 142, 291, 1, 1, 1
18, 3, 506, 199, 173, 291, 1, 1, 1
19, 3, 530, 203, 138, 263, 1, 1, 1
20, 3, 534, 208, 148, 302, 1, 1, 1
21, 3, 532, 209, 136, 296, 1, 1, 1
22, 3, 533, 211, 141, 287, 1, 1, 1
23, 3, 530, 206, 130, 282, 1, 1, 1
24, 3, 533, 200, 131, 264, 1, 1, 1
25, 3, 529, 198, 131, 281, 1, 1, 1
26, 3, 532, 200, 153, 283, 1, 1, 1
27, 3, 539, 200, 150, 284, 1, 1, 1
28, 3, 532, 200, 169, 285, 1, 1, 1
29, 3, 540, 208, 164, 284, 1, 1, 1
30, 3, 540, 202, 155, 290, 1, 1, 1
31, 3, 540, 201, 144, 282, 1, 1, 1
32, 3, 541, 195, 142, 299, 1, 1, 1
33, 3, 536, 188, 155, 301, 1, 1, 1
34, 3, 537, 181, 156, 303, 1, 1, 1
35, 3, 544, 180, 161, 293, 1, 1, 1
36, 3, 559, 183, 156, 299, 1, 1, 1
37, 3, 564, 187, 160, 296, 1, 1, 1
38, 3, 566, 185, 162, 306, 1, 1, 1
39, 3, 570, 190, 149, 295, 1, 1, 1
40, 3, 570, 186, 145, 297, 1, 1, 1
41, 3, 558, 177, 152, 294, 1, 1, 1
42, 3, 540, 169, 163, 300, 1, 1, 1
43, 3, 534, 163, 163, 310, 1, 1, 1
44, 3, 528, 163, 172, 311, 1, 1, 1
45, 3, 513, 167, 190, 313, 1, 1, 1
46, 3, 505, 175, 192, 313, 1, 1, 1
47, 3, 506, 180, 183, 303, 1, 1, 1
48, 3, 500, 185, 174, 297, 1, 1, 1
49, 3, 491, 175, 173, 303, 1, 1, 1
50, 3, 491, 165, 165, 307, 1, 1, 1
51, 3, 487, 160, 161, 309, 1, 1, 1
52, 3, 484, 154, 165, 316, 1, 1, 1
53, 3, 474, 157, 172, 317, 1, 1, 1
54, 3, 464, 157, 183, 324, 1, 1, 1
55, 3, 461, 163, 178, 323, 1, 1, 1
56, 3, 472, 163, 155, 314, 1, 1, 1
57, 3, 468, 156, 158, 312, 1, 1, 1
58, 3, 451, 142, 176, 317, 1, 1, 1
59, 3, 444, 132, 169, 319, 1, 1, 1
60, 3, 436, 125, 172, 325, 1, 1, 1
61, 3, 433, 124, 186, 328, 1, 1, 1
62, 3, 430, 126, 196, 328, 1, 1, 1
63, 3, 431, 132, 199, 328, 1, 1, 1
64, 3, 429, 134, 196, 332, 1, 1, 1
65, 3, 433, 139, 182, 324, 1, 1, 1
