121, 2, 451, 391, 422, 353, 1, 1, 1
122, 2, 444, 387, 395, 358, 1, 1, 1
123, 2, 412, 385, 401, 358, 1, 1, 1
124, 2, 398, 394, 398, 350, 1, 1, 1
125, 2, 396, 410, 359, 362, 1, 1, 1
126, 2, 280, 385, 435, 387, 1, 1, 1
127, 2, 278, 381, 410, 389, 1, 1, 1
128, 2, 277, 377, 404, 392, 1, 1, 1
129, 2, 276, 373, 395, 394, 1, 1, 1
130, 2, 222, 429, 436, 334, 1, 1, 1
131, 2, 189, 416, 411, 352, 1, 1, 1
132, 2, 164, 402, 382, 368, 1, 1, 1
133, 2, 149, 417, 376, 351, 1, 1, 1
134, 2, 119, 425, 363, 350, 1, 1, 1
135, 2, 95, 432, 333, 344, 1, 1, 1
136, 2, 91, 423, 316, 351, 1, 1, 1
137, 2, 79, 425, 317, 352, 1, 1, 1
138, 2, 83, 432, 289, 344, 1, 1, 1
139, 2, 68, 431, 265, 343, 1, 1, 1
140, 2, 40, 424, 267, 348, 1, 1, 1
141, 2, 40, 432, 248, 318, 1, 1, 1
142, 2, 25, 448, 242, 305, 1, 1, 1
143, 2, 0, 435, 230, 315, 1, 1, 1
