10, 2, 246, 499, 363, 123, 1, 1, 1
11, 2, 326, 495, 283, 144, 1, 1, 1
12, 2, 319, 499, 294, 128, 1, 1, 1
13, 2, 334, 470, 275, 163, 1, 1, 1
14, 2, 215, 472, 397, 219, 1, 1, 1
15, 2, 215, 478, 395, 233, 1, 1, 1
16, 2, 205, 517, 396, 191, 1, 1, 1
17, 2, 197, 555, 497, 208, 1, 1, 1
18, 2, 199, 532, 521, 306, 1, 1, 1
19, 2, 363, 495, 357, 350, 1, 1, 1
20, 2, 406, 516, 314, 352, 1, 1, 1
21, 2, 319, 541, 401, 425, 1, 1, 1
22, 2, 286, 550, 377, 424, 1, 1, 1
23, 2, 400, 527, 320, 575, 1, 1, 1
24, 2, 506, 507, 214, 581, 1, 1, 1
25, 2, 417, 505, 303, 748, 1, 1, 1
26, 2, 362, 571, 358, 709, 1, 1, 1
27, 2, 273, 561, 447, 719, 1, 1, 1
28, 2, 262, 445, 458, 834, 1, 1, 1
29, 2, 316, 186, 404, 1093, 1, 1, 1
30, 2, 315, 398, 404, 880, 1, 1, 1
31, 2, 125, 463, 594, 817, 1, 1, 1
