1, 4, 1327, 16, 593, 317, 1, 1, 1
2, 4, 1308, 0, 612, 332, 1, 1, 1
3, 4, 1213, 0, 707, 367, 1, 1, 1
4, 4, 1112, 0, 808, 420, 1, 1, 1
5, 4, 1020, 0, 900, 364, 1, 1, 1
6, 4, 892, 0, 1028, 388, 1, 1, 1
7, 4, 778, 0, 1141, 411, 1, 1, 1
8, 4, 647, 0, 1273, 402, 1, 1, 1
9, 4, 556, 0, 1364, 433, 1, 1, 1
10, 4, 538, 0, 1382, 459, 1, 1, 1
11, 4, 376, 0, 1544, 454, 1, 1, 1
12, 4, 335, 0, 1585, 447, 1, 1, 1
13, 4, 292, 0, 1628, 473, 1, 1, 1
14, 4, 297, 0, 1623, 463, 1, 1, 1
15, 4, 318, 0, 1602, 449, 1, 1, 1
16, 4, 303, 0, 1483, 473, 1, 1, 1
17, 4, 254, 0, 1244, 469, 1, 1, 1
18, 4, 217, 0, 1100, 427, 1, 1, 1
19, 4, 191, 0, 884, 411, 1, 1, 1
20, 4, 154, 0, 700, 410, 1, 1, 1
21, 4, 105, 0, 659, 400, 1, 1, 1
22, 4, 86, 1, 644, 412, 1, 1, 1
23, 4, 51, 2, 620, 399, 1, 1, 1
24, 4, 20, 16, 589, 357, 1, 1, 1
25, 4, 0, 2, 533, 362, 1, 1, 1
26, 4, 0, 11, 485, 348, 1, 1, 1
27, 4, 0, 44, 449, 310, 1, 1, 1
28, 4, 0, 45, 425, 306, 1, 1, 1
29, 4, 0, 36, 403, 310, 1, 1, 1
30, 4, 1, 95, 368, 245, 1, 1, 1
31, 4, 0, 111, 322, 231, 1, 1, 1
32, 4, 0, 98, 268, 240, 1, 1, 1
33, 4, 0, 91, 199, 239, 1, 1, 1
34, 4, 0, 125, 123, 180, 1, 1, 1
