21, 1, 683, 214, 185, 305, 1, 1, 1
22, 1, 654, 174, 173, 300, 1, 1, 1
23, 1, 638, 137, 160, 307, 1, 1, 1
24, 1, 639, 130, 148, 315, 1, 1, 1
25, 1, 647, 150, 138, 315, 1, 1, 1
26, 1, 663, 155, 123, 328, 1, 1, 1
27, 1, 660, 131, 135, 370, 1, 1, 1
28, 1, 688, 126, 135, 360, 1, 1, 1
29, 1, 686, 101, 161, 368, 1, 1, 1
30, 1, 695, 106, 165, 327, 1, 1, 1
31, 1, 713, 136, 167, 286, 1, 1, 1
32, 1, 759, 144, 134, 267, 1, 1, 1
33, 1, 829, 145, 108, 299, 1, 1, 1
34, 1, 846, 131, 132, 326, 1, 1, 1
35, 1, 863, 176, 150, 277, 1, 1, 1
