5, 4, 452, 79, 146, 292, 1, 1, 1
6, 4, 470, 91, 171, 277, 1, 1, 1
7, 4, 464, 89, 194, 258, 1, 1, 1
8, 4, 416, 76, 174, 254, 1, 1, 1
9, 4, 398, 54, 204, 302, 1, 1, 1
10, 4, 391, 69, 183, 267, 1, 1, 1
11, 4, 385, 62, 152, 278, 1, 1, 1
5, 6, 782, 30, 179, 141, 1, 1, 1
6, 6, 735, 43, 233, 129, 1, 1, 1
7, 6, 676, 48, 213, 123, 1, 1, 1
8, 6, 605, 31, 197, 141, 1, 1, 1
9, 6, 550, 48, 139, 137, 1, 1, 1
10, 6, 526, 50, 141, 130, 1, 1, 1
11, 6, 530, 40, 166, 137, 1, 1, 1
12, 6, 536, 46, 167, 134, 1, 1, 1
13, 6, 533, 57, 107, 134, 1, 1, 1
14, 6, 541, 73, 84, 133, 1, 1, 1
15, 6, 511, 59, 146, 145, 1, 1, 1
16, 6, 590, 72, 127, 143, 1, 1, 1
17, 6, 670, 78, 103, 137, 1, 1, 1
