1, 1, 0, 431, 1400, 649, 1, 1, 1
2, 1, 0, 431, 1375, 649, 1, 1, 1
3, 1, 0, 427, 1375, 653, 1, 1, 1
4, 1, 0, 432, 1370, 648, 1, 1, 1
5, 1, 0, 446, 1328, 634, 1, 1, 1
6, 1, 0, 390, 1301, 690, 1, 1, 1
7, 1, 0, 347, 1111, 732, 1, 1, 1
8, 1, 0, 341, 1049, 739, 1, 1, 1
9, 1, 0, 299, 992, 781, 1, 1, 1
10, 1, 0, 288, 928, 792, 1, 1, 1
11, 1, 0, 277, 821, 803, 1, 1, 1
12, 1, 0, 229, 720, 851, 1, 1, 1
13, 1, 0, 237, 665, 843, 1, 1, 1
14, 1, 0, 242, 628, 838, 1, 1, 1
15, 1, 0, 233, 525, 847, 1, 1, 1
16, 1, 0, 332, 517, 748, 1, 1, 1
17, 1, 0, 513, 407, 567, 1, 1, 1
18, 1, 0, 501, 403, 579, 1, 1, 1
19, 1, 0, 512, 375, 568, 1, 1, 1
20, 1, 0, 483, 190, 597, 1, 1, 1
21, 1, 0, 431, 62, 549, 1, 1, 1
