1, 2, 444, 469, 152, 143, 1, 1, 1
2, 2, 427, 453, 416, 207, 1, 1, 1
3, 2, 388, 441, 490, 153, 1, 1, 1
4, 2, 412, 414, 478, 223, 1, 1, 1
5, 2, 333, 373, 527, 229, 1, 1, 1
6, 2, 276, 343, 582, 229, 1, 1, 1
7, 2, 318, 317, 558, 232, 1, 1, 1
8, 2, 342, 307, 587, 225, 1, 1, 1
9, 2, 321, 316, 576, 223, 1, 1, 1
10, 2, 280, 337, 588, 219, 1, 1, 1
1, 3, 1072, 466, 318, 130, 1, 1, 1
2, 3, 812, 466, 587, 100, 1, 1, 1
3, 3, 855, 457, 619, 226, 1, 1, 1
4, 3, 931, 442, 635, 231, 1, 1, 1
5, 3, 875, 409, 646, 238, 1, 1, 1
6, 3, 844, 382, 646, 234, 1, 1, 1
7, 3, 904, 355, 642, 239, 1, 1, 1
8, 3, 935, 337, 594, 234, 1, 1, 1
9, 3, 922, 342, 602, 230, 1, 1, 1
10, 3, 768, 358, 682, 223, 1, 1, 1
1, 4, 1257, 495, 312, 66, 1, 1, 1
2, 4, 977, 456, 576, 176, 1, 1, 1
3, 4, 1010, 443, 595, 216, 1, 1, 1
4, 4, 1073, 420, 622, 221, 1, 1, 1
5, 4, 1003, 385, 619, 225, 1, 1, 1
6, 4, 957, 354, 629, 228, 1, 1, 1
7, 4, 996, 327, 628, 229, 1, 1, 1
8, 4, 1008, 307, 597, 224, 1, 1, 1
9, 4, 978, 313, 589, 217, 1, 1, 1
10, 4, 901, 329, 573, 214, 1, 1, 1
2, 6, 664, 474, 527, 140, 1, 1, 1
3, 6, 716, 468, 627, 226, 1, 1, 1
4, 6, 770, 454, 676, 237, 1, 1, 1
5, 6, 732, 422, 681, 246, 1, 1, 1
6, 6, 717, 397, 692, 245, 1, 1, 1
7, 6, 815, 373, 666, 244, 1, 1, 1
8, 6, 877, 357, 631, 240, 1, 1, 1
9, 6, 911, 363, 587, 238, 1, 1, 1
10, 6, 767, 380, 667, 234, 1, 1, 1
