25, 1, 0, 373, 55, 229, 1, 1, 1
26, 1, 0, 382, 257, 447, 1, 1, 1
27, 1, 0, 444, 401, 440, 1, 1, 1
28, 1, 0, 415, 411, 473, 1, 1, 1
29, 1, 0, 252, 435, 636, 1, 1, 1
30, 1, 0, 175, 502, 759, 1, 1, 1
31, 1, 0, 83, 525, 996, 1, 1, 1
32, 1, 0, 88, 520, 991, 1, 1, 1
33, 1, 0, 100, 514, 980, 1, 1, 1
34, 1, 0, 96, 512, 984, 1, 1, 1
35, 1, 0, 103, 515, 977, 1, 1, 1
36, 1, 0, 97, 509, 983, 1, 1, 1
37, 1, 0, 93, 507, 987, 1, 1, 1
38, 1, 0, 89, 500, 989, 1, 1, 1
39, 1, 0, 129, 432, 949, 1, 1, 1
40, 1, 0, 113, 438, 966, 1, 1, 1
41, 1, 0, 191, 534, 889, 1, 1, 1
42, 1, 0, 322, 547, 758, 1, 1, 1
43, 1, 0, 351, 457, 729, 1, 1, 1
44, 1, 0, 354, 525, 726, 1, 1, 1
45, 1, 0, 361, 502, 719, 1, 1, 1
46, 1, 0, 292, 452, 788, 1, 1, 1
47, 1, 0, 227, 518, 853, 1, 1, 1
48, 1, 0, 191, 462, 889, 1, 1, 1
49, 1, 0, 192, 459, 888, 1, 1, 1
50, 1, 0, 176, 433, 904, 1, 1, 1
112, 1, 0, 651, 130, 376, 1, 1, 1
113, 1, 1, 449, 707, 429, 1, 1, 1
114, 1, 0, 527, 837, 546, 1, 1, 1
115, 1, 0, 511, 892, 569, 1, 1, 1
116, 1, 1, 498, 1172, 581, 1, 1, 1
117, 1, 2, 472, 1265, 608, 1, 1, 1
118, 1, 199, 375, 1124, 705, 1, 1, 1
119, 1, 187, 343, 1260, 737, 1, 1, 1
120, 1, 235, 292, 1251, 788, 1, 1, 1
121, 1, 492, 267, 1023, 813, 1, 1, 1
122, 1, 674, 253, 884, 827, 1, 1, 1
123, 1, 518, 190, 1075, 890, 1, 1, 1
124, 1, 491, 181, 1034, 899, 1, 1, 1
125, 1, 600, 166, 921, 914, 1, 1, 1
126, 1, 687, 161, 866, 919, 1, 1, 1
127, 1, 759, 164, 807, 916, 1, 1, 1
128, 1, 765, 163, 759, 917, 1, 1, 1
129, 1, 793, 84, 764, 996, 1, 1, 1
130, 1, 829, 190, 691, 890, 1, 1, 1
131, 1, 872, 161, 607, 919, 1, 1, 1
132, 1, 869, 180, 628, 900, 1, 1, 1
133, 1, 863, 212, 633, 868, 1, 1, 1
134, 1, 860, 228, 624, 852, 1, 1, 1
135, 1, 863, 242, 640, 838, 1, 1, 1
136, 1, 855, 233, 642, 847, 1, 1, 1
137, 1, 858, 225, 637, 855, 1, 1, 1
138, 1, 906, 236, 654, 844, 1, 1, 1
139, 1, 903, 215, 660, 865, 1, 1, 1
