20, 1, 287, 449, 588, 420, 1, 1, 1
21, 1, 319, 453, 561, 436, 1, 1, 1
22, 1, 338, 455, 567, 443, 1, 1, 1
23, 1, 387, 430, 548, 438, 1, 1, 1
24, 1, 431, 409, 519, 460, 1, 1, 1
25, 1, 475, 378, 463, 461, 1, 1, 1
26, 1, 605, 357, 329, 486, 1, 1, 1
27, 1, 696, 346, 281, 482, 1, 1, 1
28, 1, 704, 354, 295, 454, 1, 1, 1
29, 1, 687, 375, 293, 409, 1, 1, 1
30, 1, 682, 392, 275, 363, 1, 1, 1
31, 1, 699, 397, 256, 351, 1, 1, 1
32, 1, 687, 394, 266, 351, 1, 1, 1
33, 1, 672, 337, 279, 406, 1, 1, 1
34, 1, 670, 306, 281, 436, 1, 1, 1
35, 1, 674, 310, 273, 435, 1, 1, 1
36, 1, 687, 355, 264, 366, 1, 1, 1
37, 1, 720, 369, 249, 359, 1, 1, 1
38, 1, 704, 312, 270, 388, 1, 1, 1
39, 1, 705, 297, 284, 379, 1, 1, 1
40, 1, 709, 305, 302, 344, 1, 1, 1
41, 1, 727, 333, 295, 287, 1, 1, 1
42, 1, 695, 349, 310, 320, 1, 1, 1
