14, 1, 284, 606, 209, 94, 1, 1, 1
15, 1, 279, 591, 207, 109, 1, 1, 1
16, 1, 274, 585, 202, 115, 1, 1, 1
17, 1, 271, 573, 200, 127, 1, 1, 1
18, 1, 284, 577, 181, 123, 1, 1, 1
19, 1, 278, 573, 183, 127, 1, 1, 1
20, 1, 277, 560, 175, 140, 1, 1, 1
21, 1, 283, 561, 171, 139, 1, 1, 1
22, 1, 288, 558, 179, 142, 1, 1, 1
23, 1, 271, 539, 202, 161, 1, 1, 1
24, 1, 271, 531, 145, 153, 1, 1, 1
25, 1, 274, 526, 146, 168, 1, 1, 1
26, 1, 265, 520, 143, 177, 1, 1, 1
27, 1, 258, 511, 142, 182, 1, 1, 1
28, 1, 251, 503, 150, 183, 1, 1, 1
29, 1, 254, 496, 146, 177, 1, 1, 1
30, 1, 247, 485, 149, 181, 1, 1, 1
31, 1, 249, 474, 144, 183, 1, 1, 1
32, 1, 248, 468, 142, 177, 1, 1, 1
33, 1, 250, 461, 142, 176, 1, 1, 1
34, 1, 250, 459, 144, 172, 1, 1, 1
35, 1, 268, 450, 131, 151, 1, 1, 1
36, 1, 280, 441, 123, 151, 1, 1, 1
37, 1, 285, 431, 130, 150, 1, 1, 1
38, 1, 278, 417, 133, 153, 1, 1, 1
39, 1, 265, 407, 150, 165, 1, 1, 1
40, 1, 258, 388, 133, 165, 1, 1, 1
41, 1, 264, 359, 131, 180, 1, 1, 1
42, 1, 268, 351, 123, 187, 1, 1, 1
43, 1, 290, 336, 99, 190, 1, 1, 1
44, 1, 295, 327, 104, 191, 1, 1, 1
45, 1, 295, 307, 98, 203, 1, 1, 1
46, 1, 281, 291, 90, 228, 1, 1, 1
47, 1, 239, 271, 129, 216, 1, 1, 1
48, 1, 242, 262, 92, 31, 1, 1, 1
49, 1, 239, 255, 144, 91, 1, 1, 1
