23, 3, 998, 625, 95, 98, 1, 1, 1
24, 3, 997, 625, 93, 100, 1, 1, 1
25, 3, 996, 621, 92, 101, 1, 1, 1
26, 3, 994, 623, 92, 102, 1, 1, 1
27, 3, 992, 625, 97, 100, 1, 1, 1
28, 3, 994, 624, 96, 101, 1, 1, 1
29, 3, 999, 623, 92, 100, 1, 1, 1
30, 3, 999, 623, 93, 102, 1, 1, 1
31, 3, 998, 625, 96, 98, 1, 1, 1
32, 3, 1000, 628, 98, 99, 1, 1, 1
33, 3, 998, 628, 103, 93, 1, 1, 1
34, 3, 996, 625, 104, 94, 1, 1, 1
35, 3, 996, 626, 104, 94, 1, 1, 1
36, 3, 995, 628, 107, 97, 1, 1, 1
37, 3, 998, 632, 106, 89, 1, 1, 1
38, 3, 997, 636, 112, 65, 1, 1, 1
39, 3, 999, 637, 111, 58, 1, 1, 1
40, 3, 1003, 636, 106, 58, 1, 1, 1
41, 3, 1005, 635, 106, 57, 1, 1, 1
42, 3, 1010, 630, 106, 62, 1, 1, 1
43, 3, 1014, 628, 107, 64, 1, 1, 1
44, 3, 1017, 630, 117, 63, 1, 1, 1
45, 3, 1021, 633, 130, 59, 1, 1, 1
46, 3, 1027, 641, 147, 53, 1, 1, 1
