11, 1, 462, 560, 130, 225, 1, 1, 1
12, 1, 463, 561, 138, 222, 1, 1, 1
13, 1, 459, 557, 149, 219, 1, 1, 1
14, 1, 461, 559, 150, 211, 1, 1, 1
15, 1, 458, 560, 157, 209, 1, 1, 1
16, 1, 458, 564, 163, 204, 1, 1, 1
17, 1, 461, 562, 150, 202, 1, 1, 1
18, 1, 470, 559, 128, 205, 1, 1, 1
19, 1, 479, 560, 115, 204, 1, 1, 1
20, 1, 488, 562, 102, 202, 1, 1, 1
21, 1, 497, 562, 106, 203, 1, 1, 1
22, 1, 507, 561, 97, 200, 1, 1, 1
23, 1, 516, 560, 93, 198, 1, 1, 1
24, 1, 519, 560, 94, 195, 1, 1, 1
25, 1, 518, 563, 124, 188, 1, 1, 1
26, 1, 513, 559, 93, 191, 1, 1, 1
27, 1, 514, 562, 86, 193, 1, 1, 1
28, 1, 512, 561, 81, 189, 1, 1, 1
29, 1, 442, 561, 140, 189, 1, 1, 1
30, 1, 425, 563, 144, 189, 1, 1, 1
31, 1, 410, 565, 151, 186, 1, 1, 1
32, 1, 400, 566, 161, 186, 1, 1, 1
33, 1, 392, 564, 165, 146, 1, 1, 1
34, 1, 381, 563, 180, 146, 1, 1, 1
35, 1, 378, 563, 167, 147, 1, 1, 1
36, 1, 369, 567, 174, 145, 1, 1, 1
37, 1, 358, 572, 174, 136, 1, 1, 1
38, 1, 344, 580, 178, 170, 1, 1, 1
39, 1, 309, 583, 127, 170, 1, 1, 1
40, 1, 279, 579, 147, 182, 1, 1, 1
41, 1, 254, 575, 165, 181, 1, 1, 1
42, 1, 230, 572, 182, 181, 1, 1, 1
43, 1, 209, 572, 201, 186, 1, 1, 1
44, 1, 194, 569, 216, 193, 1, 1, 1
45, 1, 166, 574, 243, 190, 1, 1, 1
46, 1, 147, 575, 261, 189, 1, 1, 1
47, 1, 122, 574, 286, 200, 1, 1, 1
48, 1, 116, 576, 268, 200, 1, 1, 1
49, 1, 103, 578, 273, 197, 1, 1, 1
50, 1, 92, 580, 283, 194, 1, 1, 1
51, 1, 82, 583, 287, 193, 1, 1, 1
52, 1, 77, 583, 264, 195, 1, 1, 1
53, 1, 66, 586, 259, 193, 1, 1, 1
54, 1, 57, 582, 303, 198, 1, 1, 1
55, 1, 58, 581, 260, 205, 1, 1, 1
56, 1, 58, 579, 259, 208, 1, 1, 1
57, 1, 56, 584, 259, 204, 1, 1, 1
58, 1, 55, 581, 255, 204, 1, 1, 1
59, 1, 51, 584, 255, 202, 1, 1, 1
11, 2, 640, 512, 143, 161, 1, 1, 1
12, 2, 625, 513, 167, 154, 1, 1, 1
13, 2, 613, 512, 189, 159, 1, 1, 1
14, 2, 607, 512, 201, 155, 1, 1, 1
15, 2, 601, 513, 215, 155, 1, 1, 1
16, 2, 588, 514, 233, 154, 1, 1, 1
17, 2, 581, 516, 245, 156, 1, 1, 1
18, 2, 576, 520, 251, 160, 1, 1, 1
19, 2, 571, 523, 262, 159, 1, 1, 1
20, 2, 562, 526, 260, 156, 1, 1, 1
21, 2, 559, 525, 251, 157, 1, 1, 1
22, 2, 557, 528, 253, 156, 1, 1, 1
23, 2, 551, 529, 262, 164, 1, 1, 1
24, 2, 535, 529, 248, 164, 1, 1, 1
25, 2, 516, 532, 248, 165, 1, 1, 1
26, 2, 504, 531, 241, 162, 1, 1, 1
27, 2, 489, 527, 246, 168, 1, 1, 1
28, 2, 475, 527, 232, 168, 1, 1, 1
29, 2, 456, 534, 233, 169, 1, 1, 1
30, 2, 433, 535, 256, 163, 1, 1, 1
31, 2, 411, 531, 254, 166, 1, 1, 1
32, 2, 386, 534, 243, 167, 1, 1, 1
33, 2, 360, 541, 256, 168, 1, 1, 1
34, 2, 337, 542, 276, 166, 1, 1, 1
35, 2, 312, 540, 286, 168, 1, 1, 1
36, 2, 292, 543, 289, 166, 1, 1, 1
37, 2, 271, 547, 290, 160, 1, 1, 1
38, 2, 235, 550, 320, 160, 1, 1, 1
39, 2, 190, 548, 321, 198, 1, 1, 1
40, 2, 157, 549, 275, 202, 1, 1, 1
41, 2, 130, 554, 281, 198, 1, 1, 1
42, 2, 91, 554, 322, 213, 1, 1, 1
43, 2, 63, 554, 323, 215, 1, 1, 1
44, 2, 58, 556, 332, 214, 1, 1, 1
45, 2, 53, 564, 310, 212, 1, 1, 1
46, 2, 54, 561, 283, 220, 1, 1, 1
47, 2, 0, 558, 293, 223, 1, 1, 1
48, 2, 0, 560, 282, 219, 1, 1, 1
49, 2, 0, 568, 277, 214, 1, 1, 1
50, 2, 0, 563, 258, 218, 1, 1, 1
