1, 3, 154, 100, 41, 69, 1, 1, 1
2, 3, 155, 100, 42, 67, 1, 1, 1
3, 3, 156, 100, 45, 70, 1, 1, 1
4, 3, 159, 99, 51, 70, 1, 1, 1
5, 3, 160, 98, 59, 70, 1, 1, 1
6, 3, 159, 98, 69, 70, 1, 1, 1
7, 3, 156, 100, 81, 68, 1, 1, 1
8, 3, 151, 97, 80, 70, 1, 1, 1
9, 3, 149, 97, 80, 72, 1, 1, 1
10, 3, 152, 96, 72, 75, 1, 1, 1
11, 3, 147, 95, 69, 77, 1, 1, 1
12, 3, 145, 94, 58, 77, 1, 1, 1
13, 3, 139, 93, 61, 76, 1, 1, 1
14, 3, 134, 93, 58, 77, 1, 1, 1
15, 3, 130, 96, 59, 74, 1, 1, 1
16, 3, 125, 91, 57, 77, 1, 1, 1
17, 3, 120, 91, 49, 76, 1, 1, 1
18, 3, 116, 91, 53, 71, 1, 1, 1
19, 3, 116, 91, 42, 69, 1, 1, 1
20, 3, 114, 89, 45, 69, 1, 1, 1
21, 3, 109, 89, 45, 68, 1, 1, 1
22, 3, 107, 87, 42, 71, 1, 1, 1
23, 3, 101, 86, 43, 71, 1, 1, 1
24, 3, 102, 87, 39, 68, 1, 1, 1
25, 3, 100, 87, 45, 69, 1, 1, 1
26, 3, 92, 83, 45, 71, 1, 1, 1
27, 3, 84, 81, 61, 74, 1, 1, 1
28, 3, 64, 81, 74, 73, 1, 1, 1
29, 3, 53, 77, 80, 77, 1, 1, 1
30, 3, 55, 78, 82, 75, 1, 1, 1
31, 3, 53, 79, 93, 76, 1, 1, 1
32, 3, 44, 80, 110, 74, 1, 1, 1
33, 3, 45, 81, 113, 73, 1, 1, 1
34, 3, 63, 77, 99, 78, 1, 1, 1
35, 3, 69, 82, 104, 73, 1, 1, 1
36, 3, 83, 79, 105, 75, 1, 1, 1
37, 3, 94, 73, 94, 80, 1, 1, 1
38, 3, 121, 102, 47, 51, 1, 1, 1
39, 3, 138, 82, 111, 68, 1, 1, 1
40, 3, 197, 72, 84, 75, 1, 1, 1
41, 3, 190, 72, 120, 73, 1, 1, 1
42, 3, 205, 70, 109, 74, 1, 1, 1
43, 3, 225, 70, 105, 72, 1, 1, 1
44, 3, 237, 65, 81, 76, 1, 1, 1
45, 3, 252, 63, 62, 74, 1, 1, 1
46, 3, 263, 73, 27, 61, 1, 1, 1
47, 3, 319, 60, 46, 26, 1, 1, 1
48, 3, 304, 56, 64, 72, 1, 1, 1
49, 3, 310, 56, 68, 71, 1, 1, 1
50, 3, 323, 52, 74, 71, 1, 1, 1
51, 3, 326, 52, 80, 70, 1, 1, 1
52, 3, 338, 51, 72, 71, 1, 1, 1
53, 3, 346, 55, 72, 67, 1, 1, 1
54, 3, 361, 53, 63, 67, 1, 1, 1
55, 3, 369, 52, 63, 65, 1, 1, 1
56, 3, 382, 52, 75, 64, 1, 1, 1
57, 3, 395, 50, 62, 66, 1, 1, 1
58, 3, 408, 50, 54, 64, 1, 1, 1
59, 3, 412, 48, 53, 64, 1, 1, 1
60, 3, 416, 48, 42, 66, 1, 1, 1
1, 4, 215, 71, 98, 109, 1, 1, 1
2, 4, 219, 71, 102, 108, 1, 1, 1
3, 4, 207, 71, 112, 109, 1, 1, 1
4, 4, 214, 71, 99, 104, 1, 1, 1
5, 4, 219, 68, 97, 106, 1, 1, 1
6, 4, 226, 69, 72, 107, 1, 1, 1
7, 4, 219, 66, 76, 108, 1, 1, 1
8, 4, 215, 67, 72, 108, 1, 1, 1
9, 4, 212, 65, 71, 106, 1, 1, 1
10, 4, 198, 67, 82, 102, 1, 1, 1
11, 4, 193, 63, 84, 106, 1, 1, 1
12, 4, 187, 64, 109, 104, 1, 1, 1
13, 4, 185, 62, 111, 104, 1, 1, 1
14, 4, 172, 62, 92, 104, 1, 1, 1
15, 4, 168, 63, 80, 100, 1, 1, 1
16, 4, 166, 60, 78, 103, 1, 1, 1
17, 4, 158, 60, 79, 103, 1, 1, 1
18, 4, 157, 57, 70, 102, 1, 1, 1
19, 4, 152, 58, 78, 100, 1, 1, 1
20, 4, 149, 57, 67, 102, 1, 1, 1
21, 4, 142, 54, 71, 101, 1, 1, 1
22, 4, 139, 53, 70, 102, 1, 1, 1
23, 4, 132, 50, 70, 105, 1, 1, 1
24, 4, 131, 51, 67, 102, 1, 1, 1
25, 4, 135, 53, 71, 101, 1, 1, 1
26, 4, 116, 52, 101, 100, 1, 1, 1
27, 4, 132, 53, 101, 100, 1, 1, 1
28, 4, 119, 53, 129, 100, 1, 1, 1
29, 4, 125, 49, 139, 103, 1, 1, 1
30, 4, 133, 47, 146, 105, 1, 1, 1
31, 4, 143, 45, 141, 107, 1, 1, 1
32, 4, 150, 45, 154, 107, 1, 1, 1
33, 4, 160, 42, 155, 110, 1, 1, 1
34, 4, 181, 45, 151, 106, 1, 1, 1
35, 4, 216, 44, 135, 101, 1, 1, 1
36, 4, 222, 42, 137, 102, 1, 1, 1
37, 4, 240, 44, 129, 100, 1, 1, 1
38, 4, 224, 48, 158, 96, 1, 1, 1
39, 4, 244, 43, 142, 100, 1, 1, 1
40, 4, 276, 39, 98, 106, 1, 1, 1
41, 4, 288, 37, 89, 102, 1, 1, 1
42, 4, 296, 34, 87, 107, 1, 1, 1
43, 4, 316, 32, 79, 104, 1, 1, 1
44, 4, 340, 31, 67, 94, 1, 1, 1
45, 4, 347, 30, 68, 102, 1, 1, 1
46, 4, 351, 27, 66, 104, 1, 1, 1
47, 4, 359, 18, 70, 111, 1, 1, 1
48, 4, 362, 22, 84, 106, 1, 1, 1
49, 4, 366, 25, 99, 101, 1, 1, 1
50, 4, 389, 26, 96, 96, 1, 1, 1
51, 4, 383, 27, 115, 94, 1, 1, 1
52, 4, 389, 36, 125, 84, 1, 1, 1
53, 4, 408, 35, 111, 82, 1, 1, 1
54, 4, 415, 34, 107, 83, 1, 1, 1
55, 4, 424, 37, 100, 77, 1, 1, 1
56, 4, 440, 38, 96, 76, 1, 1, 1
57, 4, 451, 40, 98, 73, 1, 1, 1
58, 4, 451, 38, 109, 75, 1, 1, 1
59, 4, 453, 44, 101, 66, 1, 1, 1
60, 4, 452, 40, 97, 70, 1, 1, 1
1, 8, 413, 60, 112, 39, 1, 1, 1
2, 8, 423, 59, 96, 38, 1, 1, 1
3, 8, 431, 61, 90, 68, 1, 1, 1
4, 8, 418, 60, 103, 70, 1, 1, 1
5, 8, 438, 59, 79, 70, 1, 1, 1
6, 8, 446, 53, 69, 80, 1, 1, 1
7, 8, 448, 54, 69, 64, 1, 1, 1
8, 8, 453, 52, 68, 78, 1, 1, 1
9, 8, 460, 52, 60, 55, 1, 1, 1
10, 8, 464, 52, 56, 50, 1, 1, 1
11, 8, 467, 52, 53, 62, 1, 1, 1
12, 8, 468, 52, 52, 49, 1, 1, 1
13, 8, 469, 53, 50, 49, 1, 1, 1
14, 8, 468, 51, 51, 50, 1, 1, 1
15, 8, 469, 47, 51, 54, 1, 1, 1
16, 8, 471, 49, 55, 57, 1, 1, 1
17, 8, 471, 47, 63, 63, 1, 1, 1
18, 8, 471, 54, 68, 52, 1, 1, 1
19, 8, 476, 52, 74, 61, 1, 1, 1
20, 8, 479, 54, 75, 61, 1, 1, 1
21, 8, 479, 56, 76, 56, 1, 1, 1
22, 8, 478, 53, 77, 58, 1, 1, 1
23, 8, 470, 55, 87, 62, 1, 1, 1
24, 8, 472, 57, 82, 60, 1, 1, 1
25, 8, 477, 58, 75, 58, 1, 1, 1
26, 8, 480, 72, 71, 45, 1, 1, 1
27, 8, 480, 67, 73, 52, 1, 1, 1
28, 8, 473, 51, 72, 66, 1, 1, 1
29, 8, 486, 48, 46, 65, 1, 1, 1
30, 8, 484, 52, 48, 65, 1, 1, 1
31, 8, 482, 48, 51, 66, 1, 1, 1
32, 8, 478, 47, 50, 70, 1, 1, 1
33, 8, 482, 46, 45, 65, 1, 1, 1
34, 8, 476, 48, 53, 81, 1, 1, 1
35, 8, 484, 44, 45, 84, 1, 1, 1
36, 8, 480, 48, 47, 80, 1, 1, 1
37, 8, 480, 44, 50, 85, 1, 1, 1
38, 8, 488, 43, 39, 84, 1, 1, 1
39, 8, 485, 44, 44, 84, 1, 1, 1
40, 8, 484, 45, 43, 84, 1, 1, 1
41, 8, 481, 47, 47, 80, 1, 1, 1
42, 8, 481, 44, 55, 85, 1, 1, 1
43, 8, 491, 48, 56, 74, 1, 1, 1
44, 8, 493, 54, 54, 68, 1, 1, 1
45, 8, 496, 55, 57, 67, 1, 1, 1
46, 8, 498, 50, 50, 73, 1, 1, 1
47, 8, 503, 56, 46, 58, 1, 1, 1
48, 8, 505, 59, 58, 62, 1, 1, 1
49, 8, 506, 48, 79, 71, 1, 1, 1
50, 8, 523, 35, 75, 79, 1, 1, 1
51, 8, 530, 40, 68, 73, 1, 1, 1
52, 8, 538, 38, 73, 74, 1, 1, 1
53, 8, 544, 41, 66, 73, 1, 1, 1
54, 8, 549, 39, 56, 76, 1, 1, 1
55, 8, 553, 37, 56, 78, 1, 1, 1
56, 8, 583, 54, 29, 57, 1, 1, 1
57, 8, 584, 68, 25, 46, 1, 1, 1
58, 8, 591, 81, 20, 29, 1, 1, 1
