3, 3, 929, 631, 96, 90, 1, 1, 1
4, 3, 935, 633, 116, 87, 1, 1, 1
5, 3, 954, 637, 113, 83, 1, 1, 1
6, 3, 963, 628, 113, 95, 1, 1, 1
7, 3, 982, 625, 107, 104, 1, 1, 1
8, 3, 989, 626, 103, 98, 1, 1, 1
9, 3, 989, 629, 103, 102, 1, 1, 1
10, 3, 990, 630, 101, 94, 1, 1, 1
11, 3, 989, 629, 96, 95, 1, 1, 1
12, 3, 984, 627, 96, 101, 1, 1, 1
13, 3, 982, 623, 97, 103, 1, 1, 1
14, 3, 980, 624, 96, 103, 1, 1, 1
15, 3, 982, 625, 92, 107, 1, 1, 1
16, 3, 984, 628, 93, 99, 1, 1, 1
17, 3, 983, 628, 98, 100, 1, 1, 1
18, 3, 984, 629, 95, 98, 1, 1, 1
19, 3, 983, 630, 107, 100, 1, 1, 1
20, 3, 986, 631, 109, 96, 1, 1, 1
