6, 2, 264, 125, 125, 112, 1, 1, 1
7, 2, 281, 110, 120, 133, 1, 1, 1
8, 2, 316, 97, 118, 149, 1, 1, 1
9, 2, 324, 94, 119, 153, 1, 1, 1
10, 2, 309, 98, 132, 153, 1, 1, 1
11, 2, 371, 106, 88, 86, 1, 1, 1
12, 2, 374, 127, 76, 74, 1, 1, 1
13, 2, 368, 158, 64, 47, 1, 1, 1
14, 2, 379, 172, 62, 31, 1, 1, 1
28, 2, 304, 176, 49, 38, 1, 1, 1
29, 2, 303, 149, 55, 62, 1, 1, 1
30, 2, 264, 132, 94, 79, 1, 1, 1
31, 2, 246, 120, 101, 98, 1, 1, 1
32, 2, 229, 133, 104, 119, 1, 1, 1
33, 2, 203, 137, 132, 137, 1, 1, 1
34, 2, 188, 151, 152, 113, 1, 1, 1
35, 2, 150, 152, 187, 108, 1, 1, 1
36, 2, 128, 143, 198, 116, 1, 1, 1
37, 2, 134, 148, 176, 111, 1, 1, 1
38, 2, 119, 171, 159, 86, 1, 1, 1
39, 2, 104, 166, 132, 92, 1, 1, 1
40, 2, 80, 157, 151, 100, 1, 1, 1
