7, 1, 178, 19, 395, 460, 1, 1, 1
8, 1, 222, 22, 341, 406, 1, 1, 1
9, 1, 231, 0, 404, 423, 1, 1, 1
10, 1, 245, 0, 419, 402, 1, 1, 1
11, 1, 281, 9, 350, 380, 1, 1, 1
12, 1, 321, 3, 296, 350, 1, 1, 1
13, 1, 381, 0, 504, 241, 1, 1, 1
14, 1, 421, 0, 493, 237, 1, 1, 1
15, 1, 436, 0, 491, 312, 1, 1, 1
16, 1, 440, 0, 486, 305, 1, 1, 1
17, 1, 450, 0, 472, 300, 1, 1, 1
18, 1, 449, 0, 482, 296, 1, 1, 1
24, 1, 664, 0, 32, 90, 1, 1, 1
25, 1, 388, 0, 300, 71, 1, 1, 1
26, 1, 383, 0, 41, 35, 1, 1, 1
27, 1, 372, 0, 55, 41, 1, 1, 1
28, 1, 366, 0, 296, 91, 1, 1, 1
29, 1, 346, 0, 76, 37, 1, 1, 1
30, 1, 303, 0, 125, 268, 1, 1, 1
31, 1, 318, 0, 124, 297, 1, 1, 1
32, 1, 322, 0, 141, 311, 1, 1, 1
33, 1, 340, 11, 136, 111, 1, 1, 1
34, 1, 352, 34, 118, 85, 1, 1, 1
35, 1, 376, 74, 80, 73, 1, 1, 1
36, 1, 401, 109, 42, 59, 1, 1, 1
37, 1, 409, 118, 32, 60, 1, 1, 1
38, 1, 417, 125, 445, 72, 1, 1, 1
39, 1, 568, 81, 306, 101, 1, 1, 1
40, 1, 520, 85, 366, 307, 1, 1, 1
41, 1, 483, 84, 295, 57, 1, 1, 1
42, 1, 594, 96, 289, 306, 1, 1, 1
43, 1, 566, 96, 303, 310, 1, 1, 1
44, 1, 474, 62, 412, 325, 1, 1, 1
45, 1, 544, 56, 395, 349, 1, 1, 1
46, 1, 654, 57, 255, 351, 1, 1, 1
47, 1, 614, 97, 280, 341, 1, 1, 1
48, 1, 594, 103, 337, 335, 1, 1, 1
49, 1, 594, 81, 364, 360, 1, 1, 1
50, 1, 574, 59, 392, 347, 1, 1, 1
51, 1, 567, 46, 399, 363, 1, 1, 1
52, 1, 540, 26, 426, 384, 1, 1, 1
53, 1, 533, 22, 433, 385, 1, 1, 1
54, 1, 537, 13, 429, 389, 1, 1, 1
55, 1, 539, 0, 427, 395, 1, 1, 1
56, 1, 508, 0, 452, 393, 1, 1, 1
57, 1, 577, 0, 381, 402, 1, 1, 1
58, 1, 716, 6, 211, 403, 1, 1, 1
59, 1, 695, 1, 180, 470, 1, 1, 1
60, 1, 688, 5, 215, 467, 1, 1, 1
61, 1, 667, 8, 251, 542, 1, 1, 1
62, 1, 574, 0, 392, 547, 1, 1, 1
63, 1, 537, 0, 429, 547, 1, 1, 1
64, 1, 568, 0, 398, 543, 1, 1, 1
65, 1, 612, 0, 354, 542, 1, 1, 1
66, 1, 643, 0, 323, 538, 1, 1, 1
67, 1, 610, 0, 356, 540, 1, 1, 1
68, 1, 494, 0, 472, 538, 1, 1, 1
69, 1, 466, 0, 500, 523, 1, 1, 1
70, 1, 467, 0, 499, 522, 1, 1, 1
71, 1, 462, 0, 504, 519, 1, 1, 1
72, 1, 434, 8, 532, 509, 1, 1, 1
73, 1, 367, 0, 599, 430, 1, 1, 1
74, 1, 362, 0, 560, 425, 1, 1, 1
75, 1, 331, 0, 599, 457, 1, 1, 1
76, 1, 316, 0, 609, 458, 1, 1, 1
77, 1, 321, 0, 599, 455, 1, 1, 1
78, 1, 412, 0, 510, 456, 1, 1, 1
79, 1, 423, 0, 471, 406, 1, 1, 1
80, 1, 456, 0, 360, 358, 1, 1, 1
81, 1, 404, 0, 332, 355, 1, 1, 1
82, 1, 272, 7, 375, 335, 1, 1, 1
83, 1, 380, 53, 248, 284, 1, 1, 1
84, 1, 368, 207, 39, 132, 1, 1, 1
85, 1, 376, 36, 131, 346, 1, 1, 1
86, 1, 343, 39, 230, 339, 1, 1, 1
87, 1, 336, 45, 330, 323, 1, 1, 1
88, 1, 414, 27, 314, 344, 1, 1, 1
89, 1, 448, 17, 303, 356, 1, 1, 1
90, 1, 490, 13, 397, 362, 1, 1, 1
91, 1, 552, 53, 414, 373, 1, 1, 1
92, 1, 711, 53, 255, 311, 1, 1, 1
93, 1, 805, 79, 161, 311, 1, 1, 1
94, 1, 842, 115, 124, 266, 1, 1, 1
95, 1, 659, 31, 268, 366, 1, 1, 1
96, 1, 639, 39, 273, 340, 1, 1, 1
97, 1, 579, 52, 310, 304, 1, 1, 1
98, 1, 564, 17, 329, 337, 1, 1, 1
99, 1, 537, 27, 375, 317, 1, 1, 1
100, 1, 538, 22, 361, 319, 1, 1, 1
101, 1, 528, 8, 390, 300, 1, 1, 1
102, 1, 550, 7, 390, 301, 1, 1, 1
103, 1, 527, 6, 385, 299, 1, 1, 1
104, 1, 490, 0, 389, 311, 1, 1, 1
105, 1, 515, 6, 365, 308, 1, 1, 1
106, 1, 536, 12, 348, 303, 1, 1, 1
107, 1, 547, 17, 344, 302, 1, 1, 1
108, 1, 519, 22, 384, 299, 1, 1, 1
109, 1, 516, 13, 400, 319, 1, 1, 1
110, 1, 525, 19, 398, 306, 1, 1, 1
111, 1, 629, 45, 240, 301, 1, 1, 1
112, 1, 712, 272, 65, 75, 1, 1, 1
113, 1, 711, 35, 216, 96, 1, 1, 1
114, 1, 740, 47, 226, 132, 1, 1, 1
115, 1, 784, 31, 182, 184, 1, 1, 1
116, 1, 757, 29, 209, 184, 1, 1, 1
117, 1, 762, 6, 50, 47, 1, 1, 1
118, 1, 770, 0, 65, 65, 1, 1, 1
119, 1, 720, 0, 147, 72, 1, 1, 1
120, 1, 694, 1, 173, 74, 1, 1, 1
121, 1, 669, 8, 187, 61, 1, 1, 1
122, 1, 675, 10, 169, 60, 1, 1, 1
123, 1, 689, 4, 143, 65, 1, 1, 1
124, 1, 687, 0, 153, 141, 1, 1, 1
125, 1, 669, 0, 158, 129, 1, 1, 1
126, 1, 622, 0, 171, 129, 1, 1, 1
