1, 1, 10, 85, 142, 207, 1, 1, 1
2, 1, 11, 84, 143, 208, 1, 1, 1
3, 1, 10, 85, 146, 208, 1, 1, 1
4, 1, 10, 85, 146, 208, 1, 1, 1
5, 1, 12, 85, 145, 208, 1, 1, 1
6, 1, 11, 85, 145, 208, 1, 1, 1
7, 1, 10, 86, 147, 206, 1, 1, 1
8, 1, 11, 86, 146, 207, 1, 1, 1
9, 1, 11, 87, 147, 205, 1, 1, 1
10, 1, 11, 87, 147, 204, 1, 1, 1
11, 1, 11, 88, 148, 204, 1, 1, 1
12, 1, 13, 88, 146, 204, 1, 1, 1
13, 1, 12, 86, 147, 205, 1, 1, 1
14, 1, 12, 89, 147, 204, 1, 1, 1
15, 1, 12, 89, 148, 203, 1, 1, 1
16, 1, 12, 89, 148, 204, 1, 1, 1
17, 1, 11, 89, 148, 203, 1, 1, 1
18, 1, 11, 89, 149, 203, 1, 1, 1
19, 1, 9, 86, 151, 203, 1, 1, 1
20, 1, 10, 89, 150, 203, 1, 1, 1
21, 1, 9, 91, 151, 201, 1, 1, 1
22, 1, 11, 91, 149, 202, 1, 1, 1
23, 1, 9, 89, 151, 203, 1, 1, 1
24, 1, 9, 90, 149, 202, 1, 1, 1
25, 1, 8, 86, 148, 207, 1, 1, 1
26, 1, 9, 90, 147, 202, 1, 1, 1
27, 1, 9, 91, 145, 199, 1, 1, 1
28, 1, 9, 89, 145, 202, 1, 1, 1
29, 1, 7, 87, 146, 204, 1, 1, 1
30, 1, 8, 90, 145, 200, 1, 1, 1
31, 1, 8, 90, 144, 201, 1, 1, 1
32, 1, 8, 91, 145, 200, 1, 1, 1
33, 1, 7, 89, 145, 202, 1, 1, 1
34, 1, 7, 90, 146, 202, 1, 1, 1
35, 1, 6, 88, 148, 204, 1, 1, 1
36, 1, 7, 88, 147, 202, 1, 1, 1
37, 1, 6, 88, 150, 203, 1, 1, 1
38, 1, 6, 88, 151, 203, 1, 1, 1
39, 1, 6, 90, 152, 201, 1, 1, 1
40, 1, 6, 89, 152, 203, 1, 1, 1
41, 1, 6, 89, 151, 201, 1, 1, 1
42, 1, 6, 88, 151, 202, 1, 1, 1
43, 1, 4, 85, 152, 205, 1, 1, 1
44, 1, 4, 87, 151, 203, 1, 1, 1
45, 1, 3, 84, 151, 205, 1, 1, 1
46, 1, 4, 85, 148, 204, 1, 1, 1
47, 1, 4, 81, 144, 209, 1, 1, 1
48, 1, 3, 84, 143, 206, 1, 1, 1
49, 1, 2, 84, 143, 204, 1, 1, 1
50, 1, 2, 85, 144, 205, 1, 1, 1
51, 1, 0, 84, 146, 205, 1, 1, 1
52, 1, 1, 86, 145, 203, 1, 1, 1
53, 1, 0, 86, 145, 202, 1, 1, 1
54, 1, 0, 85, 144, 203, 1, 1, 1
55, 1, 0, 86, 143, 201, 1, 1, 1
56, 1, 0, 86, 141, 202, 1, 1, 1
57, 1, 0, 86, 141, 203, 1, 1, 1
58, 1, 0, 86, 140, 203, 1, 1, 1
59, 1, 0, 86, 139, 201, 1, 1, 1
60, 1, 0, 86, 133, 202, 1, 1, 1
61, 1, 0, 84, 73, 82, 1, 1, 1
