22, 1, 512, 432, 360, 634, 1, 1, 1
23, 1, 538, 430, 324, 640, 1, 1, 1
24, 1, 555, 409, 327, 653, 1, 1, 1
25, 1, 567, 396, 334, 684, 1, 1, 1
26, 1, 562, 389, 376, 691, 1, 1, 1
27, 1, 582, 377, 371, 700, 1, 1, 1
28, 1, 529, 353, 517, 700, 1, 1, 1
29, 1, 512, 337, 615, 715, 1, 1, 1
30, 1, 488, 319, 681, 728, 1, 1, 1
31, 1, 476, 303, 720, 760, 1, 1, 1
32, 1, 464, 263, 748, 812, 1, 1, 1
33, 1, 463, 223, 759, 855, 1, 1, 1
34, 1, 504, 192, 736, 888, 1, 1, 1
35, 1, 631, 168, 619, 912, 1, 1, 1
36, 1, 717, 149, 543, 931, 1, 1, 1
37, 1, 744, 127, 538, 949, 1, 1, 1
38, 1, 755, 118, 559, 962, 1, 1, 1
39, 1, 750, 115, 587, 965, 1, 1, 1
40, 1, 759, 128, 596, 952, 1, 1, 1
41, 1, 768, 151, 585, 929, 1, 1, 1
42, 1, 757, 151, 562, 929, 1, 1, 1
43, 1, 733, 134, 501, 946, 1, 1, 1
44, 1, 670, 125, 461, 955, 1, 1, 1
45, 1, 641, 136, 403, 944, 1, 1, 1
