40, 4, 1276, 588, 68, 220, 1, 1, 1
41, 4, 1280, 588, 64, 223, 1, 1, 1
42, 4, 1289, 588, 55, 225, 1, 1, 1
43, 4, 1300, 585, 44, 231, 1, 1, 1
44, 4, 1302, 580, 42, 235, 1, 1, 1
45, 4, 1303, 581, 41, 235, 1, 1, 1
46, 4, 1303, 583, 41, 235, 1, 1, 1
47, 4, 1305, 584, 39, 236, 1, 1, 1
48, 4, 1311, 586, 33, 235, 1, 1, 1
49, 4, 1311, 588, 33, 234, 1, 1, 1
50, 4, 1311, 587, 33, 234, 1, 1, 1
51, 4, 1315, 593, 29, 227, 1, 1, 1
52, 4, 1316, 611, 28, 210, 1, 1, 1
53, 4, 1318, 611, 26, 209, 1, 1, 1
54, 4, 1322, 625, 22, 195, 1, 1, 1
55, 4, 1328, 632, 16, 190, 1, 1, 1
56, 4, 1338, 670, 6, 45, 1, 1, 1
