1, 1, 907, 367, 213, 154, 1, 1, 1
2, 1, 908, 361, 206, 153, 1, 1, 1
3, 1, 906, 358, 214, 160, 1, 1, 1
4, 1, 911, 367, 209, 150, 1, 1, 1
5, 1, 910, 367, 208, 148, 1, 1, 1
6, 1, 910, 368, 205, 146, 1, 1, 1
7, 1, 910, 369, 207, 148, 1, 1, 1
8, 1, 895, 369, 221, 145, 1, 1, 1
9, 1, 895, 368, 218, 146, 1, 1, 1
10, 1, 894, 366, 221, 148, 1, 1, 1
11, 1, 889, 364, 222, 150, 1, 1, 1
12, 1, 887, 370, 226, 143, 1, 1, 1
13, 1, 887, 368, 224, 145, 1, 1, 1
14, 1, 885, 366, 224, 148, 1, 1, 1
15, 1, 887, 364, 218, 146, 1, 1, 1
16, 1, 890, 368, 222, 147, 1, 1, 1
17, 1, 893, 365, 217, 148, 1, 1, 1
18, 1, 893, 368, 218, 145, 1, 1, 1
19, 1, 891, 368, 220, 148, 1, 1, 1
20, 1, 888, 367, 223, 147, 1, 1, 1
21, 1, 887, 369, 222, 143, 1, 1, 1
22, 1, 885, 368, 225, 144, 1, 1, 1
23, 1, 887, 364, 222, 144, 1, 1, 1
24, 1, 889, 367, 219, 145, 1, 1, 1
25, 1, 891, 367, 221, 144, 1, 1, 1
26, 1, 889, 365, 224, 149, 1, 1, 1
27, 1, 892, 368, 220, 144, 1, 1, 1
28, 1, 888, 367, 224, 143, 1, 1, 1
29, 1, 889, 366, 223, 147, 1, 1, 1
30, 1, 885, 366, 227, 145, 1, 1, 1
31, 1, 885, 367, 226, 145, 1, 1, 1
32, 1, 881, 360, 231, 148, 1, 1, 1
33, 1, 885, 365, 226, 144, 1, 1, 1
34, 1, 884, 365, 224, 145, 1, 1, 1
35, 1, 899, 362, 213, 147, 1, 1, 1
36, 1, 891, 366, 219, 144, 1, 1, 1
37, 1, 894, 367, 219, 142, 1, 1, 1
38, 1, 875, 376, 236, 135, 1, 1, 1
39, 1, 902, 359, 208, 152, 1, 1, 1
40, 1, 919, 354, 190, 165, 1, 1, 1
41, 1, 936, 362, 175, 161, 1, 1, 1
42, 1, 956, 348, 230, 152, 1, 1, 1
43, 1, 952, 353, 235, 147, 1, 1, 1
44, 1, 1013, 363, 223, 144, 1, 1, 1
45, 1, 1010, 337, 207, 161, 1, 1, 1
46, 1, 1069, 378, 242, 120, 1, 1, 1
47, 1, 995, 387, 317, 98, 1, 1, 1
48, 1, 995, 389, 318, 89, 1, 1, 1
49, 1, 998, 386, 314, 98, 1, 1, 1
50, 1, 1001, 388, 312, 92, 1, 1, 1
51, 1, 999, 386, 313, 99, 1, 1, 1
52, 1, 999, 386, 316, 97, 1, 1, 1
53, 1, 1000, 387, 312, 98, 1, 1, 1
54, 1, 1005, 386, 309, 99, 1, 1, 1
55, 1, 1003, 387, 312, 96, 1, 1, 1
56, 1, 1063, 399, 338, 91, 1, 1, 1
57, 1, 1063, 398, 345, 106, 1, 1, 1
58, 1, 1263, 373, 347, 94, 1, 1, 1
59, 1, 1697, 426, 156, 67, 1, 1, 1
60, 1, 1710, 446, 134, 67, 1, 1, 1
61, 1, 1765, 483, 70, 31, 1, 1, 1
62, 1, 1750, 440, 103, 74, 1, 1, 1
63, 1, 1752, 440, 102, 72, 1, 1, 1
64, 1, 1750, 441, 102, 79, 1, 1, 1
65, 1, 1751, 449, 98, 65, 1, 1, 1
66, 1, 1748, 450, 102, 63, 1, 1, 1
67, 1, 1745, 449, 105, 67, 1, 1, 1
68, 1, 1746, 452, 104, 67, 1, 1, 1
69, 1, 1743, 447, 108, 73, 1, 1, 1
70, 1, 1743, 450, 114, 58, 1, 1, 1
71, 1, 1748, 449, 104, 65, 1, 1, 1
72, 1, 1744, 449, 106, 57, 1, 1, 1
73, 1, 1747, 419, 110, 101, 1, 1, 1
74, 1, 1747, 417, 113, 102, 1, 1, 1
75, 1, 1637, 386, 212, 138, 1, 1, 1
76, 1, 1633, 393, 201, 131, 1, 1, 1
77, 1, 1624, 392, 232, 142, 1, 1, 1
78, 1, 1625, 393, 227, 136, 1, 1, 1
79, 1, 1648, 403, 206, 122, 1, 1, 1
80, 1, 1630, 426, 222, 100, 1, 1, 1
81, 1, 1628, 428, 221, 98, 1, 1, 1
82, 1, 1627, 420, 223, 105, 1, 1, 1
83, 1, 1627, 418, 224, 105, 1, 1, 1
84, 1, 1628, 425, 223, 107, 1, 1, 1
85, 1, 1631, 426, 221, 101, 1, 1, 1
86, 1, 1630, 417, 221, 108, 1, 1, 1
87, 1, 1153, 374, 344, 78, 1, 1, 1
88, 1, 887, 423, 196, 133, 1, 1, 1
89, 1, 887, 425, 199, 129, 1, 1, 1
90, 1, 884, 408, 202, 145, 1, 1, 1
91, 1, 875, 405, 210, 147, 1, 1, 1
92, 1, 875, 403, 213, 149, 1, 1, 1
93, 1, 874, 408, 213, 145, 1, 1, 1
94, 1, 873, 410, 214, 144, 1, 1, 1
95, 1, 874, 409, 213, 145, 1, 1, 1
96, 1, 868, 426, 218, 129, 1, 1, 1
97, 1, 868, 402, 219, 152, 1, 1, 1
98, 1, 859, 403, 228, 152, 1, 1, 1
99, 1, 862, 404, 225, 150, 1, 1, 1
100, 1, 861, 401, 225, 153, 1, 1, 1
101, 1, 875, 402, 212, 153, 1, 1, 1
