18, 1, 525, 202, 110, 244, 1, 1, 1
19, 1, 534, 201, 112, 241, 1, 1, 1
20, 1, 537, 198, 113, 244, 1, 1, 1
21, 1, 542, 196, 113, 245, 1, 1, 1
22, 1, 539, 195, 118, 244, 1, 1, 1
23, 1, 537, 196, 117, 243, 1, 1, 1
24, 1, 532, 194, 118, 243, 1, 1, 1
25, 1, 524, 197, 120, 242, 1, 1, 1
26, 1, 513, 200, 127, 237, 1, 1, 1
27, 1, 504, 200, 137, 232, 1, 1, 1
28, 1, 500, 195, 123, 226, 1, 1, 1
29, 1, 493, 196, 115, 214, 1, 1, 1
30, 1, 484, 197, 120, 212, 1, 1, 1
31, 1, 477, 199, 124, 212, 1, 1, 1
32, 1, 468, 199, 109, 209, 1, 1, 1
33, 1, 450, 199, 111, 209, 1, 1, 1
34, 1, 438, 201, 111, 207, 1, 1, 1
