30, 7, 996, 170, 30, 90, 1, 1, 1
31, 7, 941, 166, 85, 94, 1, 1, 1
32, 7, 892, 165, 134, 94, 1, 1, 1
33, 7, 850, 165, 174, 204, 1, 1, 1
34, 7, 825, 156, 201, 211, 1, 1, 1
35, 7, 792, 162, 233, 203, 1, 1, 1
36, 7, 761, 159, 265, 214, 1, 1, 1
37, 7, 745, 165, 281, 209, 1, 1, 1
38, 7, 725, 164, 297, 211, 1, 1, 1
39, 7, 691, 164, 289, 214, 1, 1, 1
40, 7, 664, 173, 319, 207, 1, 1, 1
41, 7, 635, 176, 326, 203, 1, 1, 1
42, 7, 608, 171, 373, 208, 1, 1, 1
43, 7, 587, 176, 349, 199, 1, 1, 1
44, 7, 564, 171, 303, 204, 1, 1, 1
45, 7, 550, 165, 303, 205, 1, 1, 1
46, 7, 551, 160, 314, 208, 1, 1, 1
47, 7, 521, 155, 304, 209, 1, 1, 1
48, 7, 505, 160, 333, 205, 1, 1, 1
49, 7, 492, 169, 344, 202, 1, 1, 1
50, 7, 490, 178, 319, 198, 1, 1, 1
51, 7, 455, 182, 367, 196, 1, 1, 1
52, 7, 438, 180, 339, 198, 1, 1, 1
