1, 2, 252, 369, 295, 200, 1, 1, 1
2, 2, 263, 377, 329, 196, 1, 1, 1
3, 2, 271, 378, 353, 197, 1, 1, 1
4, 2, 350, 381, 323, 199, 1, 1, 1
5, 2, 371, 374, 336, 202, 1, 1, 1
6, 2, 377, 372, 354, 201, 1, 1, 1
7, 2, 389, 366, 361, 211, 1, 1, 1
8, 2, 428, 366, 343, 212, 1, 1, 1
9, 2, 464, 368, 313, 212, 1, 1, 1
10, 2, 476, 369, 304, 216, 1, 1, 1
11, 2, 485, 376, 321, 207, 1, 1, 1
12, 2, 498, 384, 343, 194, 1, 1, 1
13, 2, 519, 394, 349, 191, 1, 1, 1
14, 2, 568, 394, 326, 188, 1, 1, 1
15, 2, 604, 397, 310, 194, 1, 1, 1
16, 2, 623, 401, 305, 198, 1, 1, 1
17, 2, 634, 406, 303, 199, 1, 1, 1
18, 2, 638, 409, 297, 199, 1, 1, 1
19, 2, 637, 415, 292, 202, 1, 1, 1
20, 2, 643, 419, 284, 205, 1, 1, 1
21, 2, 651, 418, 271, 208, 1, 1, 1
22, 2, 655, 417, 262, 208, 1, 1, 1
23, 2, 658, 415, 249, 211, 1, 1, 1
24, 2, 649, 415, 236, 196, 1, 1, 1
25, 2, 648, 401, 229, 220, 1, 1, 1
26, 2, 638, 383, 230, 242, 1, 1, 1
27, 2, 631, 372, 223, 246, 1, 1, 1
28, 2, 627, 366, 218, 261, 1, 1, 1
29, 2, 611, 369, 250, 258, 1, 1, 1
30, 2, 597, 379, 276, 254, 1, 1, 1
31, 2, 603, 390, 288, 245, 1, 1, 1
32, 2, 608, 401, 288, 236, 1, 1, 1
33, 2, 614, 413, 262, 226, 1, 1, 1
34, 2, 612, 415, 260, 206, 1, 1, 1
35, 2, 614, 411, 256, 213, 1, 1, 1
36, 2, 619, 407, 248, 217, 1, 1, 1
37, 2, 612, 408, 248, 216, 1, 1, 1
38, 2, 606, 412, 247, 214, 1, 1, 1
39, 2, 593, 418, 254, 205, 1, 1, 1
40, 2, 578, 420, 254, 212, 1, 1, 1
41, 2, 566, 422, 256, 211, 1, 1, 1
42, 2, 566, 422, 257, 209, 1, 1, 1
43, 2, 567, 423, 275, 202, 1, 1, 1
44, 2, 569, 426, 272, 200, 1, 1, 1
45, 2, 571, 424, 277, 205, 1, 1, 1
46, 2, 577, 427, 274, 207, 1, 1, 1
47, 2, 586, 427, 267, 204, 1, 1, 1
48, 2, 576, 428, 279, 190, 1, 1, 1
49, 2, 594, 430, 265, 187, 1, 1, 1
50, 2, 623, 428, 239, 189, 1, 1, 1
51, 2, 644, 432, 297, 185, 1, 1, 1
52, 2, 666, 430, 298, 162, 1, 1, 1
53, 2, 678, 429, 301, 163, 1, 1, 1
54, 2, 687, 427, 300, 177, 1, 1, 1
55, 2, 694, 424, 293, 159, 1, 1, 1
56, 2, 696, 424, 277, 153, 1, 1, 1
57, 2, 701, 424, 230, 141, 1, 1, 1
58, 2, 707, 429, 168, 135, 1, 1, 1
59, 2, 715, 423, 148, 140, 1, 1, 1
60, 2, 672, 420, 154, 130, 1, 1, 1
61, 2, 626, 420, 184, 165, 1, 1, 1
62, 2, 578, 423, 222, 199, 1, 1, 1
63, 2, 535, 421, 256, 203, 1, 1, 1
64, 2, 498, 417, 285, 208, 1, 1, 1
65, 2, 463, 425, 302, 202, 1, 1, 1
66, 2, 433, 428, 308, 200, 1, 1, 1
67, 2, 397, 429, 330, 198, 1, 1, 1
68, 2, 367, 429, 343, 198, 1, 1, 1
69, 2, 348, 430, 313, 194, 1, 1, 1
70, 2, 320, 426, 330, 203, 1, 1, 1
71, 2, 304, 425, 338, 204, 1, 1, 1
72, 2, 282, 427, 333, 204, 1, 1, 1
73, 2, 267, 431, 297, 200, 1, 1, 1
74, 2, 249, 428, 293, 202, 1, 1, 1
75, 2, 234, 430, 307, 200, 1, 1, 1
76, 2, 214, 428, 316, 202, 1, 1, 1
77, 2, 204, 431, 288, 199, 1, 1, 1
78, 2, 196, 431, 251, 202, 1, 1, 1
79, 2, 178, 428, 264, 203, 1, 1, 1
80, 2, 154, 421, 265, 207, 1, 1, 1
81, 2, 141, 416, 236, 205, 1, 1, 1
82, 2, 75, 414, 264, 195, 1, 1, 1
83, 2, 42, 410, 265, 181, 1, 1, 1
84, 2, 15, 411, 259, 190, 1, 1, 1
85, 2, 2, 411, 228, 109, 1, 1, 1
86, 2, 0, 416, 207, 128, 1, 1, 1
87, 2, 0, 417, 218, 127, 1, 1, 1
88, 2, 0, 417, 170, 117, 1, 1, 1
89, 2, 0, 412, 163, 132, 1, 1, 1
90, 2, 0, 424, 70, 47, 1, 1, 1
91, 2, 0, 440, 31, 28, 1, 1, 1
