54, 2, 815, 310, 145, 376, 1, 1, 1
55, 2, 829, 313, 130, 369, 1, 1, 1
56, 2, 808, 319, 135, 367, 1, 1, 1
57, 2, 804, 324, 114, 368, 1, 1, 1
58, 2, 798, 326, 109, 370, 1, 1, 1
59, 2, 776, 335, 125, 366, 1, 1, 1
60, 2, 779, 342, 121, 364, 1, 1, 1
61, 2, 770, 349, 126, 361, 1, 1, 1
62, 2, 768, 357, 130, 350, 1, 1, 1
63, 2, 745, 367, 134, 344, 1, 1, 1
64, 2, 742, 363, 141, 344, 1, 1, 1
65, 2, 728, 355, 183, 350, 1, 1, 1
66, 2, 727, 350, 188, 348, 1, 1, 1
67, 2, 728, 340, 185, 347, 1, 1, 1
68, 2, 736, 334, 182, 348, 1, 1, 1
69, 2, 744, 330, 188, 351, 1, 1, 1
