24, 4, 661, 318, 98, 71, 1, 1, 1
25, 4, 682, 297, 95, 94, 1, 1, 1
26, 4, 688, 283, 110, 98, 1, 1, 1
27, 4, 734, 290, 100, 72, 1, 1, 1
28, 4, 778, 288, 103, 81, 1, 1, 1
29, 4, 828, 296, 102, 73, 1, 1, 1
30, 4, 859, 292, 128, 71, 1, 1, 1
31, 4, 922, 287, 124, 72, 1, 1, 1
32, 4, 971, 288, 119, 69, 1, 1, 1
33, 4, 1011, 289, 107, 70, 1, 1, 1
34, 4, 1031, 283, 98, 75, 1, 1, 1
35, 4, 1055, 267, 78, 73, 1, 1, 1
36, 4, 1076, 258, 72, 75, 1, 1, 1
37, 4, 1100, 255, 58, 72, 1, 1, 1
38, 4, 1111, 254, 41, 75, 1, 1, 1
