1, 1, 594, 87, 169, 110, 1, 1, 1
2, 1, 606, 109, 105, 91, 1, 1, 1
3, 1, 557, 116, 125, 88, 1, 1, 1
4, 1, 494, 135, 117, 86, 1, 1, 1
5, 1, 427, 115, 150, 126, 1, 1, 1
6, 1, 351, 119, 129, 94, 1, 1, 1
7, 1, 284, 152, 125, 104, 1, 1, 1
8, 1, 199, 145, 132, 99, 1, 1, 1
9, 1, 167, 142, 102, 103, 1, 1, 1
10, 1, 134, 138, 83, 91, 1, 1, 1
11, 1, 125, 136, 61, 89, 1, 1, 1
12, 1, 119, 126, 58, 88, 1, 1, 1
13, 1, 117, 113, 72, 72, 1, 1, 1
14, 1, 140, 98, 71, 65, 1, 1, 1
15, 1, 174, 97, 65, 62, 1, 1, 1
16, 1, 200, 103, 84, 64, 1, 1, 1
17, 1, 225, 104, 66, 62, 1, 1, 1
18, 1, 263, 91, 105, 54, 1, 1, 1
19, 1, 318, 96, 78, 64, 1, 1, 1
20, 1, 348, 99, 46, 60, 1, 1, 1
23, 1, 528, 89, 15, 11, 1, 1, 1
24, 1, 502, 79, 101, 81, 1, 1, 1
25, 1, 558, 92, 91, 79, 1, 1, 1
26, 1, 606, 96, 91, 77, 1, 1, 1
27, 1, 680, 85, 94, 87, 1, 1, 1
28, 1, 725, 127, 131, 76, 1, 1, 1
29, 1, 799, 128, 114, 93, 1, 1, 1
30, 1, 844, 126, 134, 120, 1, 1, 1
31, 1, 895, 128, 102, 97, 1, 1, 1
32, 1, 927, 126, 69, 99, 1, 1, 1
33, 1, 929, 136, 72, 125, 1, 1, 1
34, 1, 856, 151, 140, 159, 1, 1, 1
35, 1, 772, 172, 158, 168, 1, 1, 1
36, 1, 676, 222, 193, 140, 1, 1, 1
37, 1, 556, 231, 199, 139, 1, 1, 1
38, 1, 458, 233, 201, 165, 1, 1, 1
39, 1, 318, 247, 186, 145, 1, 1, 1
40, 1, 169, 227, 217, 167, 1, 1, 1
41, 1, 51, 240, 173, 120, 1, 1, 1
42, 1, 0, 240, 140, 111, 1, 1, 1
43, 1, 0, 255, 20, 37, 1, 1, 1
1, 2, 793, 90, 121, 86, 1, 1, 1
2, 2, 743, 79, 132, 100, 1, 1, 1
3, 2, 707, 98, 112, 99, 1, 1, 1
4, 2, 648, 93, 137, 73, 1, 1, 1
5, 2, 608, 110, 115, 84, 1, 1, 1
6, 2, 549, 112, 132, 100, 1, 1, 1
7, 2, 480, 107, 141, 113, 1, 1, 1
8, 2, 396, 130, 133, 104, 1, 1, 1
9, 2, 299, 127, 152, 114, 1, 1, 1
10, 2, 251, 146, 114, 93, 1, 1, 1
11, 2, 204, 142, 87, 105, 1, 1, 1
12, 2, 165, 138, 52, 88, 1, 1, 1
13, 2, 135, 124, 66, 88, 1, 1, 1
14, 2, 114, 115, 73, 98, 1, 1, 1
15, 2, 124, 111, 75, 54, 1, 1, 1
16, 2, 118, 104, 101, 76, 1, 1, 1
17, 2, 121, 99, 117, 81, 1, 1, 1
18, 2, 171, 108, 93, 69, 1, 1, 1
19, 2, 194, 107, 100, 74, 1, 1, 1
20, 2, 250, 111, 92, 64, 1, 1, 1
21, 2, 284, 91, 85, 77, 1, 1, 1
22, 2, 329, 88, 78, 60, 1, 1, 1
24, 2, 498, 127, 10, 10, 1, 1, 1
25, 2, 468, 71, 81, 87, 1, 1, 1
26, 2, 518, 72, 100, 80, 1, 1, 1
27, 2, 591, 98, 62, 73, 1, 1, 1
28, 2, 654, 87, 108, 66, 1, 1, 1
29, 2, 743, 95, 126, 82, 1, 1, 1
30, 2, 794, 98, 135, 80, 1, 1, 1
31, 2, 856, 100, 109, 82, 1, 1, 1
32, 2, 898, 123, 61, 54, 1, 1, 1
33, 2, 942, 110, 80, 66, 1, 1, 1
34, 2, 960, 127, 77, 74, 1, 1, 1
35, 2, 929, 133, 90, 90, 1, 1, 1
36, 2, 870, 140, 130, 113, 1, 1, 1
37, 2, 785, 157, 202, 175, 1, 1, 1
38, 2, 710, 196, 187, 147, 1, 1, 1
39, 2, 578, 204, 200, 150, 1, 1, 1
40, 2, 457, 180, 202, 181, 1, 1, 1
41, 2, 328, 190, 176, 137, 1, 1, 1
42, 2, 247, 165, 186, 161, 1, 1, 1
43, 2, 159, 181, 139, 129, 1, 1, 1
44, 2, 88, 177, 128, 128, 1, 1, 1
45, 2, 36, 179, 97, 103, 1, 1, 1
46, 2, 15, 159, 73, 109, 1, 1, 1
47, 2, 0, 160, 62, 82, 1, 1, 1
48, 2, 0, 132, 81, 111, 1, 1, 1
