16, 1, 876, 305, 105, 113, 1, 1, 1
17, 1, 876, 296, 96, 122, 1, 1, 1
18, 1, 885, 291, 79, 112, 1, 1, 1
19, 1, 883, 287, 78, 113, 1, 1, 1
20, 1, 883, 280, 78, 120, 1, 1, 1
21, 1, 868, 265, 100, 118, 1, 1, 1
22, 1, 847, 259, 106, 119, 1, 1, 1
23, 1, 836, 254, 90, 114, 1, 1, 1
24, 1, 841, 240, 80, 121, 1, 1, 1
25, 1, 847, 236, 67, 109, 1, 1, 1
26, 1, 846, 229, 65, 99, 1, 1, 1
27, 1, 847, 220, 64, 105, 1, 1, 1
28, 1, 828, 218, 82, 94, 1, 1, 1
29, 1, 801, 227, 103, 76, 1, 1, 1
30, 1, 800, 223, 106, 79, 1, 1, 1
31, 1, 793, 209, 100, 87, 1, 1, 1
32, 1, 758, 207, 114, 86, 1, 1, 1
33, 1, 735, 199, 113, 86, 1, 1, 1
34, 1, 689, 194, 127, 85, 1, 1, 1
35, 1, 652, 197, 136, 80, 1, 1, 1
36, 1, 651, 196, 122, 82, 1, 1, 1
37, 1, 648, 200, 116, 78, 1, 1, 1
38, 1, 647, 201, 100, 74, 1, 1, 1
39, 1, 648, 207, 81, 66, 1, 1, 1
