53, 1, 405, 296, 258, 364, 1, 1, 1
54, 1, 406, 300, 216, 349, 1, 1, 1
55, 1, 403, 303, 185, 345, 1, 1, 1
56, 1, 385, 316, 183, 334, 1, 1, 1
57, 1, 401, 323, 201, 324, 1, 1, 1
58, 1, 437, 327, 204, 311, 1, 1, 1
59, 1, 458, 330, 195, 312, 1, 1, 1
60, 1, 463, 325, 206, 305, 1, 1, 1
61, 1, 474, 327, 213, 303, 1, 1, 1
62, 1, 485, 335, 189, 301, 1, 1, 1
63, 1, 466, 326, 178, 299, 1, 1, 1
64, 1, 494, 310, 162, 290, 1, 1, 1
65, 1, 546, 311, 151, 274, 1, 1, 1
66, 1, 585, 418, 118, 179, 1, 1, 1
67, 1, 604, 418, 95, 183, 1, 1, 1
68, 1, 644, 469, 64, 133, 1, 1, 1
69, 1, 659, 501, 41, 113, 1, 1, 1
70, 1, 697, 543, 79, 79, 1, 1, 1
71, 1, 710, 530, 22, 85, 1, 1, 1
72, 1, 717, 603, 19, 34, 1, 1, 1
73, 1, 833, 591, 13, 29, 1, 1, 1
75, 1, 775, 576, 56, 69, 1, 1, 1
76, 1, 756, 411, 92, 234, 1, 1, 1
77, 1, 774, 422, 81, 231, 1, 1, 1
78, 1, 777, 402, 107, 249, 1, 1, 1
79, 1, 793, 386, 84, 266, 1, 1, 1
80, 1, 806, 433, 70, 118, 1, 1, 1
81, 1, 813, 445, 47, 44, 1, 1, 1
82, 1, 826, 463, 20, 31, 1, 1, 1
89, 1, 1027, 548, 45, 90, 1, 1, 1
90, 1, 1044, 548, 24, 92, 1, 1, 1
93, 1, 1081, 572, 17, 46, 1, 1, 1
94, 1, 1099, 553, 18, 49, 1, 1, 1
95, 1, 1057, 527, 64, 71, 1, 1, 1
96, 1, 1062, 495, 24, 99, 1, 1, 1
97, 1, 1064, 477, 35, 130, 1, 1, 1
98, 1, 1069, 350, 52, 257, 1, 1, 1
99, 1, 1079, 379, 67, 257, 1, 1, 1
100, 1, 1103, 567, 29, 67, 1, 1, 1
53, 2, 644, 431, 146, 242, 1, 1, 1
54, 2, 594, 427, 176, 234, 1, 1, 1
55, 2, 571, 436, 151, 220, 1, 1, 1
56, 2, 548, 441, 180, 215, 1, 1, 1
57, 2, 563, 443, 131, 209, 1, 1, 1
58, 2, 592, 443, 120, 212, 1, 1, 1
59, 2, 609, 446, 123, 203, 1, 1, 1
60, 2, 610, 437, 110, 199, 1, 1, 1
61, 2, 630, 426, 102, 208, 1, 1, 1
62, 2, 637, 456, 98, 180, 1, 1, 1
63, 2, 639, 444, 100, 182, 1, 1, 1
64, 2, 649, 425, 80, 184, 1, 1, 1
65, 2, 668, 508, 67, 81, 1, 1, 1
66, 2, 691, 489, 63, 113, 1, 1, 1
67, 2, 686, 475, 82, 134, 1, 1, 1
68, 2, 701, 500, 74, 105, 1, 1, 1
69, 2, 691, 530, 128, 104, 1, 1, 1
70, 2, 713, 540, 116, 102, 1, 1, 1
71, 2, 727, 532, 117, 105, 1, 1, 1
72, 2, 717, 554, 131, 109, 1, 1, 1
73, 2, 727, 536, 114, 122, 1, 1, 1
74, 2, 700, 532, 135, 123, 1, 1, 1
75, 2, 705, 516, 113, 151, 1, 1, 1
76, 2, 726, 478, 109, 205, 1, 1, 1
77, 2, 731, 455, 108, 233, 1, 1, 1
78, 2, 742, 492, 123, 194, 1, 1, 1
79, 2, 746, 488, 124, 197, 1, 1, 1
80, 2, 760, 480, 116, 201, 1, 1, 1
81, 2, 771, 474, 95, 213, 1, 1, 1
82, 2, 795, 489, 117, 198, 1, 1, 1
83, 2, 815, 499, 117, 186, 1, 1, 1
84, 2, 852, 573, 86, 115, 1, 1, 1
85, 2, 838, 570, 118, 117, 1, 1, 1
86, 2, 867, 584, 102, 104, 1, 1, 1
87, 2, 887, 590, 107, 99, 1, 1, 1
88, 2, 928, 598, 80, 88, 1, 1, 1
89, 2, 917, 611, 29, 51, 1, 1, 1
90, 2, 952, 559, 22, 59, 1, 1, 1
91, 2, 921, 553, 175, 127, 1, 1, 1
92, 2, 950, 572, 142, 88, 1, 1, 1
93, 2, 957, 536, 91, 117, 1, 1, 1
94, 2, 977, 469, 81, 166, 1, 1, 1
95, 2, 1000, 471, 63, 165, 1, 1, 1
96, 2, 947, 466, 124, 178, 1, 1, 1
97, 2, 1027, 490, 64, 163, 1, 1, 1
53, 3, 671, 280, 356, 412, 1, 1, 1
54, 3, 656, 280, 334, 400, 1, 1, 1
55, 3, 637, 282, 339, 402, 1, 1, 1
56, 3, 622, 286, 308, 401, 1, 1, 1
57, 3, 657, 287, 284, 407, 1, 1, 1
58, 3, 686, 289, 200, 365, 1, 1, 1
59, 3, 690, 284, 231, 392, 1, 1, 1
60, 3, 687, 276, 218, 380, 1, 1, 1
61, 3, 695, 275, 165, 384, 1, 1, 1
62, 3, 710, 277, 238, 385, 1, 1, 1
63, 3, 702, 269, 263, 383, 1, 1, 1
64, 3, 707, 459, 284, 166, 1, 1, 1
65, 3, 786, 497, 122, 95, 1, 1, 1
66, 3, 819, 514, 125, 93, 1, 1, 1
67, 3, 790, 239, 270, 376, 1, 1, 1
68, 3, 797, 236, 294, 372, 1, 1, 1
69, 3, 848, 267, 269, 376, 1, 1, 1
70, 3, 827, 273, 320, 380, 1, 1, 1
71, 3, 841, 268, 319, 379, 1, 1, 1
72, 3, 837, 285, 286, 391, 1, 1, 1
73, 3, 819, 288, 274, 393, 1, 1, 1
74, 3, 789, 283, 261, 392, 1, 1, 1
75, 3, 769, 292, 243, 392, 1, 1, 1
76, 3, 792, 311, 200, 383, 1, 1, 1
77, 3, 798, 310, 185, 389, 1, 1, 1
78, 3, 829, 311, 166, 377, 1, 1, 1
79, 3, 837, 350, 156, 354, 1, 1, 1
80, 3, 894, 489, 109, 210, 1, 1, 1
81, 3, 884, 499, 53, 156, 1, 1, 1
82, 3, 903, 511, 31, 143, 1, 1, 1
85, 3, 1032, 356, 210, 343, 1, 1, 1
86, 3, 1045, 326, 191, 377, 1, 1, 1
87, 3, 1051, 333, 189, 361, 1, 1, 1
88, 3, 1053, 329, 218, 355, 1, 1, 1
89, 3, 1051, 336, 226, 347, 1, 1, 1
90, 3, 1074, 340, 281, 331, 1, 1, 1
91, 3, 1089, 340, 204, 340, 1, 1, 1
92, 3, 1099, 336, 259, 340, 1, 1, 1
93, 3, 1124, 332, 226, 336, 1, 1, 1
94, 3, 1150, 314, 177, 340, 1, 1, 1
95, 3, 1145, 316, 173, 340, 1, 1, 1
96, 3, 1142, 320, 178, 334, 1, 1, 1
97, 3, 1154, 339, 171, 322, 1, 1, 1
98, 3, 1164, 333, 170, 322, 1, 1, 1
99, 3, 1174, 365, 162, 312, 1, 1, 1
100, 3, 1159, 371, 155, 309, 1, 1, 1
74, 4, 493, 288, 323, 383, 1, 1, 1
75, 4, 485, 304, 299, 384, 1, 1, 1
76, 4, 501, 325, 289, 375, 1, 1, 1
77, 4, 515, 327, 231, 373, 1, 1, 1
78, 4, 527, 333, 222, 368, 1, 1, 1
79, 4, 538, 338, 212, 360, 1, 1, 1
80, 4, 548, 337, 207, 360, 1, 1, 1
81, 4, 565, 348, 203, 349, 1, 1, 1
82, 4, 593, 355, 206, 334, 1, 1, 1
83, 4, 593, 354, 228, 336, 1, 1, 1
84, 4, 592, 356, 234, 335, 1, 1, 1
85, 4, 597, 357, 214, 330, 1, 1, 1
86, 4, 615, 364, 250, 321, 1, 1, 1
87, 4, 653, 382, 214, 307, 1, 1, 1
88, 4, 688, 383, 140, 300, 1, 1, 1
89, 4, 696, 368, 149, 312, 1, 1, 1
90, 4, 705, 368, 155, 313, 1, 1, 1
91, 4, 701, 363, 148, 315, 1, 1, 1
92, 4, 719, 357, 142, 312, 1, 1, 1
93, 4, 732, 351, 134, 308, 1, 1, 1
94, 4, 762, 341, 123, 308, 1, 1, 1
95, 4, 777, 344, 110, 294, 1, 1, 1
96, 4, 798, 341, 103, 296, 1, 1, 1
97, 4, 815, 367, 98, 284, 1, 1, 1
98, 4, 838, 350, 101, 298, 1, 1, 1
99, 4, 843, 385, 122, 293, 1, 1, 1
100, 4, 834, 385, 128, 287, 1, 1, 1
