3, 12, 0, 560, 18, 33, 1, 1, 1
4, 12, 0, 466, 106, 182, 1, 1, 1
5, 12, 0, 468, 195, 166, 1, 1, 1
6, 12, 31, 460, 178, 149, 1, 1, 1
7, 12, 66, 475, 155, 122, 1, 1, 1
8, 12, 0, 465, 211, 152, 1, 1, 1
9, 12, 0, 449, 176, 170, 1, 1, 1
10, 12, 0, 454, 188, 161, 1, 1, 1
11, 12, 0, 463, 194, 156, 1, 1, 1
12, 12, 0, 456, 192, 165, 1, 1, 1
13, 12, 0, 447, 193, 174, 1, 1, 1
14, 12, 24, 464, 154, 150, 1, 1, 1
15, 12, 12, 445, 144, 168, 1, 1, 1
16, 12, 0, 458, 123, 150, 1, 1, 1
17, 12, 0, 429, 69, 155, 1, 1, 1
