66, 1, 585, 418, 118, 179, 1, 1, 1
67, 1, 604, 418, 95, 183, 1, 1, 1
68, 1, 644, 469, 64, 133, 1, 1, 1
69, 1, 659, 501, 41, 113, 1, 1, 1
70, 1, 697, 543, 79, 79, 1, 1, 1
71, 1, 710, 530, 22, 85, 1, 1, 1
72, 1, 717, 603, 19, 34, 1, 1, 1
73, 1, 833, 591, 13, 29, 1, 1, 1
75, 1, 775, 576, 56, 69, 1, 1, 1
76, 1, 756, 411, 92, 234, 1, 1, 1
77, 1, 774, 422, 81, 231, 1, 1, 1
78, 1, 777, 402, 107, 249, 1, 1, 1
79, 1, 793, 386, 84, 266, 1, 1, 1
80, 1, 806, 433, 70, 118, 1, 1, 1
81, 1, 813, 445, 47, 44, 1, 1, 1
82, 1, 826, 463, 20, 31, 1, 1, 1
64, 3, 707, 459, 284, 166, 1, 1, 1
65, 3, 786, 497, 122, 95, 1, 1, 1
66, 3, 819, 514, 125, 93, 1, 1, 1
67, 3, 790, 239, 270, 376, 1, 1, 1
68, 3, 797, 236, 294, 372, 1, 1, 1
69, 3, 848, 267, 269, 376, 1, 1, 1
70, 3, 827, 273, 320, 380, 1, 1, 1
71, 3, 841, 268, 319, 379, 1, 1, 1
72, 3, 837, 285, 286, 391, 1, 1, 1
73, 3, 819, 288, 274, 393, 1, 1, 1
74, 3, 789, 283, 261, 392, 1, 1, 1
75, 3, 769, 292, 243, 392, 1, 1, 1
76, 3, 792, 311, 200, 383, 1, 1, 1
77, 3, 798, 310, 185, 389, 1, 1, 1
78, 3, 829, 311, 166, 377, 1, 1, 1
79, 3, 837, 350, 156, 354, 1, 1, 1
80, 3, 894, 489, 109, 210, 1, 1, 1
81, 3, 884, 499, 53, 156, 1, 1, 1
82, 3, 903, 511, 31, 143, 1, 1, 1
85, 3, 1032, 356, 210, 343, 1, 1, 1
86, 3, 1045, 326, 191, 377, 1, 1, 1
87, 3, 1051, 333, 189, 361, 1, 1, 1
88, 3, 1053, 329, 218, 355, 1, 1, 1
