1, 1, 1562, 704, 155, 232, 1, 1, 1
2, 1, 1550, 699, 153, 228, 1, 1, 1
3, 1, 1503, 687, 219, 233, 1, 1, 1
4, 1, 1476, 665, 250, 236, 1, 1, 1
5, 1, 1466, 635, 266, 241, 1, 1, 1
6, 1, 1493, 615, 193, 244, 1, 1, 1
7, 1, 1544, 607, 121, 240, 1, 1, 1
8, 1, 1476, 595, 213, 239, 1, 1, 1
9, 1, 1495, 568, 255, 240, 1, 1, 1
10, 1, 1535, 544, 155, 233, 1, 1, 1
11, 1, 1505, 526, 206, 239, 1, 1, 1
12, 1, 1511, 508, 252, 246, 1, 1, 1
13, 1, 1486, 486, 324, 249, 1, 1, 1
14, 1, 1503, 469, 349, 239, 1, 1, 1
15, 1, 1541, 456, 362, 251, 1, 1, 1
16, 1, 1554, 439, 366, 255, 1, 1, 1
17, 1, 1587, 370, 333, 296, 1, 1, 1
18, 1, 1617, 382, 303, 259, 1, 1, 1
19, 1, 1645, 344, 275, 281, 1, 1, 1
20, 1, 1613, 307, 307, 274, 1, 1, 1
21, 1, 1632, 271, 288, 247, 1, 1, 1
22, 1, 1669, 219, 251, 281, 1, 1, 1
23, 1, 1652, 170, 268, 300, 1, 1, 1
24, 1, 1642, 123, 278, 276, 1, 1, 1
25, 1, 1669, 82, 251, 275, 1, 1, 1
26, 1, 1613, 39, 297, 280, 1, 1, 1
27, 1, 1592, 0, 328, 280, 1, 1, 1
28, 1, 1610, 0, 310, 232, 1, 1, 1
29, 1, 1660, 0, 229, 182, 1, 1, 1
30, 1, 1603, 0, 279, 155, 1, 1, 1
31, 1, 1558, 0, 344, 113, 1, 1, 1
32, 1, 1601, 0, 269, 82, 1, 1, 1
33, 1, 1672, 0, 144, 61, 1, 1, 1
34, 1, 1681, 0, 133, 43, 1, 1, 1
