70, 4, 729, 310, 224, 165, 1, 1, 1
71, 4, 727, 300, 225, 163, 1, 1, 1
72, 4, 735, 289, 219, 181, 1, 1, 1
73, 4, 732, 288, 221, 175, 1, 1, 1
74, 4, 728, 284, 225, 178, 1, 1, 1
75, 4, 726, 279, 231, 184, 1, 1, 1
76, 4, 719, 275, 240, 188, 1, 1, 1
77, 4, 700, 280, 266, 185, 1, 1, 1
78, 4, 698, 291, 277, 189, 1, 1, 1
79, 4, 703, 304, 280, 163, 1, 1, 1
80, 4, 706, 304, 282, 164, 1, 1, 1
81, 4, 711, 311, 282, 162, 1, 1, 1
82, 4, 717, 314, 296, 179, 1, 1, 1
83, 4, 719, 314, 304, 183, 1, 1, 1
84, 4, 717, 319, 295, 180, 1, 1, 1
