13, 2, 85, 77, 321, 290, 1, 1, 1
14, 2, 212, 88, 233, 119, 1, 1, 1
15, 2, 212, 82, 253, 255, 1, 1, 1
16, 2, 249, 83, 240, 286, 1, 1, 1
17, 2, 232, 92, 287, 283, 1, 1, 1
18, 2, 218, 98, 329, 302, 1, 1, 1
19, 2, 222, 88, 343, 304, 1, 1, 1
20, 2, 283, 87, 308, 303, 1, 1, 1
21, 2, 228, 78, 340, 297, 1, 1, 1
22, 2, 248, 63, 335, 300, 1, 1, 1
23, 2, 228, 61, 362, 300, 1, 1, 1
24, 2, 219, 62, 393, 299, 1, 1, 1
25, 2, 239, 70, 410, 293, 1, 1, 1
26, 2, 246, 64, 403, 292, 1, 1, 1
27, 2, 253, 55, 405, 284, 1, 1, 1
