13, 1, 728, 508, 77, 100, 1, 1, 1
14, 1, 763, 476, 66, 127, 1, 1, 1
15, 1, 762, 494, 51, 95, 1, 1, 1
16, 1, 730, 460, 83, 124, 1, 1, 1
17, 1, 742, 469, 137, 108, 1, 1, 1
18, 1, 742, 455, 151, 123, 1, 1, 1
19, 1, 751, 461, 137, 133, 1, 1, 1
20, 1, 714, 462, 171, 147, 1, 1, 1
21, 1, 721, 486, 128, 123, 1, 1, 1
22, 1, 759, 474, 104, 133, 1, 1, 1
23, 1, 803, 462, 68, 132, 1, 1, 1
24, 1, 807, 484, 100, 115, 1, 1, 1
25, 1, 816, 455, 101, 138, 1, 1, 1
26, 1, 805, 423, 122, 168, 1, 1, 1
27, 1, 812, 408, 154, 174, 1, 1, 1
28, 1, 836, 457, 122, 124, 1, 1, 1
29, 1, 830, 443, 134, 132, 1, 1, 1
30, 1, 832, 444, 122, 147, 1, 1, 1
31, 1, 856, 454, 81, 139, 1, 1, 1
32, 1, 832, 453, 95, 141, 1, 1, 1
33, 1, 826, 415, 92, 171, 1, 1, 1
34, 1, 814, 407, 150, 193, 1, 1, 1
35, 1, 827, 437, 144, 160, 1, 1, 1
36, 1, 813, 469, 142, 134, 1, 1, 1
37, 1, 830, 458, 143, 140, 1, 1, 1
38, 1, 818, 456, 137, 127, 1, 1, 1
39, 1, 816, 433, 143, 134, 1, 1, 1
40, 1, 818, 432, 160, 144, 1, 1, 1
41, 1, 848, 421, 159, 149, 1, 1, 1
42, 1, 846, 431, 151, 134, 1, 1, 1
43, 1, 822, 424, 155, 131, 1, 1, 1
44, 1, 837, 417, 177, 133, 1, 1, 1
45, 1, 855, 414, 177, 135, 1, 1, 1
46, 1, 852, 396, 180, 147, 1, 1, 1
47, 1, 870, 400, 175, 139, 1, 1, 1
48, 1, 883, 422, 161, 111, 1, 1, 1
49, 1, 840, 401, 170, 133, 1, 1, 1
50, 1, 807, 412, 178, 120, 1, 1, 1
51, 1, 782, 381, 158, 145, 1, 1, 1
52, 1, 761, 389, 150, 147, 1, 1, 1
53, 1, 744, 383, 123, 156, 1, 1, 1
13, 2, 677, 495, 100, 109, 1, 1, 1
14, 2, 703, 488, 101, 103, 1, 1, 1
15, 2, 694, 472, 107, 111, 1, 1, 1
16, 2, 655, 471, 123, 111, 1, 1, 1
17, 2, 609, 464, 142, 114, 1, 1, 1
18, 2, 631, 464, 123, 116, 1, 1, 1
19, 2, 616, 454, 160, 140, 1, 1, 1
20, 2, 635, 499, 140, 99, 1, 1, 1
21, 2, 682, 497, 143, 93, 1, 1, 1
22, 2, 763, 477, 102, 73, 1, 1, 1
23, 2, 838, 477, 112, 105, 1, 1, 1
24, 2, 867, 460, 127, 112, 1, 1, 1
25, 2, 887, 449, 155, 127, 1, 1, 1
26, 2, 897, 431, 159, 136, 1, 1, 1
27, 2, 918, 446, 127, 114, 1, 1, 1
28, 2, 880, 424, 139, 133, 1, 1, 1
29, 2, 844, 441, 125, 132, 1, 1, 1
30, 2, 823, 456, 79, 125, 1, 1, 1
31, 2, 804, 469, 101, 114, 1, 1, 1
32, 2, 767, 462, 107, 115, 1, 1, 1
33, 2, 787, 419, 143, 156, 1, 1, 1
34, 2, 883, 445, 76, 130, 1, 1, 1
35, 2, 917, 467, 71, 121, 1, 1, 1
36, 2, 932, 467, 67, 121, 1, 1, 1
37, 2, 920, 458, 86, 125, 1, 1, 1
38, 2, 911, 447, 130, 125, 1, 1, 1
39, 2, 938, 421, 136, 140, 1, 1, 1
40, 2, 949, 440, 128, 123, 1, 1, 1
41, 2, 970, 416, 82, 138, 1, 1, 1
42, 2, 968, 425, 72, 118, 1, 1, 1
43, 2, 951, 450, 91, 95, 1, 1, 1
44, 2, 915, 417, 146, 126, 1, 1, 1
45, 2, 974, 393, 99, 164, 1, 1, 1
46, 2, 984, 428, 86, 123, 1, 1, 1
47, 2, 985, 419, 92, 127, 1, 1, 1
48, 2, 964, 367, 85, 174, 1, 1, 1
49, 2, 938, 375, 98, 173, 1, 1, 1
50, 2, 909, 417, 97, 127, 1, 1, 1
51, 2, 876, 376, 103, 166, 1, 1, 1
52, 2, 838, 371, 91, 171, 1, 1, 1
53, 2, 798, 380, 84, 59, 1, 1, 1
