3, 5, 1864, 609, 56, 263, 1, 1, 1
4, 5, 1840, 616, 80, 256, 1, 1, 1
5, 5, 1810, 619, 110, 248, 1, 1, 1
6, 5, 1791, 609, 129, 253, 1, 1, 1
7, 5, 1767, 604, 153, 252, 1, 1, 1
8, 5, 1734, 582, 170, 260, 1, 1, 1
9, 5, 1697, 568, 172, 267, 1, 1, 1
10, 5, 1661, 557, 166, 267, 1, 1, 1
11, 5, 1623, 554, 165, 265, 1, 1, 1
12, 5, 1619, 557, 163, 246, 1, 1, 1
13, 5, 1613, 565, 161, 224, 1, 1, 1
14, 5, 1603, 577, 149, 189, 1, 1, 1
15, 5, 1604, 580, 148, 188, 1, 1, 1
16, 5, 1609, 576, 146, 195, 1, 1, 1
17, 5, 1623, 573, 153, 205, 1, 1, 1
18, 5, 1662, 576, 160, 210, 1, 1, 1
19, 5, 1750, 582, 170, 235, 1, 1, 1
