1, 1, 244, 551, 207, 233, 1, 1, 1
2, 1, 250, 554, 206, 223, 1, 1, 1
3, 1, 251, 555, 217, 224, 1, 1, 1
4, 1, 252, 555, 228, 226, 1, 1, 1
5, 1, 253, 553, 238, 228, 1, 1, 1
6, 1, 284, 551, 220, 226, 1, 1, 1
7, 1, 293, 552, 222, 227, 1, 1, 1
8, 1, 319, 555, 208, 220, 1, 1, 1
9, 1, 321, 556, 216, 216, 1, 1, 1
10, 1, 325, 553, 223, 219, 1, 1, 1
11, 1, 344, 552, 213, 220, 1, 1, 1
12, 1, 367, 553, 202, 217, 1, 1, 1
13, 1, 371, 555, 212, 215, 1, 1, 1
14, 1, 383, 560, 211, 208, 1, 1, 1
15, 1, 391, 559, 216, 209, 1, 1, 1
16, 1, 391, 558, 229, 210, 1, 1, 1
17, 1, 412, 555, 222, 212, 1, 1, 1
18, 1, 430, 557, 215, 210, 1, 1, 1
19, 1, 458, 562, 197, 204, 1, 1, 1
20, 1, 458, 564, 207, 201, 1, 1, 1
21, 1, 463, 564, 213, 199, 1, 1, 1
22, 1, 472, 564, 214, 205, 1, 1, 1
23, 1, 505, 565, 192, 198, 1, 1, 1
24, 1, 514, 570, 194, 194, 1, 1, 1
25, 1, 523, 576, 198, 188, 1, 1, 1
26, 1, 529, 578, 201, 185, 1, 1, 1
27, 1, 531, 576, 213, 187, 1, 1, 1
28, 1, 548, 576, 208, 186, 1, 1, 1
29, 1, 558, 571, 208, 190, 1, 1, 1
30, 1, 586, 566, 185, 195, 1, 1, 1
31, 1, 600, 557, 180, 203, 1, 1, 1
32, 1, 601, 546, 181, 214, 1, 1, 1
33, 1, 611, 539, 174, 221, 1, 1, 1
34, 1, 636, 530, 157, 228, 1, 1, 1
35, 1, 647, 534, 154, 223, 1, 1, 1
36, 1, 648, 534, 168, 221, 1, 1, 1
37, 1, 614, 533, 216, 222, 1, 1, 1
38, 1, 654, 533, 186, 221, 1, 1, 1
39, 1, 662, 530, 192, 222, 1, 1, 1
40, 1, 696, 530, 169, 222, 1, 1, 1
41, 1, 703, 532, 171, 219, 1, 1, 1
42, 1, 671, 535, 216, 216, 1, 1, 1
43, 1, 711, 536, 186, 215, 1, 1, 1
44, 1, 715, 534, 191, 216, 1, 1, 1
45, 1, 727, 534, 189, 216, 1, 1, 1
46, 1, 760, 534, 168, 216, 1, 1, 1
47, 1, 765, 537, 170, 212, 1, 1, 1
48, 1, 772, 540, 171, 209, 1, 1, 1
49, 1, 772, 541, 177, 210, 1, 1, 1
50, 1, 774, 540, 186, 211, 1, 1, 1
51, 1, 784, 540, 182, 210, 1, 1, 1
52, 1, 814, 535, 160, 217, 1, 1, 1
53, 1, 823, 544, 158, 208, 1, 1, 1
54, 1, 823, 545, 165, 208, 1, 1, 1
55, 1, 825, 545, 168, 207, 1, 1, 1
56, 1, 827, 546, 174, 208, 1, 1, 1
57, 1, 847, 545, 158, 209, 1, 1, 1
58, 1, 867, 547, 146, 208, 1, 1, 1
59, 1, 876, 550, 143, 205, 1, 1, 1
60, 1, 879, 552, 147, 204, 1, 1, 1
61, 1, 878, 552, 150, 205, 1, 1, 1
62, 1, 880, 552, 143, 206, 1, 1, 1
63, 1, 894, 567, 129, 190, 1, 1, 1
64, 1, 922, 578, 102, 180, 1, 1, 1
65, 1, 932, 589, 93, 171, 1, 1, 1
66, 1, 935, 595, 88, 165, 1, 1, 1
67, 1, 935, 601, 92, 159, 1, 1, 1
68, 1, 939, 608, 87, 152, 1, 1, 1
69, 1, 958, 605, 67, 155, 1, 1, 1
70, 1, 974, 560, 131, 201, 1, 1, 1
71, 1, 983, 565, 133, 197, 1, 1, 1
72, 1, 985, 567, 143, 195, 1, 1, 1
73, 1, 987, 568, 152, 194, 1, 1, 1
74, 1, 996, 566, 151, 193, 1, 1, 1
75, 1, 1017, 565, 148, 194, 1, 1, 1
76, 1, 1090, 567, 87, 193, 1, 1, 1
77, 1, 1092, 573, 98, 187, 1, 1, 1
78, 1, 1093, 574, 107, 186, 1, 1, 1
79, 1, 1096, 571, 113, 188, 1, 1, 1
80, 1, 1095, 566, 124, 194, 1, 1, 1
81, 1, 1105, 564, 127, 199, 1, 1, 1
82, 1, 1111, 568, 134, 190, 1, 1, 1
83, 1, 1111, 569, 146, 189, 1, 1, 1
84, 1, 1118, 567, 152, 192, 1, 1, 1
85, 1, 1142, 561, 140, 192, 1, 1, 1
86, 1, 1171, 560, 119, 193, 1, 1, 1
87, 1, 1185, 563, 114, 188, 1, 1, 1
88, 1, 1188, 567, 120, 185, 1, 1, 1
89, 1, 1193, 569, 123, 181, 1, 1, 1
90, 1, 1204, 567, 119, 179, 1, 1, 1
91, 1, 1221, 569, 110, 171, 1, 1, 1
92, 1, 1225, 567, 113, 172, 1, 1, 1
93, 1, 1228, 572, 120, 167, 1, 1, 1
94, 1, 1231, 568, 126, 170, 1, 1, 1
95, 1, 1236, 564, 129, 172, 1, 1, 1
96, 1, 1251, 559, 123, 174, 1, 1, 1
97, 1, 1277, 557, 105, 174, 1, 1, 1
98, 1, 1288, 557, 105, 174, 1, 1, 1
99, 1, 1289, 560, 105, 170, 1, 1, 1
100, 1, 1295, 560, 99, 170, 1, 1, 1
101, 1, 1303, 555, 94, 173, 1, 1, 1
102, 1, 1319, 582, 75, 142, 1, 1, 1
103, 1, 1328, 584, 65, 140, 1, 1, 1
104, 1, 1335, 585, 68, 139, 1, 1, 1
105, 1, 1335, 587, 65, 137, 1, 1, 1
106, 1, 1337, 589, 64, 135, 1, 1, 1
107, 1, 1349, 593, 53, 131, 1, 1, 1
108, 1, 1362, 601, 40, 116, 1, 1, 1
