7, 2, 513, 0, 453, 579, 1, 1, 1
8, 2, 494, 0, 472, 603, 1, 1, 1
9, 2, 492, 0, 474, 622, 1, 1, 1
10, 2, 497, 0, 469, 583, 1, 1, 1
11, 2, 452, 0, 510, 534, 1, 1, 1
12, 2, 319, 0, 580, 559, 1, 1, 1
13, 2, 282, 0, 589, 545, 1, 1, 1
14, 2, 392, 0, 574, 569, 1, 1, 1
15, 2, 498, 0, 468, 622, 1, 1, 1
16, 2, 505, 0, 461, 622, 1, 1, 1
17, 2, 501, 0, 465, 622, 1, 1, 1
18, 2, 467, 0, 499, 622, 1, 1, 1
19, 2, 447, 0, 519, 601, 1, 1, 1
20, 2, 430, 0, 536, 609, 1, 1, 1
21, 2, 407, 0, 559, 622, 1, 1, 1
22, 2, 396, 0, 570, 622, 1, 1, 1
23, 2, 386, 0, 568, 622, 1, 1, 1
24, 2, 382, 0, 564, 622, 1, 1, 1
25, 2, 377, 0, 589, 622, 1, 1, 1
26, 2, 376, 0, 590, 621, 1, 1, 1
27, 2, 377, 0, 589, 622, 1, 1, 1
28, 2, 375, 0, 591, 517, 1, 1, 1
29, 2, 371, 0, 595, 514, 1, 1, 1
30, 2, 382, 0, 584, 512, 1, 1, 1
31, 2, 382, 0, 523, 529, 1, 1, 1
32, 2, 389, 0, 500, 547, 1, 1, 1
33, 2, 401, 0, 516, 575, 1, 1, 1
34, 2, 410, 0, 556, 606, 1, 1, 1
35, 2, 403, 0, 563, 621, 1, 1, 1
36, 2, 398, 0, 568, 622, 1, 1, 1
37, 2, 403, 24, 563, 598, 1, 1, 1
38, 2, 408, 53, 558, 568, 1, 1, 1
39, 2, 408, 66, 558, 556, 1, 1, 1
40, 2, 430, 100, 536, 521, 1, 1, 1
41, 2, 439, 96, 474, 431, 1, 1, 1
42, 2, 409, 0, 303, 522, 1, 1, 1
43, 2, 334, 0, 291, 498, 1, 1, 1
44, 2, 274, 0, 334, 477, 1, 1, 1
45, 2, 142, 50, 476, 428, 1, 1, 1
46, 2, 63, 66, 555, 417, 1, 1, 1
47, 2, 17, 66, 487, 425, 1, 1, 1
48, 2, 0, 73, 443, 378, 1, 1, 1
49, 2, 0, 104, 355, 362, 1, 1, 1
50, 2, 0, 101, 346, 359, 1, 1, 1
51, 2, 0, 86, 378, 377, 1, 1, 1
52, 2, 0, 111, 291, 344, 1, 1, 1
53, 2, 0, 1, 258, 490, 1, 1, 1
54, 2, 0, 107, 263, 378, 1, 1, 1
55, 2, 42, 112, 350, 371, 1, 1, 1
56, 2, 72, 101, 421, 394, 1, 1, 1
57, 2, 122, 58, 500, 455, 1, 1, 1
58, 2, 170, 45, 602, 507, 1, 1, 1
59, 2, 263, 68, 681, 526, 1, 1, 1
60, 2, 263, 50, 538, 538, 1, 1, 1
61, 2, 254, 47, 529, 533, 1, 1, 1
62, 2, 250, 77, 477, 500, 1, 1, 1
63, 2, 181, 71, 449, 509, 1, 1, 1
64, 2, 166, 72, 464, 548, 1, 1, 1
65, 2, 183, 56, 459, 566, 1, 1, 1
66, 2, 153, 57, 500, 565, 1, 1, 1
67, 2, 70, 43, 578, 579, 1, 1, 1
68, 2, 0, 19, 590, 588, 1, 1, 1
69, 2, 0, 45, 499, 576, 1, 1, 1
70, 2, 0, 33, 481, 508, 1, 1, 1
71, 2, 0, 20, 483, 517, 1, 1, 1
72, 2, 0, 32, 494, 491, 1, 1, 1
73, 2, 0, 21, 450, 448, 1, 1, 1
74, 2, 0, 45, 392, 420, 1, 1, 1
75, 2, 0, 60, 378, 400, 1, 1, 1
76, 2, 0, 31, 397, 391, 1, 1, 1
77, 2, 66, 62, 335, 361, 1, 1, 1
78, 2, 170, 73, 249, 330, 1, 1, 1
79, 2, 224, 73, 257, 351, 1, 1, 1
80, 2, 177, 63, 304, 358, 1, 1, 1
81, 2, 111, 0, 351, 426, 1, 1, 1
82, 2, 115, 13, 501, 418, 1, 1, 1
83, 2, 227, 23, 542, 432, 1, 1, 1
84, 2, 317, 0, 599, 469, 1, 1, 1
85, 2, 431, 0, 535, 427, 1, 1, 1
86, 2, 509, 0, 457, 432, 1, 1, 1
87, 2, 606, 0, 360, 432, 1, 1, 1
88, 2, 680, 0, 286, 458, 1, 1, 1
89, 2, 707, 0, 259, 487, 1, 1, 1
90, 2, 701, 0, 265, 494, 1, 1, 1
91, 2, 553, 0, 398, 498, 1, 1, 1
92, 2, 410, 0, 522, 500, 1, 1, 1
93, 2, 387, 0, 537, 538, 1, 1, 1
94, 2, 336, 0, 599, 535, 1, 1, 1
95, 2, 377, 0, 534, 451, 1, 1, 1
96, 2, 399, 27, 252, 405, 1, 1, 1
97, 2, 358, 35, 269, 312, 1, 1, 1
98, 2, 371, 33, 256, 342, 1, 1, 1
99, 2, 349, 35, 300, 296, 1, 1, 1
100, 2, 301, 12, 308, 325, 1, 1, 1
101, 2, 297, 8, 263, 330, 1, 1, 1
102, 2, 293, 25, 244, 312, 1, 1, 1
103, 2, 296, 33, 176, 308, 1, 1, 1
104, 2, 334, 30, 150, 334, 1, 1, 1
105, 2, 253, 23, 277, 344, 1, 1, 1
106, 2, 199, 16, 374, 349, 1, 1, 1
107, 2, 179, 0, 381, 366, 1, 1, 1
108, 2, 160, 23, 338, 364, 1, 1, 1
109, 2, 233, 21, 267, 376, 1, 1, 1
110, 2, 232, 0, 465, 471, 1, 1, 1
111, 2, 227, 0, 606, 479, 1, 1, 1
112, 2, 257, 0, 674, 547, 1, 1, 1
113, 2, 282, 62, 684, 486, 1, 1, 1
114, 2, 416, 54, 550, 558, 1, 1, 1
115, 2, 465, 46, 501, 576, 1, 1, 1
116, 2, 510, 47, 456, 575, 1, 1, 1
117, 2, 527, 41, 439, 581, 1, 1, 1
118, 2, 512, 51, 454, 571, 1, 1, 1
119, 2, 502, 64, 464, 558, 1, 1, 1
120, 2, 479, 61, 487, 561, 1, 1, 1
121, 2, 434, 56, 532, 566, 1, 1, 1
122, 2, 444, 50, 522, 572, 1, 1, 1
123, 2, 464, 23, 502, 599, 1, 1, 1
124, 2, 391, 24, 575, 598, 1, 1, 1
125, 2, 412, 25, 554, 597, 1, 1, 1
126, 2, 467, 54, 499, 568, 1, 1, 1
