20, 3, 245, 302, 108, 91, 1, 1, 1
21, 3, 262, 310, 168, 88, 1, 1, 1
22, 3, 286, 298, 177, 90, 1, 1, 1
23, 3, 310, 294, 177, 99, 1, 1, 1
24, 3, 318, 300, 183, 94, 1, 1, 1
25, 3, 350, 287, 178, 98, 1, 1, 1
26, 3, 370, 282, 184, 101, 1, 1, 1
27, 3, 379, 248, 186, 98, 1, 1, 1
28, 3, 337, 221, 195, 113, 1, 1, 1
29, 3, 236, 270, 213, 118, 1, 1, 1
30, 3, 130, 290, 229, 126, 1, 1, 1
31, 3, 38, 284, 248, 138, 1, 1, 1
32, 3, 0, 298, 236, 139, 1, 1, 1
33, 3, 1, 304, 217, 138, 1, 1, 1
34, 3, 0, 294, 240, 141, 1, 1, 1
35, 3, 0, 310, 266, 137, 1, 1, 1
