6, 10, 1324, 180, 355, 470, 1, 1, 1
7, 10, 1313, 175, 352, 470, 1, 1, 1
8, 10, 1309, 175, 350, 471, 1, 1, 1
9, 10, 1290, 180, 348, 472, 1, 1, 1
10, 10, 1278, 186, 351, 469, 1, 1, 1
11, 10, 1263, 187, 352, 470, 1, 1, 1
12, 10, 1259, 190, 345, 467, 1, 1, 1
13, 10, 1248, 194, 343, 468, 1, 1, 1
14, 10, 1231, 198, 345, 467, 1, 1, 1
15, 10, 1220, 203, 339, 466, 1, 1, 1
16, 10, 1229, 207, 319, 469, 1, 1, 1
17, 10, 1201, 214, 335, 465, 1, 1, 1
18, 10, 1189, 217, 339, 466, 1, 1, 1
19, 10, 1182, 222, 340, 463, 1, 1, 1
20, 10, 1173, 224, 341, 463, 1, 1, 1
21, 10, 1170, 228, 332, 461, 1, 1, 1
22, 10, 1165, 229, 333, 458, 1, 1, 1
23, 10, 1162, 228, 332, 457, 1, 1, 1
24, 10, 1162, 228, 327, 457, 1, 1, 1
25, 10, 1155, 234, 326, 452, 1, 1, 1
26, 10, 1170, 237, 307, 452, 1, 1, 1
27, 10, 1185, 235, 282, 450, 1, 1, 1
28, 10, 1199, 236, 267, 441, 1, 1, 1
29, 10, 1145, 234, 315, 446, 1, 1, 1
30, 10, 1153, 230, 313, 455, 1, 1, 1
31, 10, 1149, 229, 315, 450, 1, 1, 1
32, 10, 1148, 535, 256, 117, 1, 1, 1
33, 10, 1145, 531, 245, 120, 1, 1, 1
34, 10, 1145, 528, 301, 118, 1, 1, 1
35, 10, 1141, 335, 246, 317, 1, 1, 1
36, 10, 1139, 307, 335, 358, 1, 1, 1
37, 10, 1133, 202, 325, 487, 1, 1, 1
38, 10, 1136, 243, 284, 454, 1, 1, 1
39, 10, 1133, 246, 282, 458, 1, 1, 1
40, 10, 1129, 256, 279, 456, 1, 1, 1
41, 10, 1128, 268, 278, 456, 1, 1, 1
42, 10, 1138, 276, 277, 453, 1, 1, 1
43, 10, 1141, 284, 211, 453, 1, 1, 1
44, 10, 1147, 290, 236, 454, 1, 1, 1
45, 10, 1145, 298, 254, 451, 1, 1, 1
46, 10, 1143, 306, 268, 447, 1, 1, 1
47, 10, 1135, 309, 269, 450, 1, 1, 1
48, 10, 1136, 311, 266, 451, 1, 1, 1
49, 10, 1126, 313, 266, 446, 1, 1, 1
50, 10, 1120, 326, 262, 450, 1, 1, 1
51, 10, 1094, 334, 262, 451, 1, 1, 1
52, 10, 1074, 346, 259, 449, 1, 1, 1
