17, 2, 904, 7, 795, 1059, 1, 1, 1
18, 2, 896, 0, 1010, 1068, 1, 1, 1
19, 2, 893, 0, 1016, 1080, 1, 1, 1
20, 2, 775, 0, 1140, 1080, 1, 1, 1
21, 2, 749, 0, 1171, 1080, 1, 1, 1
22, 2, 847, 0, 1017, 1080, 1, 1, 1
23, 2, 946, 0, 950, 1063, 1, 1, 1
24, 2, 1152, 0, 762, 1075, 1, 1, 1
25, 2, 1245, 0, 675, 1004, 1, 1, 1
26, 2, 1210, 144, 681, 771, 1, 1, 1
27, 2, 1190, 0, 727, 913, 1, 1, 1
28, 2, 1105, 0, 813, 916, 1, 1, 1
29, 2, 1085, 1, 803, 985, 1, 1, 1
30, 2, 1126, 0, 794, 1052, 1, 1, 1
31, 2, 1109, 0, 811, 1055, 1, 1, 1
32, 2, 1176, 0, 744, 1079, 1, 1, 1
33, 2, 1327, 0, 593, 1080, 1, 1, 1
34, 2, 1318, 0, 602, 1080, 1, 1, 1
35, 2, 1294, 0, 626, 1080, 1, 1, 1
36, 2, 1312, 0, 608, 1080, 1, 1, 1
