181, 10, 612, 308, 140, 772, 1, 1, 1
182, 10, 587, 312, 173, 768, 1, 1, 1
183, 10, 565, 305, 242, 775, 1, 1, 1
184, 10, 554, 301, 217, 779, 1, 1, 1
185, 10, 554, 303, 217, 777, 1, 1, 1
186, 10, 548, 303, 225, 777, 1, 1, 1
187, 10, 558, 304, 224, 776, 1, 1, 1
188, 10, 555, 304, 217, 776, 1, 1, 1
189, 10, 589, 298, 587, 782, 1, 1, 1
190, 10, 582, 285, 629, 794, 1, 1, 1
191, 10, 584, 276, 651, 606, 1, 1, 1
192, 10, 589, 573, 669, 306, 1, 1, 1
193, 10, 1000, 553, 270, 336, 1, 1, 1
194, 10, 967, 549, 290, 387, 1, 1, 1
195, 10, 918, 383, 308, 697, 1, 1, 1
196, 10, 916, 324, 307, 756, 1, 1, 1
197, 10, 927, 295, 297, 785, 1, 1, 1
198, 10, 944, 263, 281, 817, 1, 1, 1
