143, 2, 852, 552, 279, 96, 1, 1, 1
144, 2, 849, 554, 281, 96, 1, 1, 1
145, 2, 847, 554, 282, 99, 1, 1, 1
146, 2, 845, 555, 281, 96, 1, 1, 1
147, 2, 842, 554, 282, 99, 1, 1, 1
148, 2, 840, 553, 283, 102, 1, 1, 1
149, 2, 839, 555, 283, 100, 1, 1, 1
150, 2, 835, 553, 287, 104, 1, 1, 1
151, 2, 834, 552, 289, 104, 1, 1, 1
152, 2, 829, 555, 288, 102, 1, 1, 1
153, 2, 826, 554, 289, 106, 1, 1, 1
154, 2, 819, 560, 294, 103, 1, 1, 1
155, 2, 816, 566, 292, 106, 1, 1, 1
156, 2, 812, 565, 294, 105, 1, 1, 1
157, 2, 807, 567, 299, 106, 1, 1, 1
158, 2, 806, 566, 304, 108, 1, 1, 1
159, 2, 803, 567, 300, 108, 1, 1, 1
160, 2, 800, 569, 301, 105, 1, 1, 1
161, 2, 797, 568, 303, 108, 1, 1, 1
162, 2, 795, 567, 305, 109, 1, 1, 1
163, 2, 792, 568, 305, 109, 1, 1, 1
164, 2, 789, 568, 306, 111, 1, 1, 1
165, 2, 783, 583, 192, 97, 1, 1, 1
166, 2, 778, 583, 201, 97, 1, 1, 1
167, 2, 775, 584, 204, 97, 1, 1, 1
168, 2, 773, 583, 239, 99, 1, 1, 1
169, 2, 768, 584, 247, 99, 1, 1, 1
170, 2, 767, 586, 249, 98, 1, 1, 1
171, 2, 762, 584, 257, 100, 1, 1, 1
172, 2, 758, 584, 263, 100, 1, 1, 1
173, 2, 754, 586, 269, 99, 1, 1, 1
174, 2, 752, 586, 275, 99, 1, 1, 1
