23, 1, 421, 787, 324, 516, 1, 1, 1
24, 1, 427, 792, 328, 524, 1, 1, 1
25, 1, 435, 796, 333, 484, 1, 1, 1
26, 1, 419, 798, 355, 505, 1, 1, 1
27, 1, 406, 810, 362, 550, 1, 1, 1
28, 1, 399, 805, 376, 593, 1, 1, 1
29, 1, 376, 797, 382, 580, 1, 1, 1
30, 1, 337, 779, 393, 593, 1, 1, 1
23, 2, 488, 781, 385, 467, 1, 1, 1
24, 2, 494, 773, 383, 498, 1, 1, 1
25, 2, 503, 767, 389, 499, 1, 1, 1
26, 2, 521, 776, 372, 497, 1, 1, 1
27, 2, 525, 783, 380, 504, 1, 1, 1
28, 2, 483, 778, 407, 519, 1, 1, 1
29, 2, 449, 762, 437, 524, 1, 1, 1
30, 2, 437, 749, 430, 534, 1, 1, 1
