31, 2, 1060, 556, 127, 176, 1, 1, 1
32, 2, 1078, 556, 109, 211, 1, 1, 1
33, 2, 1081, 560, 106, 225, 1, 1, 1
34, 2, 1080, 561, 108, 224, 1, 1, 1
35, 2, 1077, 561, 110, 207, 1, 1, 1
36, 2, 1100, 558, 88, 226, 1, 1, 1
37, 2, 1081, 587, 108, 194, 1, 1, 1
38, 2, 1076, 562, 111, 215, 1, 1, 1
39, 2, 1078, 559, 110, 216, 1, 1, 1
40, 2, 1076, 557, 111, 217, 1, 1, 1
41, 2, 1077, 558, 111, 219, 1, 1, 1
42, 2, 1072, 558, 114, 220, 1, 1, 1
43, 2, 1068, 558, 118, 226, 1, 1, 1
44, 2, 1068, 558, 114, 230, 1, 1, 1
45, 2, 1062, 569, 119, 218, 1, 1, 1
46, 2, 1059, 582, 119, 208, 1, 1, 1
47, 2, 1061, 586, 117, 203, 1, 1, 1
48, 2, 1060, 590, 116, 200, 1, 1, 1
49, 2, 1053, 595, 118, 197, 1, 1, 1
50, 2, 1050, 597, 111, 196, 1, 1, 1
