32, 1, 860, 148, 420, 435, 1, 1, 1
33, 1, 868, 155, 412, 428, 1, 1, 1
34, 1, 980, 142, 300, 441, 1, 1, 1
35, 1, 1012, 138, 268, 437, 1, 1, 1
36, 1, 1042, 150, 238, 425, 1, 1, 1
37, 1, 1069, 138, 211, 436, 1, 1, 1
38, 1, 1095, 117, 185, 452, 1, 1, 1
39, 1, 1118, 122, 162, 448, 1, 1, 1
40, 1, 1146, 123, 134, 445, 1, 1, 1
41, 1, 1168, 109, 112, 452, 1, 1, 1
42, 1, 1175, 101, 105, 456, 1, 1, 1
43, 1, 1163, 112, 117, 451, 1, 1, 1
44, 1, 1147, 91, 133, 445, 1, 1, 1
45, 1, 1140, 82, 140, 456, 1, 1, 1
46, 1, 1133, 94, 147, 444, 1, 1, 1
47, 1, 1112, 105, 168, 432, 1, 1, 1
48, 1, 1108, 92, 172, 429, 1, 1, 1
49, 1, 1113, 82, 167, 420, 1, 1, 1
50, 1, 1100, 96, 180, 405, 1, 1, 1
51, 1, 1092, 94, 188, 413, 1, 1, 1
52, 1, 1091, 75, 189, 425, 1, 1, 1
53, 1, 1083, 92, 197, 409, 1, 1, 1
54, 1, 1069, 96, 211, 405, 1, 1, 1
55, 1, 1058, 57, 222, 431, 1, 1, 1
56, 1, 1057, 84, 219, 404, 1, 1, 1
57, 1, 1034, 94, 220, 391, 1, 1, 1
58, 1, 1014, 81, 222, 392, 1, 1, 1
59, 1, 996, 71, 231, 402, 1, 1, 1
60, 1, 977, 93, 238, 379, 1, 1, 1
61, 1, 958, 94, 247, 370, 1, 1, 1
62, 1, 949, 80, 237, 385, 1, 1, 1
63, 1, 932, 97, 252, 364, 1, 1, 1
64, 1, 902, 101, 249, 359, 1, 1, 1
65, 1, 904, 84, 227, 375, 1, 1, 1
66, 1, 899, 101, 219, 359, 1, 1, 1
67, 1, 882, 105, 223, 348, 1, 1, 1
68, 1, 882, 94, 206, 357, 1, 1, 1
69, 1, 879, 102, 197, 343, 1, 1, 1
70, 1, 865, 100, 191, 348, 1, 1, 1
71, 1, 865, 85, 183, 356, 1, 1, 1
21, 2, 646, 145, 155, 284, 1, 1, 1
22, 2, 642, 141, 155, 289, 1, 1, 1
23, 2, 639, 144, 154, 282, 1, 1, 1
24, 2, 620, 142, 165, 287, 1, 1, 1
25, 2, 612, 137, 165, 289, 1, 1, 1
26, 2, 599, 124, 170, 300, 1, 1, 1
27, 2, 576, 125, 188, 294, 1, 1, 1
28, 2, 567, 130, 193, 288, 1, 1, 1
29, 2, 563, 130, 195, 287, 1, 1, 1
30, 2, 553, 127, 194, 296, 1, 1, 1
31, 2, 546, 126, 191, 295, 1, 1, 1
32, 2, 541, 130, 184, 291, 1, 1, 1
33, 2, 558, 130, 154, 287, 1, 1, 1
34, 2, 542, 121, 158, 292, 1, 1, 1
35, 2, 529, 115, 159, 293, 1, 1, 1
36, 2, 521, 115, 159, 296, 1, 1, 1
37, 2, 504, 121, 171, 288, 1, 1, 1
38, 2, 494, 127, 176, 283, 1, 1, 1
39, 2, 495, 127, 167, 281, 1, 1, 1
40, 2, 494, 129, 159, 276, 1, 1, 1
41, 2, 482, 136, 159, 268, 1, 1, 1
42, 2, 468, 138, 159, 266, 1, 1, 1
43, 2, 464, 136, 145, 266, 1, 1, 1
44, 2, 452, 138, 148, 265, 1, 1, 1
45, 2, 447, 135, 148, 268, 1, 1, 1
46, 2, 438, 138, 152, 264, 1, 1, 1
47, 2, 441, 129, 178, 272, 1, 1, 1
48, 2, 449, 128, 179, 274, 1, 1, 1
49, 2, 458, 128, 144, 273, 1, 1, 1
50, 2, 466, 130, 114, 272, 1, 1, 1
51, 2, 471, 131, 97, 269, 1, 1, 1
52, 2, 464, 133, 101, 267, 1, 1, 1
53, 2, 463, 132, 104, 268, 1, 1, 1
54, 2, 463, 127, 104, 270, 1, 1, 1
55, 2, 464, 132, 104, 266, 1, 1, 1
56, 2, 470, 130, 108, 266, 1, 1, 1
57, 2, 476, 129, 103, 269, 1, 1, 1
58, 2, 476, 128, 111, 271, 1, 1, 1
59, 2, 479, 135, 113, 261, 1, 1, 1
60, 2, 476, 137, 113, 259, 1, 1, 1
61, 2, 475, 133, 112, 262, 1, 1, 1
62, 2, 471, 134, 101, 262, 1, 1, 1
63, 2, 473, 140, 90, 256, 1, 1, 1
64, 2, 476, 143, 87, 248, 1, 1, 1
65, 2, 465, 146, 101, 250, 1, 1, 1
66, 2, 460, 144, 104, 251, 1, 1, 1
67, 2, 458, 146, 105, 250, 1, 1, 1
68, 2, 447, 150, 110, 244, 1, 1, 1
69, 2, 438, 149, 143, 245, 1, 1, 1
70, 2, 447, 145, 113, 246, 1, 1, 1
71, 2, 408, 146, 139, 247, 1, 1, 1
1, 4, 378, 165, 104, 236, 1, 1, 1
2, 4, 379, 160, 104, 240, 1, 1, 1
3, 4, 380, 150, 106, 248, 1, 1, 1
4, 4, 381, 146, 105, 253, 1, 1, 1
5, 4, 381, 143, 104, 256, 1, 1, 1
6, 4, 384, 144, 89, 260, 1, 1, 1
7, 4, 384, 142, 81, 261, 1, 1, 1
8, 4, 378, 141, 84, 259, 1, 1, 1
9, 4, 376, 142, 84, 256, 1, 1, 1
10, 4, 379, 158, 83, 241, 1, 1, 1
11, 4, 387, 156, 83, 239, 1, 1, 1
12, 4, 390, 150, 91, 246, 1, 1, 1
13, 4, 392, 158, 103, 239, 1, 1, 1
14, 4, 392, 159, 110, 227, 1, 1, 1
15, 4, 392, 155, 108, 241, 1, 1, 1
16, 4, 397, 157, 99, 233, 1, 1, 1
17, 4, 395, 166, 105, 223, 1, 1, 1
18, 4, 406, 159, 98, 232, 1, 1, 1
19, 4, 417, 149, 94, 243, 1, 1, 1
20, 4, 423, 153, 95, 242, 1, 1, 1
21, 4, 429, 157, 90, 247, 1, 1, 1
22, 4, 435, 160, 108, 235, 1, 1, 1
23, 4, 437, 152, 92, 243, 1, 1, 1
24, 4, 444, 152, 87, 242, 1, 1, 1
25, 4, 449, 159, 84, 242, 1, 1, 1
26, 4, 455, 164, 82, 233, 1, 1, 1
27, 4, 461, 159, 82, 231, 1, 1, 1
28, 4, 462, 163, 80, 231, 1, 1, 1
29, 4, 454, 165, 88, 229, 1, 1, 1
30, 4, 441, 166, 94, 229, 1, 1, 1
31, 4, 431, 158, 102, 243, 1, 1, 1
32, 4, 422, 162, 110, 233, 1, 1, 1
33, 4, 424, 167, 110, 226, 1, 1, 1
34, 4, 427, 165, 109, 229, 1, 1, 1
35, 4, 432, 163, 104, 229, 1, 1, 1
36, 4, 434, 165, 102, 229, 1, 1, 1
37, 4, 435, 164, 99, 229, 1, 1, 1
38, 4, 437, 156, 90, 239, 1, 1, 1
39, 4, 437, 159, 91, 234, 1, 1, 1
40, 4, 442, 166, 79, 225, 1, 1, 1
41, 4, 451, 168, 69, 224, 1, 1, 1
42, 4, 455, 171, 54, 223, 1, 1, 1
43, 4, 457, 173, 53, 216, 1, 1, 1
44, 4, 454, 174, 39, 213, 1, 1, 1
45, 4, 452, 178, 43, 212, 1, 1, 1
46, 4, 452, 186, 70, 202, 1, 1, 1
47, 4, 456, 175, 58, 212, 1, 1, 1
48, 4, 470, 241, 43, 145, 1, 1, 1
49, 4, 471, 269, 64, 127, 1, 1, 1
50, 4, 486, 267, 58, 129, 1, 1, 1
51, 4, 510, 185, 76, 210, 1, 1, 1
52, 4, 494, 179, 99, 221, 1, 1, 1
53, 4, 511, 170, 85, 228, 1, 1, 1
54, 4, 508, 168, 80, 230, 1, 1, 1
55, 4, 535, 169, 48, 222, 1, 1, 1
56, 4, 470, 176, 112, 215, 1, 1, 1
57, 4, 468, 175, 117, 220, 1, 1, 1
58, 4, 466, 171, 119, 218, 1, 1, 1
59, 4, 467, 166, 116, 227, 1, 1, 1
60, 4, 458, 168, 123, 220, 1, 1, 1
61, 4, 452, 164, 120, 233, 1, 1, 1
62, 4, 442, 158, 96, 237, 1, 1, 1
63, 4, 431, 159, 121, 234, 1, 1, 1
64, 4, 419, 165, 111, 229, 1, 1, 1
65, 4, 416, 161, 96, 223, 1, 1, 1
66, 4, 413, 161, 73, 223, 1, 1, 1
67, 4, 403, 163, 126, 221, 1, 1, 1
68, 4, 393, 160, 132, 232, 1, 1, 1
69, 4, 383, 159, 116, 224, 1, 1, 1
70, 4, 369, 164, 114, 217, 1, 1, 1
71, 4, 363, 167, 108, 214, 1, 1, 1
1, 3, 468, 107, 142, 306, 1, 1, 1
2, 3, 463, 108, 189, 307, 1, 1, 1
3, 3, 455, 109, 164, 300, 1, 1, 1
4, 3, 454, 108, 140, 305, 1, 1, 1
5, 3, 450, 111, 140, 297, 1, 1, 1
6, 3, 451, 120, 136, 287, 1, 1, 1
7, 3, 447, 119, 141, 285, 1, 1, 1
8, 3, 442, 112, 146, 297, 1, 1, 1
9, 3, 445, 111, 139, 295, 1, 1, 1
10, 3, 437, 116, 140, 287, 1, 1, 1
11, 3, 427, 116, 138, 288, 1, 1, 1
12, 3, 415, 112, 140, 286, 1, 1, 1
13, 3, 403, 113, 149, 282, 1, 1, 1
14, 3, 406, 104, 143, 292, 1, 1, 1
15, 3, 390, 98, 160, 299, 1, 1, 1
16, 3, 376, 107, 231, 289, 1, 1, 1
52, 3, 337, 119, 142, 269, 1, 1, 1
53, 3, 328, 122, 142, 265, 1, 1, 1
54, 3, 318, 111, 143, 273, 1, 1, 1
55, 3, 315, 115, 144, 249, 1, 1, 1
56, 3, 314, 121, 143, 245, 1, 1, 1
57, 3, 316, 103, 141, 263, 1, 1, 1
58, 3, 319, 94, 142, 272, 1, 1, 1
59, 3, 324, 112, 138, 254, 1, 1, 1
60, 3, 319, 111, 141, 258, 1, 1, 1
61, 3, 314, 111, 139, 250, 1, 1, 1
62, 3, 308, 97, 138, 261, 1, 1, 1
63, 3, 310, 118, 130, 249, 1, 1, 1
64, 3, 317, 100, 128, 264, 1, 1, 1
65, 3, 324, 100, 123, 263, 1, 1, 1
66, 3, 325, 106, 132, 259, 1, 1, 1
67, 3, 325, 116, 122, 246, 1, 1, 1
68, 3, 321, 119, 123, 244, 1, 1, 1
69, 3, 316, 113, 128, 243, 1, 1, 1
70, 3, 315, 108, 126, 252, 1, 1, 1
71, 3, 317, 110, 126, 251, 1, 1, 1
