38, 1, 291, 351, 154, 148, 1, 1, 1
39, 1, 309, 373, 163, 127, 1, 1, 1
40, 1, 323, 391, 151, 106, 1, 1, 1
41, 1, 332, 390, 154, 102, 1, 1, 1
42, 1, 340, 390, 150, 111, 1, 1, 1
43, 1, 336, 382, 154, 125, 1, 1, 1
44, 1, 343, 376, 149, 131, 1, 1, 1
45, 1, 356, 377, 130, 132, 1, 1, 1
46, 1, 354, 385, 139, 136, 1, 1, 1
47, 1, 351, 393, 137, 136, 1, 1, 1
48, 1, 350, 399, 133, 147, 1, 1, 1
49, 1, 353, 406, 134, 146, 1, 1, 1
50, 1, 358, 414, 127, 148, 1, 1, 1
51, 1, 365, 416, 129, 153, 1, 1, 1
52, 1, 370, 423, 137, 138, 1, 1, 1
53, 1, 391, 432, 129, 110, 1, 1, 1
54, 1, 399, 441, 130, 128, 1, 1, 1
55, 1, 400, 450, 112, 189, 1, 1, 1
56, 1, 403, 459, 130, 178, 1, 1, 1
57, 1, 411, 467, 132, 169, 1, 1, 1
58, 1, 413, 472, 143, 168, 1, 1, 1
59, 1, 435, 478, 147, 167, 1, 1, 1
60, 1, 450, 485, 161, 173, 1, 1, 1
61, 1, 476, 498, 139, 172, 1, 1, 1
62, 1, 474, 510, 148, 203, 1, 1, 1
63, 1, 463, 520, 153, 192, 1, 1, 1
64, 1, 466, 531, 137, 193, 1, 1, 1
65, 1, 465, 542, 132, 196, 1, 1, 1
66, 1, 469, 549, 131, 214, 1, 1, 1
