1, 7, 908, 384, 91, 186, 1, 1, 1
2, 7, 881, 380, 89, 202, 1, 1, 1
3, 7, 876, 382, 88, 208, 1, 1, 1
4, 7, 906, 383, 89, 203, 1, 1, 1
5, 7, 894, 387, 89, 202, 1, 1, 1
6, 7, 887, 383, 90, 190, 1, 1, 1
7, 7, 934, 381, 92, 224, 1, 1, 1
8, 7, 951, 392, 91, 204, 1, 1, 1
9, 7, 935, 382, 95, 216, 1, 1, 1
10, 7, 920, 397, 89, 214, 1, 1, 1
11, 7, 957, 389, 84, 207, 1, 1, 1
12, 7, 968, 376, 86, 224, 1, 1, 1
13, 7, 924, 369, 80, 217, 1, 1, 1
14, 7, 924, 360, 88, 241, 1, 1, 1
15, 7, 963, 373, 88, 243, 1, 1, 1
16, 7, 957, 377, 90, 217, 1, 1, 1
17, 7, 939, 366, 92, 243, 1, 1, 1
18, 7, 957, 373, 91, 242, 1, 1, 1
19, 7, 1021, 364, 89, 251, 1, 1, 1
20, 7, 984, 360, 91, 254, 1, 1, 1
21, 7, 992, 375, 89, 237, 1, 1, 1
22, 7, 1026, 360, 93, 221, 1, 1, 1
23, 7, 993, 358, 90, 220, 1, 1, 1
24, 7, 995, 360, 91, 250, 1, 1, 1
25, 7, 1023, 368, 91, 240, 1, 1, 1
26, 7, 1019, 354, 95, 264, 1, 1, 1
27, 7, 1022, 363, 99, 208, 1, 1, 1
28, 7, 1041, 380, 99, 250, 1, 1, 1
29, 7, 1061, 359, 101, 257, 1, 1, 1
30, 7, 1043, 361, 97, 224, 1, 1, 1
31, 7, 1073, 375, 99, 207, 1, 1, 1
32, 7, 1068, 373, 101, 189, 1, 1, 1
33, 7, 1051, 365, 102, 217, 1, 1, 1
34, 7, 1057, 370, 102, 267, 1, 1, 1
35, 7, 1091, 363, 106, 265, 1, 1, 1
36, 7, 1125, 364, 101, 227, 1, 1, 1
37, 7, 1094, 369, 106, 192, 1, 1, 1
38, 7, 1110, 379, 105, 209, 1, 1, 1
39, 7, 1162, 361, 105, 252, 1, 1, 1
40, 7, 1156, 392, 103, 210, 1, 1, 1
41, 7, 1152, 369, 100, 206, 1, 1, 1
42, 7, 1135, 373, 103, 244, 1, 1, 1
43, 7, 1142, 368, 98, 247, 1, 1, 1
44, 7, 1091, 375, 103, 200, 1, 1, 1
45, 7, 1130, 369, 106, 213, 1, 1, 1
46, 7, 1102, 370, 99, 248, 1, 1, 1
47, 7, 1118, 374, 98, 240, 1, 1, 1
48, 7, 1062, 382, 100, 192, 1, 1, 1
49, 7, 1083, 363, 101, 196, 1, 1, 1
50, 7, 1066, 353, 94, 270, 1, 1, 1
51, 7, 990, 355, 87, 214, 1, 1, 1
52, 7, 963, 362, 97, 192, 1, 1, 1
53, 7, 999, 385, 96, 203, 1, 1, 1
54, 7, 968, 364, 97, 245, 1, 1, 1
55, 7, 988, 394, 95, 194, 1, 1, 1
56, 7, 1056, 396, 93, 167, 1, 1, 1
57, 7, 1046, 386, 97, 223, 1, 1, 1
58, 7, 1018, 386, 89, 217, 1, 1, 1
59, 7, 1077, 384, 87, 182, 1, 1, 1
60, 7, 1114, 370, 92, 192, 1, 1, 1
61, 7, 1031, 352, 89, 234, 1, 1, 1
62, 7, 1028, 388, 90, 206, 1, 1, 1
63, 7, 1043, 360, 97, 200, 1, 1, 1
64, 7, 1007, 390, 93, 170, 1, 1, 1
65, 7, 1024, 390, 93, 197, 1, 1, 1
66, 7, 1104, 383, 91, 208, 1, 1, 1
1, 1, 812, 420, 31, 95, 1, 1, 1
2, 1, 770, 416, 34, 104, 1, 1, 1
3, 1, 752, 413, 32, 108, 1, 1, 1
4, 1, 764, 409, 42, 103, 1, 1, 1
5, 1, 743, 412, 41, 98, 1, 1, 1
6, 1, 722, 400, 40, 92, 1, 1, 1
7, 1, 762, 389, 40, 99, 1, 1, 1
8, 1, 769, 410, 44, 107, 1, 1, 1
9, 1, 752, 408, 41, 107, 1, 1, 1
10, 1, 726, 420, 46, 99, 1, 1, 1
11, 1, 756, 406, 49, 106, 1, 1, 1
12, 1, 755, 408, 45, 104, 1, 1, 1
13, 1, 706, 405, 39, 111, 1, 1, 1
14, 1, 706, 382, 47, 111, 1, 1, 1
15, 1, 740, 394, 50, 115, 1, 1, 1
16, 1, 735, 408, 54, 112, 1, 1, 1
17, 1, 710, 391, 55, 127, 1, 1, 1
18, 1, 724, 385, 52, 119, 1, 1, 1
19, 1, 779, 383, 54, 131, 1, 1, 1
20, 1, 738, 398, 52, 132, 1, 1, 1
21, 1, 740, 398, 54, 130, 1, 1, 1
22, 1, 764, 394, 56, 130, 1, 1, 1
23, 1, 725, 404, 51, 131, 1, 1, 1
24, 1, 715, 396, 54, 140, 1, 1, 1
25, 1, 728, 392, 56, 136, 1, 1, 1
26, 1, 719, 386, 58, 145, 1, 1, 1
27, 1, 716, 387, 60, 140, 1, 1, 1
28, 1, 725, 393, 57, 149, 1, 1, 1
29, 1, 732, 376, 58, 157, 1, 1, 1
30, 1, 704, 379, 56, 142, 1, 1, 1
31, 1, 722, 383, 61, 157, 1, 1, 1
32, 1, 710, 388, 64, 141, 1, 1, 1
33, 1, 684, 384, 63, 154, 1, 1, 1
34, 1, 677, 369, 63, 135, 1, 1, 1
35, 1, 696, 353, 67, 142, 1, 1, 1
36, 1, 717, 359, 66, 162, 1, 1, 1
37, 1, 681, 371, 67, 150, 1, 1, 1
38, 1, 688, 359, 70, 141, 1, 1, 1
39, 1, 734, 346, 66, 162, 1, 1, 1
40, 1, 727, 395, 69, 175, 1, 1, 1
41, 1, 721, 382, 71, 142, 1, 1, 1
42, 1, 708, 381, 74, 186, 1, 1, 1
43, 1, 718, 380, 77, 176, 1, 1, 1
44, 1, 684, 376, 74, 181, 1, 1, 1
45, 1, 736, 354, 77, 169, 1, 1, 1
46, 1, 713, 363, 78, 186, 1, 1, 1
47, 1, 735, 360, 81, 212, 1, 1, 1
48, 1, 688, 376, 82, 182, 1, 1, 1
49, 1, 710, 348, 85, 206, 1, 1, 1
50, 1, 687, 361, 92, 213, 1, 1, 1
51, 1, 607, 363, 88, 228, 1, 1, 1
52, 1, 590, 336, 93, 188, 1, 1, 1
53, 1, 618, 347, 100, 185, 1, 1, 1
54, 1, 587, 318, 93, 230, 1, 1, 1
55, 1, 604, 318, 93, 205, 1, 1, 1
56, 1, 657, 335, 102, 176, 1, 1, 1
57, 1, 644, 344, 100, 234, 1, 1, 1
58, 1, 613, 340, 97, 224, 1, 1, 1
59, 1, 666, 323, 104, 196, 1, 1, 1
60, 1, 698, 337, 104, 248, 1, 1, 1
61, 1, 601, 353, 104, 244, 1, 1, 1
62, 1, 594, 339, 104, 221, 1, 1, 1
63, 1, 599, 312, 111, 278, 1, 1, 1
64, 1, 558, 319, 114, 297, 1, 1, 1
65, 1, 559, 295, 127, 241, 1, 1, 1
66, 1, 630, 288, 128, 288, 1, 1, 1
