9, 2, 1356, 610, 269, 381, 1, 1, 1
10, 2, 1405, 609, 247, 396, 1, 1, 1
11, 2, 1430, 610, 259, 401, 1, 1, 1
12, 2, 1453, 613, 249, 401, 1, 1, 1
13, 2, 1450, 623, 226, 388, 1, 1, 1
14, 2, 1450, 629, 194, 358, 1, 1, 1
15, 2, 1458, 631, 190, 356, 1, 1, 1
16, 2, 1471, 629, 209, 356, 1, 1, 1
17, 2, 1479, 623, 243, 351, 1, 1, 1
18, 2, 1476, 623, 258, 360, 1, 1, 1
19, 2, 1443, 611, 300, 371, 1, 1, 1
20, 2, 1415, 602, 288, 383, 1, 1, 1
21, 2, 1386, 597, 380, 380, 1, 1, 1
22, 2, 1369, 600, 392, 371, 1, 1, 1
23, 2, 1322, 635, 451, 322, 1, 1, 1
24, 2, 1351, 639, 428, 333, 1, 1, 1
25, 2, 1345, 634, 430, 333, 1, 1, 1
26, 2, 1315, 663, 446, 310, 1, 1, 1
27, 2, 1307, 623, 432, 330, 1, 1, 1
28, 2, 1295, 571, 398, 364, 1, 1, 1
29, 2, 1261, 541, 392, 324, 1, 1, 1
