32, 5, 504, 221, 372, 417, 1, 1, 1
33, 5, 507, 168, 362, 473, 1, 1, 1
34, 5, 535, 128, 372, 518, 1, 1, 1
35, 5, 536, 81, 449, 557, 1, 1, 1
36, 5, 553, 76, 466, 575, 1, 1, 1
37, 5, 578, 41, 471, 612, 1, 1, 1
38, 5, 570, 74, 452, 584, 1, 1, 1
37, 6, 339, 299, 260, 397, 1, 1, 1
38, 6, 329, 293, 262, 407, 1, 1, 1
39, 6, 376, 265, 259, 449, 1, 1, 1
40, 6, 421, 236, 265, 487, 1, 1, 1
41, 6, 460, 113, 296, 606, 1, 1, 1
42, 6, 509, 81, 330, 639, 1, 1, 1
43, 6, 514, 103, 346, 616, 1, 1, 1
44, 6, 550, 129, 354, 599, 1, 1, 1
46, 7, 459, 383, 273, 424, 1, 1, 1
47, 7, 446, 314, 297, 479, 1, 1, 1
48, 7, 436, 273, 348, 509, 1, 1, 1
49, 7, 453, 245, 364, 551, 1, 1, 1
45, 8, 79, 490, 322, 376, 1, 1, 1
46, 8, 172, 497, 318, 378, 1, 1, 1
47, 8, 186, 483, 282, 373, 1, 1, 1
48, 8, 226, 469, 223, 379, 1, 1, 1
49, 8, 258, 472, 251, 384, 1, 1, 1
50, 8, 215, 421, 346, 422, 1, 1, 1
51, 8, 233, 365, 387, 457, 1, 1, 1
52, 8, 366, 325, 269, 536, 1, 1, 1
