1, 4, 767, 482, 759, 185, 1, 1, 1
2, 4, 775, 482, 762, 184, 1, 1, 1
3, 4, 793, 481, 741, 183, 1, 1, 1
4, 4, 814, 486, 746, 166, 1, 1, 1
5, 4, 828, 498, 753, 150, 1, 1, 1
6, 4, 806, 498, 794, 148, 1, 1, 1
7, 4, 766, 495, 852, 149, 1, 1, 1
8, 4, 755, 484, 882, 160, 1, 1, 1
9, 4, 789, 477, 863, 170, 1, 1, 1
10, 4, 816, 463, 851, 184, 1, 1, 1
11, 4, 832, 462, 840, 180, 1, 1, 1
12, 4, 878, 442, 825, 195, 1, 1, 1
13, 4, 905, 432, 836, 208, 1, 1, 1
14, 4, 894, 433, 868, 199, 1, 1, 1
15, 4, 917, 431, 860, 203, 1, 1, 1
16, 4, 967, 419, 816, 206, 1, 1, 1
17, 4, 1026, 407, 775, 211, 1, 1, 1
18, 4, 1102, 389, 719, 220, 1, 1, 1
19, 4, 1123, 370, 708, 210, 1, 1, 1
20, 4, 1096, 350, 745, 206, 1, 1, 1
21, 4, 1062, 332, 798, 191, 1, 1, 1
22, 4, 1104, 319, 777, 201, 1, 1, 1
23, 4, 1158, 303, 756, 206, 1, 1, 1
24, 4, 1178, 292, 742, 188, 1, 1, 1
25, 4, 1184, 277, 736, 178, 1, 1, 1
26, 4, 1183, 269, 737, 165, 1, 1, 1
27, 4, 1198, 258, 722, 165, 1, 1, 1
28, 4, 1218, 243, 702, 174, 1, 1, 1
29, 4, 1245, 228, 675, 176, 1, 1, 1
30, 4, 1273, 216, 647, 180, 1, 1, 1
31, 4, 1305, 205, 615, 182, 1, 1, 1
32, 4, 1298, 192, 622, 177, 1, 1, 1
33, 4, 1319, 180, 601, 175, 1, 1, 1
34, 4, 1359, 168, 561, 185, 1, 1, 1
35, 4, 1410, 156, 510, 186, 1, 1, 1
36, 4, 1453, 144, 467, 183, 1, 1, 1
37, 4, 1485, 133, 435, 174, 1, 1, 1
38, 4, 1511, 119, 409, 177, 1, 1, 1
39, 4, 1545, 104, 375, 180, 1, 1, 1
40, 4, 1573, 88, 347, 185, 1, 1, 1
41, 4, 1583, 69, 337, 186, 1, 1, 1
42, 4, 1610, 49, 310, 189, 1, 1, 1
43, 4, 1656, 42, 264, 177, 1, 1, 1
44, 4, 1710, 40, 210, 166, 1, 1, 1
45, 4, 1765, 37, 155, 169, 1, 1, 1
46, 4, 1869, 37, 51, 182, 1, 1, 1
47, 4, 1871, 35, 49, 190, 1, 1, 1
48, 4, 1859, 36, 61, 189, 1, 1, 1
49, 4, 1852, 31, 68, 194, 1, 1, 1
50, 4, 1842, 27, 78, 192, 1, 1, 1
51, 4, 1839, 21, 81, 192, 1, 1, 1
52, 4, 1848, 24, 72, 186, 1, 1, 1
53, 4, 1863, 44, 57, 173, 1, 1, 1
54, 4, 1865, 33, 55, 190, 1, 1, 1
55, 4, 1852, 20, 68, 206, 1, 1, 1
56, 4, 1837, 17, 83, 213, 1, 1, 1
57, 4, 1818, 20, 102, 215, 1, 1, 1
58, 4, 1789, 43, 131, 195, 1, 1, 1
59, 4, 1758, 60, 162, 178, 1, 1, 1
60, 4, 1727, 90, 193, 136, 1, 1, 1
61, 4, 1874, 153, 46, 54, 1, 1, 1
