15, 3, 642, 530, 1010, 550, 1, 1, 1
16, 3, 642, 561, 1010, 519, 1, 1, 1
17, 3, 638, 565, 985, 515, 1, 1, 1
18, 3, 644, 564, 1008, 516, 1, 1, 1
19, 3, 639, 539, 1013, 540, 1, 1, 1
20, 3, 642, 529, 1007, 551, 1, 1, 1
21, 3, 643, 534, 977, 546, 1, 1, 1
22, 3, 641, 560, 959, 520, 1, 1, 1
23, 3, 642, 497, 957, 581, 1, 1, 1
24, 3, 640, 505, 952, 575, 1, 1, 1
25, 3, 637, 490, 978, 590, 1, 1, 1
26, 3, 637, 498, 1000, 582, 1, 1, 1
27, 3, 639, 513, 991, 567, 1, 1, 1
28, 3, 641, 512, 973, 567, 1, 1, 1
29, 3, 639, 524, 991, 556, 1, 1, 1
30, 3, 639, 517, 1002, 563, 1, 1, 1
31, 3, 641, 552, 931, 528, 1, 1, 1
32, 3, 640, 588, 927, 491, 1, 1, 1
33, 3, 639, 609, 1007, 470, 1, 1, 1
34, 3, 640, 606, 985, 474, 1, 1, 1
35, 3, 637, 624, 988, 456, 1, 1, 1
36, 3, 635, 620, 978, 460, 1, 1, 1
37, 3, 637, 616, 995, 463, 1, 1, 1
15, 1, 902, 28, 750, 535, 1, 1, 1
16, 1, 919, 43, 733, 533, 1, 1, 1
17, 1, 918, 44, 731, 535, 1, 1, 1
18, 1, 922, 40, 730, 538, 1, 1, 1
19, 1, 920, 38, 732, 555, 1, 1, 1
20, 1, 917, 43, 735, 569, 1, 1, 1
21, 1, 926, 40, 726, 609, 1, 1, 1
22, 1, 924, 38, 728, 652, 1, 1, 1
23, 1, 916, 49, 736, 664, 1, 1, 1
24, 1, 907, 58, 745, 681, 1, 1, 1
25, 1, 907, 53, 745, 672, 1, 1, 1
26, 1, 904, 54, 748, 654, 1, 1, 1
27, 1, 904, 56, 731, 648, 1, 1, 1
28, 1, 905, 58, 723, 649, 1, 1, 1
29, 1, 905, 59, 715, 636, 1, 1, 1
30, 1, 904, 58, 719, 662, 1, 1, 1
31, 1, 905, 65, 747, 703, 1, 1, 1
32, 1, 906, 64, 746, 687, 1, 1, 1
33, 1, 911, 72, 741, 664, 1, 1, 1
34, 1, 908, 71, 744, 678, 1, 1, 1
35, 1, 912, 73, 740, 690, 1, 1, 1
36, 1, 915, 71, 737, 699, 1, 1, 1
37, 1, 912, 74, 740, 694, 1, 1, 1
