12, 10, 1862, 287, 58, 126, 1, 1, 1
13, 10, 1691, 292, 208, 291, 1, 1, 1
14, 10, 1505, 305, 414, 330, 1, 1, 1
15, 10, 1317, 319, 389, 312, 1, 1, 1
16, 10, 1115, 320, 416, 301, 1, 1, 1
17, 10, 1008, 324, 404, 281, 1, 1, 1
18, 10, 1148, 334, 367, 247, 1, 1, 1
19, 10, 1284, 340, 375, 239, 1, 1, 1
20, 10, 1266, 318, 348, 232, 1, 1, 1
21, 10, 1180, 315, 339, 234, 1, 1, 1
22, 10, 1108, 309, 283, 205, 1, 1, 1
23, 10, 995, 316, 293, 205, 1, 1, 1
24, 10, 849, 320, 255, 181, 1, 1, 1
25, 10, 656, 326, 270, 179, 1, 1, 1
26, 10, 560, 323, 244, 176, 1, 1, 1
27, 10, 455, 317, 260, 176, 1, 1, 1
28, 10, 380, 315, 264, 166, 1, 1, 1
29, 10, 314, 305, 260, 163, 1, 1, 1
30, 10, 330, 297, 251, 162, 1, 1, 1
31, 10, 355, 286, 257, 163, 1, 1, 1
32, 10, 400, 287, 256, 153, 1, 1, 1
33, 10, 360, 272, 265, 158, 1, 1, 1
34, 10, 278, 271, 265, 154, 1, 1, 1
35, 10, 164, 280, 251, 140, 1, 1, 1
36, 10, 46, 283, 255, 141, 1, 1, 1
37, 10, 0, 283, 205, 133, 1, 1, 1
38, 10, 0, 303, 142, 109, 1, 1, 1
39, 10, 0, 302, 63, 90, 1, 1, 1
