28, 1, 488, 325, 285, 462, 1, 1, 1
29, 1, 510, 350, 260, 395, 1, 1, 1
30, 1, 549, 352, 240, 364, 1, 1, 1
31, 1, 549, 327, 225, 349, 1, 1, 1
32, 1, 540, 329, 227, 355, 1, 1, 1
33, 1, 538, 337, 240, 352, 1, 1, 1
34, 1, 540, 304, 229, 337, 1, 1, 1
35, 1, 541, 316, 230, 341, 1, 1, 1
36, 1, 540, 317, 231, 346, 1, 1, 1
37, 1, 540, 310, 235, 353, 1, 1, 1
38, 1, 548, 286, 224, 299, 1, 1, 1
39, 1, 545, 330, 213, 297, 1, 1, 1
40, 1, 545, 339, 194, 266, 1, 1, 1
41, 1, 544, 368, 192, 294, 1, 1, 1
42, 1, 549, 367, 185, 275, 1, 1, 1
43, 1, 553, 367, 184, 273, 1, 1, 1
