48, 5, 0, 33, 408, 641, 1, 1, 1
49, 5, 0, 46, 390, 627, 1, 1, 1
50, 5, 0, 52, 373, 640, 1, 1, 1
51, 5, 0, 54, 355, 343, 1, 1, 1
52, 5, 0, 71, 325, 279, 1, 1, 1
53, 5, 0, 83, 303, 273, 1, 1, 1
54, 5, 0, 88, 294, 280, 1, 1, 1
55, 5, 0, 109, 281, 270, 1, 1, 1
56, 5, 23, 124, 231, 119, 1, 1, 1
57, 5, 0, 69, 223, 177, 1, 1, 1
58, 5, 0, 74, 202, 173, 1, 1, 1
59, 5, 0, 120, 195, 125, 1, 1, 1
60, 5, 0, 69, 196, 170, 1, 1, 1
61, 5, 0, 60, 209, 178, 1, 1, 1
62, 5, 0, 51, 217, 177, 1, 1, 1
63, 5, 0, 52, 226, 175, 1, 1, 1
64, 5, 0, 42, 224, 179, 1, 1, 1
65, 5, 0, 31, 223, 181, 1, 1, 1
