1, 4, 1235, 167, 361, 122, 1, 1, 1
2, 4, 1288, 167, 361, 122, 1, 1, 1
3, 4, 1339, 169, 360, 136, 1, 1, 1
4, 4, 1390, 163, 362, 154, 1, 1, 1
5, 4, 1444, 166, 363, 151, 1, 1, 1
6, 4, 1503, 168, 361, 153, 1, 1, 1
7, 4, 1557, 171, 363, 149, 1, 1, 1
8, 4, 1612, 170, 308, 150, 1, 1, 1
9, 4, 1682, 171, 238, 134, 1, 1, 1
10, 4, 1740, 171, 180, 138, 1, 1, 1
11, 4, 1799, 174, 121, 102, 1, 1, 1
12, 4, 1869, 183, 51, 68, 1, 1, 1
1, 7, 594, 185, 229, 188, 1, 1, 1
2, 7, 615, 186, 227, 176, 1, 1, 1
3, 7, 663, 187, 214, 190, 1, 1, 1
4, 7, 751, 184, 227, 184, 1, 1, 1
5, 7, 804, 188, 265, 178, 1, 1, 1
6, 7, 863, 174, 259, 206, 1, 1, 1
7, 7, 921, 176, 217, 190, 1, 1, 1
8, 7, 977, 190, 179, 187, 1, 1, 1
9, 7, 1043, 190, 188, 190, 1, 1, 1
10, 7, 1101, 190, 228, 160, 1, 1, 1
11, 7, 1160, 191, 226, 153, 1, 1, 1
12, 7, 1227, 192, 197, 137, 1, 1, 1
13, 7, 1292, 193, 182, 121, 1, 1, 1
14, 7, 1362, 194, 195, 100, 1, 1, 1
15, 7, 1427, 196, 215, 98, 1, 1, 1
16, 7, 1501, 195, 211, 95, 1, 1, 1
17, 7, 1567, 197, 195, 85, 1, 1, 1
18, 7, 1641, 195, 183, 74, 1, 1, 1
19, 7, 1720, 196, 169, 88, 1, 1, 1
20, 7, 1774, 195, 146, 84, 1, 1, 1
21, 7, 1835, 196, 85, 72, 1, 1, 1
22, 7, 1894, 227, 26, 34, 1, 1, 1
1, 3, 901, 254, 886, 261, 1, 1, 1
2, 3, 911, 254, 900, 307, 1, 1, 1
3, 3, 909, 237, 901, 342, 1, 1, 1
4, 3, 920, 218, 866, 341, 1, 1, 1
5, 3, 940, 250, 866, 326, 1, 1, 1
6, 3, 966, 238, 870, 375, 1, 1, 1
7, 3, 990, 253, 880, 612, 1, 1, 1
8, 3, 1016, 254, 903, 617, 1, 1, 1
9, 3, 1063, 255, 857, 618, 1, 1, 1
10, 3, 1090, 259, 830, 637, 1, 1, 1
11, 3, 1117, 261, 803, 634, 1, 1, 1
12, 3, 1132, 257, 788, 617, 1, 1, 1
13, 3, 1200, 244, 720, 643, 1, 1, 1
14, 3, 1249, 236, 671, 628, 1, 1, 1
15, 3, 1296, 242, 624, 567, 1, 1, 1
16, 3, 1325, 247, 595, 515, 1, 1, 1
17, 3, 1399, 253, 521, 643, 1, 1, 1
18, 3, 1444, 247, 476, 648, 1, 1, 1
19, 3, 1464, 220, 456, 676, 1, 1, 1
20, 3, 1488, 236, 432, 660, 1, 1, 1
21, 3, 1521, 242, 399, 594, 1, 1, 1
22, 3, 1551, 258, 369, 638, 1, 1, 1
23, 3, 1576, 257, 344, 639, 1, 1, 1
24, 3, 1610, 254, 310, 620, 1, 1, 1
25, 3, 1645, 257, 275, 490, 1, 1, 1
26, 3, 1687, 271, 233, 379, 1, 1, 1
27, 3, 1731, 295, 189, 469, 1, 1, 1
28, 3, 1784, 319, 136, 475, 1, 1, 1
29, 3, 1826, 344, 94, 448, 1, 1, 1
30, 3, 1869, 543, 51, 295, 1, 1, 1
1, 6, 132, 267, 286, 185, 1, 1, 1
2, 6, 182, 267, 291, 197, 1, 1, 1
3, 6, 234, 268, 290, 185, 1, 1, 1
4, 6, 286, 269, 289, 187, 1, 1, 1
5, 6, 342, 270, 289, 185, 1, 1, 1
6, 6, 398, 269, 287, 188, 1, 1, 1
7, 6, 461, 267, 280, 183, 1, 1, 1
8, 6, 517, 269, 280, 183, 1, 1, 1
9, 6, 580, 270, 278, 178, 1, 1, 1
10, 6, 638, 271, 288, 190, 1, 1, 1
11, 6, 700, 271, 287, 189, 1, 1, 1
12, 6, 771, 269, 287, 190, 1, 1, 1
13, 6, 835, 270, 291, 170, 1, 1, 1
14, 6, 899, 271, 296, 182, 1, 1, 1
15, 6, 962, 276, 303, 163, 1, 1, 1
16, 6, 1041, 274, 292, 165, 1, 1, 1
17, 6, 1112, 272, 288, 162, 1, 1, 1
18, 6, 1182, 273, 281, 153, 1, 1, 1
19, 6, 1239, 273, 271, 155, 1, 1, 1
20, 6, 1303, 271, 257, 162, 1, 1, 1
21, 6, 1367, 274, 253, 175, 1, 1, 1
22, 6, 1432, 277, 251, 170, 1, 1, 1
23, 6, 1491, 278, 230, 184, 1, 1, 1
24, 6, 1557, 276, 208, 192, 1, 1, 1
25, 6, 1629, 276, 189, 183, 1, 1, 1
26, 6, 1693, 277, 167, 186, 1, 1, 1
27, 6, 1758, 278, 160, 187, 1, 1, 1
28, 6, 1832, 278, 88, 110, 1, 1, 1
