1, 6, 1296, 468, 105, 38, 1, 1, 1
2, 6, 1296, 452, 111, 40, 1, 1, 1
3, 6, 1313, 455, 125, 62, 1, 1, 1
4, 6, 1350, 384, 135, 93, 1, 1, 1
5, 6, 1404, 432, 151, 75, 1, 1, 1
6, 6, 1465, 380, 154, 91, 1, 1, 1
7, 6, 1469, 332, 162, 126, 1, 1, 1
8, 6, 1374, 356, 170, 144, 1, 1, 1
9, 6, 1246, 255, 182, 162, 1, 1, 1
10, 6, 1298, 345, 107, 127, 1, 1, 1
11, 6, 1264, 250, 122, 144, 1, 1, 1
12, 6, 1196, 263, 185, 129, 1, 1, 1
13, 6, 1151, 326, 137, 143, 1, 1, 1
14, 6, 1110, 237, 174, 141, 1, 1, 1
15, 6, 1396, 326, 156, 104, 1, 1, 1
16, 6, 1539, 224, 190, 148, 1, 1, 1
17, 6, 1545, 283, 138, 69, 1, 1, 1
18, 6, 1324, 290, 199, 95, 1, 1, 1
19, 6, 1201, 217, 229, 135, 1, 1, 1
20, 6, 1157, 291, 240, 134, 1, 1, 1
21, 6, 1198, 199, 243, 137, 1, 1, 1
22, 6, 1245, 289, 227, 51, 1, 1, 1
23, 6, 1246, 249, 220, 95, 1, 1, 1
24, 6, 1212, 226, 255, 114, 1, 1, 1
25, 6, 1240, 294, 237, 126, 1, 1, 1
26, 6, 1250, 201, 259, 161, 1, 1, 1
27, 6, 1256, 312, 272, 60, 1, 1, 1
28, 6, 1300, 260, 289, 120, 1, 1, 1
29, 6, 1337, 260, 273, 125, 1, 1, 1
30, 6, 1350, 329, 269, 108, 1, 1, 1
31, 6, 1349, 338, 274, 153, 1, 1, 1
32, 6, 1324, 305, 278, 125, 1, 1, 1
33, 6, 1295, 240, 296, 199, 1, 1, 1
34, 6, 1261, 287, 280, 182, 1, 1, 1
35, 6, 1235, 365, 281, 154, 1, 1, 1
36, 6, 1217, 462, 288, 133, 1, 1, 1
37, 6, 1244, 481, 301, 135, 1, 1, 1
38, 6, 1267, 429, 309, 169, 1, 1, 1
39, 6, 1292, 450, 296, 176, 1, 1, 1
40, 6, 1329, 508, 294, 140, 1, 1, 1
1, 8, 1110, 479, 137, 78, 1, 1, 1
2, 8, 1105, 386, 130, 127, 1, 1, 1
3, 8, 1110, 423, 153, 87, 1, 1, 1
4, 8, 1130, 408, 163, 99, 1, 1, 1
5, 8, 1195, 356, 139, 125, 1, 1, 1
6, 8, 1255, 406, 159, 132, 1, 1, 1
7, 8, 1220, 293, 218, 177, 1, 1, 1
8, 8, 1127, 378, 208, 104, 1, 1, 1
9, 8, 957, 349, 243, 116, 1, 1, 1
10, 8, 911, 366, 250, 95, 1, 1, 1
11, 8, 862, 396, 249, 145, 1, 1, 1
12, 8, 812, 297, 299, 225, 1, 1, 1
13, 8, 680, 440, 284, 135, 1, 1, 1
14, 8, 650, 351, 275, 211, 1, 1, 1
15, 8, 831, 395, 295, 129, 1, 1, 1
16, 8, 992, 383, 255, 209, 1, 1, 1
17, 8, 972, 430, 265, 99, 1, 1, 1
18, 8, 705, 410, 291, 188, 1, 1, 1
19, 8, 596, 264, 336, 254, 1, 1, 1
20, 8, 464, 338, 355, 154, 1, 1, 1
21, 8, 482, 317, 310, 173, 1, 1, 1
22, 8, 499, 248, 378, 229, 1, 1, 1
23, 8, 390, 328, 370, 210, 1, 1, 1
24, 8, 416, 123, 414, 330, 1, 1, 1
25, 8, 293, 231, 475, 183, 1, 1, 1
26, 8, 290, 251, 385, 244, 1, 1, 1
27, 8, 287, 72, 504, 306, 1, 1, 1
28, 8, 221, 191, 507, 205, 1, 1, 1
29, 8, 315, 83, 533, 245, 1, 1, 1
30, 8, 307, 0, 526, 318, 1, 1, 1
31, 8, 324, 59, 492, 238, 1, 1, 1
32, 8, 221, 127, 464, 159, 1, 1, 1
33, 8, 134, 120, 451, 243, 1, 1, 1
34, 8, 118, 72, 435, 240, 1, 1, 1
35, 8, 113, 0, 545, 324, 1, 1, 1
36, 8, 68, 48, 549, 284, 1, 1, 1
37, 8, 11, 128, 559, 205, 1, 1, 1
38, 8, 33, 181, 498, 288, 1, 1, 1
39, 8, 29, 181, 567, 307, 1, 1, 1
40, 8, 117, 99, 544, 339, 1, 1, 1
1, 9, 1192, 433, 73, 86, 1, 1, 1
2, 9, 1207, 468, 61, 71, 1, 1, 1
3, 9, 1165, 433, 125, 73, 1, 1, 1
4, 9, 1201, 420, 138, 78, 1, 1, 1
5, 9, 1254, 433, 148, 108, 1, 1, 1
6, 9, 1311, 375, 160, 130, 1, 1, 1
7, 9, 1312, 424, 169, 80, 1, 1, 1
8, 9, 1211, 368, 182, 110, 1, 1, 1
9, 9, 1116, 344, 157, 116, 1, 1, 1
10, 9, 1034, 395, 216, 109, 1, 1, 1
11, 9, 1036, 313, 194, 135, 1, 1, 1
12, 9, 1009, 383, 211, 74, 1, 1, 1
13, 9, 914, 344, 213, 100, 1, 1, 1
14, 9, 885, 317, 235, 122, 1, 1, 1
15, 9, 1124, 355, 209, 125, 1, 1, 1
16, 9, 1302, 223, 226, 174, 1, 1, 1
17, 9, 1266, 305, 178, 64, 1, 1, 1
18, 9, 1115, 251, 246, 138, 1, 1, 1
19, 9, 1021, 277, 236, 78, 1, 1, 1
20, 9, 988, 288, 240, 155, 1, 1, 1
21, 9, 1016, 218, 249, 149, 1, 1, 1
22, 9, 1060, 316, 244, 82, 1, 1, 1
23, 9, 1056, 265, 246, 127, 1, 1, 1
24, 9, 1033, 293, 256, 108, 1, 1, 1
25, 9, 1028, 345, 268, 159, 1, 1, 1
26, 9, 1018, 290, 287, 151, 1, 1, 1
27, 9, 1019, 389, 295, 117, 1, 1, 1
28, 9, 1031, 324, 296, 167, 1, 1, 1
29, 9, 1040, 383, 308, 111, 1, 1, 1
30, 9, 1034, 411, 314, 127, 1, 1, 1
31, 9, 1022, 409, 314, 132, 1, 1, 1
32, 9, 987, 335, 324, 188, 1, 1, 1
33, 9, 963, 335, 312, 204, 1, 1, 1
34, 9, 927, 377, 312, 181, 1, 1, 1
35, 9, 894, 474, 316, 104, 1, 1, 1
36, 9, 881, 501, 319, 177, 1, 1, 1
37, 9, 913, 497, 320, 169, 1, 1, 1
38, 9, 943, 467, 349, 193, 1, 1, 1
39, 9, 977, 438, 323, 240, 1, 1, 1
40, 9, 1035, 489, 308, 199, 1, 1, 1
1, 10, 1040, 425, 131, 73, 1, 1, 1
2, 10, 1015, 392, 146, 99, 1, 1, 1
3, 10, 1014, 367, 142, 93, 1, 1, 1
4, 10, 1027, 415, 173, 90, 1, 1, 1
5, 10, 1072, 414, 55, 10, 1, 1, 1
6, 10, 1118, 366, 130, 101, 1, 1, 1
7, 10, 1089, 267, 146, 142, 1, 1, 1
8, 10, 969, 346, 206, 82, 1, 1, 1
9, 10, 881, 214, 154, 177, 1, 1, 1
10, 10, 779, 340, 242, 83, 1, 1, 1
11, 10, 752, 251, 222, 156, 1, 1, 1
12, 10, 733, 333, 187, 75, 1, 1, 1
13, 10, 737, 329, 158, 112, 1, 1, 1
14, 10, 646, 287, 217, 104, 1, 1, 1
15, 10, 813, 348, 260, 67, 1, 1, 1
16, 10, 1046, 202, 211, 196, 1, 1, 1
17, 10, 945, 370, 288, 86, 1, 1, 1
18, 10, 647, 312, 297, 96, 1, 1, 1
19, 10, 531, 155, 329, 230, 1, 1, 1
20, 10, 413, 211, 303, 139, 1, 1, 1
21, 10, 414, 166, 284, 138, 1, 1, 1
22, 10, 402, 74, 372, 215, 1, 1, 1
23, 10, 327, 178, 348, 159, 1, 1, 1
24, 10, 294, 3, 386, 265, 1, 1, 1
25, 10, 205, 108, 431, 164, 1, 1, 1
26, 10, 205, 59, 357, 172, 1, 1, 1
27, 10, 176, 0, 439, 190, 1, 1, 1
28, 10, 147, 35, 391, 169, 1, 1, 1
29, 10, 192, 0, 371, 129, 1, 1, 1
30, 10, 177, 0, 431, 116, 1, 1, 1
31, 10, 166, 0, 423, 108, 1, 1, 1
32, 10, 102, 0, 413, 151, 1, 1, 1
33, 10, 42, 0, 420, 174, 1, 1, 1
34, 10, 17, 0, 445, 132, 1, 1, 1
35, 10, 0, 0, 419, 101, 1, 1, 1
36, 10, 0, 0, 413, 168, 1, 1, 1
37, 10, 0, 26, 365, 174, 1, 1, 1
38, 10, 0, 57, 381, 172, 1, 1, 1
39, 10, 0, 12, 364, 211, 1, 1, 1
40, 10, 32, 0, 532, 192, 1, 1, 1
1, 11, 1031, 468, 118, 60, 1, 1, 1
2, 11, 1013, 453, 126, 47, 1, 1, 1
3, 11, 1015, 444, 139, 26, 1, 1, 1
4, 11, 1032, 370, 147, 88, 1, 1, 1
5, 11, 1059, 335, 182, 125, 1, 1, 1
6, 11, 1095, 399, 199, 97, 1, 1, 1
7, 11, 1059, 289, 212, 155, 1, 1, 1
8, 11, 935, 274, 224, 161, 1, 1, 1
9, 11, 775, 336, 216, 138, 1, 1, 1
10, 11, 713, 222, 232, 238, 1, 1, 1
11, 11, 692, 366, 213, 126, 1, 1, 1
12, 11, 685, 241, 248, 251, 1, 1, 1
13, 11, 580, 348, 240, 92, 1, 1, 1
14, 11, 545, 313, 291, 141, 1, 1, 1
15, 11, 722, 285, 306, 145, 1, 1, 1
16, 11, 897, 333, 362, 133, 1, 1, 1
17, 11, 868, 249, 341, 135, 1, 1, 1
18, 11, 785, 214, 248, 155, 1, 1, 1
19, 11, 638, 283, 267, 84, 1, 1, 1
20, 11, 551, 257, 255, 142, 1, 1, 1
21, 11, 536, 228, 280, 132, 1, 1, 1
22, 11, 532, 283, 284, 110, 1, 1, 1
23, 11, 468, 162, 302, 207, 1, 1, 1
24, 11, 406, 290, 222, 47, 1, 1, 1
25, 11, 367, 196, 325, 134, 1, 1, 1
26, 11, 332, 218, 298, 111, 1, 1, 1
27, 11, 305, 201, 258, 175, 1, 1, 1
28, 11, 350, 120, 266, 125, 1, 1, 1
29, 11, 305, 200, 329, 160, 1, 1, 1
30, 11, 295, 122, 340, 185, 1, 1, 1
31, 11, 291, 101, 355, 197, 1, 1, 1
32, 11, 257, 209, 339, 88, 1, 1, 1
33, 11, 365, 212, 150, 141, 1, 1, 1
34, 11, 169, 209, 346, 215, 1, 1, 1
35, 11, 142, 229, 345, 141, 1, 1, 1
36, 11, 124, 251, 366, 109, 1, 1, 1
37, 11, 152, 187, 370, 183, 1, 1, 1
38, 11, 185, 252, 365, 135, 1, 1, 1
39, 11, 223, 322, 261, 89, 1, 1, 1
40, 11, 285, 319, 368, 132, 1, 1, 1
1, 12, 1007, 449, 115, 81, 1, 1, 1
2, 12, 994, 473, 124, 74, 1, 1, 1
3, 12, 1001, 400, 129, 102, 1, 1, 1
4, 12, 1027, 419, 144, 75, 1, 1, 1
5, 12, 1075, 450, 153, 88, 1, 1, 1
6, 12, 1125, 398, 160, 100, 1, 1, 1
7, 12, 1103, 446, 179, 61, 1, 1, 1
8, 12, 982, 383, 197, 102, 1, 1, 1
9, 12, 828, 423, 210, 59, 1, 1, 1
10, 12, 773, 413, 223, 96, 1, 1, 1
11, 12, 755, 429, 224, 40, 1, 1, 1
12, 12, 736, 423, 188, 136, 1, 1, 1
13, 12, 642, 387, 180, 95, 1, 1, 1
14, 12, 623, 445, 134, 33, 1, 1, 1
15, 12, 857, 401, 288, 98, 1, 1, 1
16, 12, 1166, 346, 115, 84, 1, 1, 1
17, 12, 833, 346, 340, 46, 1, 1, 1
18, 12, 772, 262, 316, 184, 1, 1, 1
19, 12, 867, 403, 85, 31, 1, 1, 1
20, 12, 668, 320, 227, 116, 1, 1, 1
21, 12, 755, 293, 155, 128, 1, 1, 1
22, 12, 634, 379, 288, 115, 1, 1, 1
23, 12, 606, 250, 280, 179, 1, 1, 1
24, 12, 555, 364, 283, 69, 1, 1, 1
25, 12, 518, 313, 299, 116, 1, 1, 1
26, 12, 486, 309, 309, 114, 1, 1, 1
27, 12, 472, 346, 309, 153, 1, 1, 1
28, 12, 475, 242, 342, 183, 1, 1, 1
29, 12, 483, 324, 326, 77, 1, 1, 1
30, 12, 474, 310, 330, 160, 1, 1, 1
31, 12, 468, 255, 347, 148, 1, 1, 1
32, 12, 435, 176, 364, 225, 1, 1, 1
33, 12, 402, 246, 344, 165, 1, 1, 1
34, 12, 422, 308, 269, 126, 1, 1, 1
35, 12, 311, 324, 346, 211, 1, 1, 1
36, 12, 314, 377, 325, 219, 1, 1, 1
37, 12, 343, 345, 331, 155, 1, 1, 1
38, 12, 375, 239, 349, 292, 1, 1, 1
39, 12, 415, 270, 342, 280, 1, 1, 1
40, 12, 480, 402, 343, 227, 1, 1, 1
