12, 5, 884, 132, 142, 193, 1, 1, 1
13, 5, 876, 137, 149, 191, 1, 1, 1
14, 5, 864, 138, 162, 191, 1, 1, 1
15, 5, 833, 144, 193, 187, 1, 1, 1
16, 5, 815, 160, 211, 174, 1, 1, 1
17, 5, 792, 160, 234, 175, 1, 1, 1
18, 5, 770, 164, 248, 176, 1, 1, 1
19, 5, 740, 175, 257, 167, 1, 1, 1
20, 5, 715, 179, 254, 170, 1, 1, 1
21, 5, 686, 171, 262, 182, 1, 1, 1
22, 5, 645, 184, 282, 172, 1, 1, 1
23, 5, 620, 171, 284, 184, 1, 1, 1
24, 5, 600, 171, 289, 183, 1, 1, 1
25, 5, 563, 182, 299, 172, 1, 1, 1
26, 5, 534, 167, 297, 184, 1, 1, 1
27, 5, 504, 172, 277, 180, 1, 1, 1
28, 5, 478, 181, 285, 177, 1, 1, 1
29, 5, 452, 168, 294, 191, 1, 1, 1
30, 5, 431, 171, 296, 188, 1, 1, 1
31, 5, 401, 169, 302, 187, 1, 1, 1
32, 5, 382, 160, 288, 193, 1, 1, 1
33, 5, 366, 164, 283, 192, 1, 1, 1
34, 5, 346, 168, 281, 186, 1, 1, 1
35, 5, 342, 163, 288, 189, 1, 1, 1
36, 5, 337, 156, 241, 199, 1, 1, 1
37, 5, 333, 160, 233, 198, 1, 1, 1
38, 5, 331, 160, 238, 200, 1, 1, 1
39, 5, 333, 156, 223, 203, 1, 1, 1
40, 5, 338, 157, 216, 207, 1, 1, 1
41, 5, 338, 165, 222, 201, 1, 1, 1
42, 5, 338, 168, 235, 199, 1, 1, 1
43, 5, 344, 171, 213, 195, 1, 1, 1
44, 5, 349, 164, 184, 200, 1, 1, 1
45, 5, 354, 160, 162, 202, 1, 1, 1
46, 5, 364, 158, 152, 202, 1, 1, 1
47, 5, 375, 152, 179, 202, 1, 1, 1
48, 5, 379, 154, 165, 204, 1, 1, 1
49, 5, 374, 161, 167, 206, 1, 1, 1
50, 5, 376, 170, 127, 196, 1, 1, 1
51, 5, 372, 175, 124, 193, 1, 1, 1
52, 5, 370, 181, 121, 179, 1, 1, 1
53, 5, 370, 181, 124, 176, 1, 1, 1
54, 5, 373, 185, 135, 182, 1, 1, 1
55, 5, 375, 189, 165, 179, 1, 1, 1
56, 5, 382, 192, 159, 179, 1, 1, 1
57, 5, 384, 202, 142, 171, 1, 1, 1
58, 5, 383, 206, 130, 173, 1, 1, 1
59, 5, 378, 152, 115, 228, 1, 1, 1
60, 5, 393, 151, 107, 229, 1, 1, 1
61, 5, 396, 167, 82, 219, 1, 1, 1
