15, 4, 1890, 532, 30, 126, 1, 1, 1
16, 4, 1848, 544, 72, 227, 1, 1, 1
17, 4, 1798, 527, 122, 244, 1, 1, 1
18, 4, 1760, 511, 160, 257, 1, 1, 1
19, 4, 1719, 506, 201, 273, 1, 1, 1
20, 4, 1669, 512, 251, 273, 1, 1, 1
21, 4, 1613, 514, 307, 269, 1, 1, 1
22, 4, 1558, 507, 361, 277, 1, 1, 1
23, 4, 1520, 501, 400, 277, 1, 1, 1
24, 4, 1491, 502, 429, 274, 1, 1, 1
25, 4, 1471, 497, 449, 275, 1, 1, 1
26, 4, 1457, 487, 463, 282, 1, 1, 1
27, 4, 1433, 485, 487, 278, 1, 1, 1
28, 4, 1414, 482, 506, 276, 1, 1, 1
29, 4, 1399, 484, 521, 273, 1, 1, 1
30, 4, 1386, 488, 534, 269, 1, 1, 1
31, 4, 1370, 492, 550, 271, 1, 1, 1
32, 4, 1360, 497, 560, 274, 1, 1, 1
33, 4, 1360, 503, 544, 274, 1, 1, 1
