1, 8, 569, 0, 101, 21, 1, 1, 1
2, 8, 563, 0, 105, 36, 1, 1, 1
3, 8, 537, 0, 104, 59, 1, 1, 1
4, 8, 483, 0, 136, 74, 1, 1, 1
5, 8, 436, 0, 153, 84, 1, 1, 1
6, 8, 410, 0, 157, 92, 1, 1, 1
7, 8, 392, 0, 158, 96, 1, 1, 1
8, 8, 384, 0, 159, 98, 1, 1, 1
9, 8, 386, 0, 159, 100, 1, 1, 1
10, 8, 385, 0, 159, 107, 1, 1, 1
11, 8, 358, 0, 212, 124, 1, 1, 1
12, 8, 381, 0, 209, 145, 1, 1, 1
13, 8, 420, 0, 208, 166, 1, 1, 1
14, 8, 449, 0, 206, 180, 1, 1, 1
15, 8, 473, 11, 204, 180, 1, 1, 1
16, 8, 495, 18, 202, 178, 1, 1, 1
17, 8, 518, 20, 200, 178, 1, 1, 1
18, 8, 537, 21, 198, 178, 1, 1, 1
19, 8, 550, 22, 201, 178, 1, 1, 1
20, 8, 559, 21, 201, 178, 1, 1, 1
21, 8, 564, 22, 201, 177, 1, 1, 1
22, 8, 566, 23, 201, 177, 1, 1, 1
23, 8, 568, 23, 201, 177, 1, 1, 1
24, 8, 573, 23, 201, 177, 1, 1, 1
25, 8, 579, 23, 201, 178, 1, 1, 1
26, 8, 591, 26, 199, 175, 1, 1, 1
27, 8, 600, 24, 199, 178, 1, 1, 1
28, 8, 609, 27, 199, 175, 1, 1, 1
29, 8, 618, 28, 198, 174, 1, 1, 1
30, 8, 623, 27, 198, 176, 1, 1, 1
31, 8, 627, 29, 197, 174, 1, 1, 1
32, 8, 625, 27, 198, 177, 1, 1, 1
33, 8, 625, 30, 199, 174, 1, 1, 1
34, 8, 625, 30, 198, 174, 1, 1, 1
35, 8, 624, 31, 199, 174, 1, 1, 1
