1, 4, 594, 145, 268, 133, 1, 1, 1
2, 4, 591, 142, 251, 154, 1, 1, 1
3, 4, 575, 142, 245, 140, 1, 1, 1
4, 4, 539, 142, 263, 137, 1, 1, 1
5, 4, 549, 150, 243, 126, 1, 1, 1
6, 4, 524, 149, 250, 165, 1, 1, 1
7, 4, 502, 150, 241, 145, 1, 1, 1
8, 4, 481, 149, 237, 136, 1, 1, 1
9, 4, 480, 150, 222, 137, 1, 1, 1
10, 4, 430, 153, 253, 147, 1, 1, 1
11, 4, 409, 153, 255, 159, 1, 1, 1
12, 4, 391, 147, 254, 160, 1, 1, 1
13, 4, 396, 150, 226, 147, 1, 1, 1
14, 4, 364, 150, 231, 145, 1, 1, 1
15, 4, 332, 155, 241, 146, 1, 1, 1
16, 4, 311, 152, 236, 153, 1, 1, 1
17, 4, 279, 148, 247, 157, 1, 1, 1
18, 4, 225, 146, 282, 153, 1, 1, 1
19, 4, 226, 156, 260, 164, 1, 1, 1
20, 4, 191, 159, 269, 169, 1, 1, 1
21, 4, 162, 160, 264, 159, 1, 1, 1
22, 4, 160, 152, 235, 151, 1, 1, 1
23, 4, 125, 153, 244, 140, 1, 1, 1
24, 4, 97, 154, 253, 158, 1, 1, 1
25, 4, 71, 154, 247, 163, 1, 1, 1
26, 4, 41, 145, 242, 159, 1, 1, 1
27, 4, 37, 136, 208, 176, 1, 1, 1
28, 4, 18, 141, 202, 155, 1, 1, 1
29, 4, 0, 146, 192, 157, 1, 1, 1
30, 4, 0, 148, 170, 166, 1, 1, 1
31, 4, 0, 149, 146, 168, 1, 1, 1
32, 4, 0, 152, 127, 153, 1, 1, 1
33, 4, 0, 153, 114, 152, 1, 1, 1
34, 4, 0, 157, 65, 114, 1, 1, 1
35, 4, 0, 159, 32, 118, 1, 1, 1
36, 4, 0, 162, 6, 27, 1, 1, 1
1, 6, 820, 198, 140, 97, 1, 1, 1
2, 6, 807, 176, 152, 114, 1, 1, 1
3, 6, 791, 151, 169, 131, 1, 1, 1
4, 6, 780, 153, 179, 133, 1, 1, 1
5, 6, 754, 157, 205, 158, 1, 1, 1
6, 6, 739, 157, 215, 138, 1, 1, 1
7, 6, 728, 155, 206, 128, 1, 1, 1
8, 6, 719, 155, 192, 129, 1, 1, 1
9, 6, 698, 156, 195, 134, 1, 1, 1
10, 6, 679, 155, 198, 140, 1, 1, 1
11, 6, 642, 162, 226, 135, 1, 1, 1
12, 6, 628, 165, 220, 129, 1, 1, 1
13, 6, 612, 161, 215, 132, 1, 1, 1
14, 6, 590, 161, 211, 131, 1, 1, 1
15, 6, 566, 168, 244, 137, 1, 1, 1
16, 6, 547, 166, 220, 145, 1, 1, 1
17, 6, 524, 166, 219, 140, 1, 1, 1
18, 6, 499, 161, 224, 134, 1, 1, 1
19, 6, 472, 163, 253, 132, 1, 1, 1
20, 6, 455, 165, 235, 146, 1, 1, 1
21, 6, 443, 168, 222, 155, 1, 1, 1
22, 6, 422, 163, 216, 139, 1, 1, 1
23, 6, 395, 157, 226, 138, 1, 1, 1
24, 6, 372, 155, 228, 144, 1, 1, 1
25, 6, 364, 165, 215, 128, 1, 1, 1
26, 6, 360, 161, 211, 134, 1, 1, 1
27, 6, 352, 172, 143, 121, 1, 1, 1
28, 6, 352, 174, 127, 110, 1, 1, 1
29, 6, 317, 191, 101, 116, 1, 1, 1
30, 6, 306, 199, 214, 95, 1, 1, 1
31, 6, 303, 198, 186, 123, 1, 1, 1
32, 6, 425, 260, 34, 25, 1, 1, 1
34, 6, 268, 176, 236, 103, 1, 1, 1
35, 6, 280, 177, 219, 117, 1, 1, 1
36, 6, 242, 182, 237, 122, 1, 1, 1
37, 6, 368, 151, 91, 128, 1, 1, 1
38, 6, 314, 149, 128, 143, 1, 1, 1
39, 6, 240, 239, 187, 50, 1, 1, 1
41, 6, 160, 203, 133, 97, 1, 1, 1
42, 6, 142, 207, 165, 84, 1, 1, 1
43, 6, 143, 164, 268, 126, 1, 1, 1
44, 6, 126, 159, 288, 139, 1, 1, 1
45, 6, 98, 162, 311, 155, 1, 1, 1
46, 6, 123, 158, 273, 151, 1, 1, 1
47, 6, 303, 156, 80, 134, 1, 1, 1
48, 6, 274, 156, 115, 139, 1, 1, 1
49, 6, 78, 153, 304, 160, 1, 1, 1
50, 6, 144, 152, 235, 164, 1, 1, 1
51, 6, 198, 149, 173, 148, 1, 1, 1
52, 6, 260, 143, 105, 154, 1, 1, 1
53, 6, 244, 150, 116, 155, 1, 1, 1
54, 6, 216, 152, 151, 138, 1, 1, 1
55, 6, 124, 157, 231, 154, 1, 1, 1
56, 6, 195, 156, 154, 166, 1, 1, 1
57, 6, 205, 150, 136, 149, 1, 1, 1
58, 6, 137, 154, 213, 148, 1, 1, 1
59, 6, 135, 157, 213, 163, 1, 1, 1
60, 6, 149, 175, 196, 165, 1, 1, 1
61, 6, 143, 177, 179, 151, 1, 1, 1
62, 6, 126, 175, 180, 154, 1, 1, 1
63, 6, 70, 175, 227, 148, 1, 1, 1
64, 6, 65, 210, 220, 129, 1, 1, 1
65, 6, 56, 181, 239, 167, 1, 1, 1
66, 6, 65, 162, 209, 160, 1, 1, 1
67, 6, 46, 155, 226, 156, 1, 1, 1
68, 6, 18, 154, 251, 166, 1, 1, 1
69, 6, 0, 141, 257, 209, 1, 1, 1
70, 6, 0, 148, 237, 191, 1, 1, 1
71, 6, 0, 143, 213, 177, 1, 1, 1
72, 6, 0, 138, 200, 182, 1, 1, 1
73, 6, 0, 139, 182, 210, 1, 1, 1
74, 6, 0, 142, 173, 138, 1, 1, 1
75, 6, 0, 146, 160, 161, 1, 1, 1
76, 6, 0, 139, 120, 191, 1, 1, 1
77, 6, 0, 138, 107, 177, 1, 1, 1
78, 6, 0, 141, 97, 137, 1, 1, 1
79, 6, 55, 140, 43, 22, 1, 1, 1
80, 6, 19, 140, 52, 25, 1, 1, 1
81, 6, 7, 136, 36, 19, 1, 1, 1
