1, 9, 985, 540, 183, 129, 1, 1, 1
2, 9, 995, 558, 181, 125, 1, 1, 1
3, 9, 998, 568, 185, 128, 1, 1, 1
4, 9, 1006, 575, 183, 125, 1, 1, 1
5, 9, 1007, 579, 193, 125, 1, 1, 1
6, 9, 1042, 580, 166, 125, 1, 1, 1
7, 9, 1091, 580, 125, 123, 1, 1, 1
8, 9, 1131, 577, 93, 121, 1, 1, 1
9, 9, 1049, 582, 179, 123, 1, 1, 1
10, 9, 1061, 583, 176, 120, 1, 1, 1
11, 9, 1066, 581, 177, 113, 1, 1, 1
12, 9, 1157, 581, 91, 112, 1, 1, 1
13, 9, 1156, 581, 95, 115, 1, 1, 1
14, 9, 1091, 585, 161, 111, 1, 1, 1
15, 9, 1100, 588, 154, 109, 1, 1, 1
16, 9, 1132, 576, 124, 117, 1, 1, 1
17, 9, 1144, 577, 114, 120, 1, 1, 1
18, 9, 1141, 575, 118, 119, 1, 1, 1
19, 9, 1140, 575, 123, 119, 1, 1, 1
20, 9, 1144, 576, 122, 119, 1, 1, 1
21, 9, 1190, 572, 82, 115, 1, 1, 1
22, 9, 1214, 570, 63, 113, 1, 1, 1
23, 9, 1142, 571, 142, 120, 1, 1, 1
24, 9, 1144, 573, 141, 118, 1, 1, 1
25, 9, 1143, 568, 150, 122, 1, 1, 1
26, 9, 1144, 569, 157, 120, 1, 1, 1
27, 9, 1154, 569, 154, 119, 1, 1, 1
28, 9, 1165, 579, 147, 106, 1, 1, 1
29, 9, 1169, 569, 139, 118, 1, 1, 1
30, 9, 1176, 566, 142, 122, 1, 1, 1
31, 9, 1205, 566, 116, 117, 1, 1, 1
32, 9, 1205, 566, 120, 116, 1, 1, 1
33, 9, 1207, 567, 117, 115, 1, 1, 1
34, 9, 1207, 566, 117, 117, 1, 1, 1
35, 9, 1211, 566, 116, 116, 1, 1, 1
36, 9, 1210, 564, 120, 117, 1, 1, 1
37, 9, 1200, 564, 133, 117, 1, 1, 1
38, 9, 1196, 562, 139, 118, 1, 1, 1
39, 9, 1191, 562, 148, 118, 1, 1, 1
40, 9, 1193, 562, 148, 118, 1, 1, 1
41, 9, 1197, 562, 150, 115, 1, 1, 1
42, 9, 1205, 560, 142, 118, 1, 1, 1
43, 9, 1212, 562, 137, 112, 1, 1, 1
44, 9, 1217, 561, 136, 117, 1, 1, 1
45, 9, 1217, 560, 132, 119, 1, 1, 1
46, 9, 1212, 562, 137, 116, 1, 1, 1
47, 9, 1214, 560, 144, 120, 1, 1, 1
48, 9, 1224, 563, 143, 114, 1, 1, 1
49, 9, 1226, 562, 135, 112, 1, 1, 1
50, 9, 1223, 562, 138, 113, 1, 1, 1
51, 9, 1220, 558, 166, 116, 1, 1, 1
52, 9, 1221, 568, 130, 106, 1, 1, 1
53, 9, 1223, 556, 155, 118, 1, 1, 1
54, 9, 1229, 556, 157, 121, 1, 1, 1
55, 9, 1231, 556, 157, 116, 1, 1, 1
56, 9, 1247, 557, 147, 113, 1, 1, 1
57, 9, 1249, 562, 145, 106, 1, 1, 1
58, 9, 1263, 560, 139, 110, 1, 1, 1
59, 9, 1260, 558, 143, 112, 1, 1, 1
60, 9, 1262, 558, 150, 114, 1, 1, 1
61, 9, 1262, 557, 154, 115, 1, 1, 1
62, 9, 1271, 558, 151, 110, 1, 1, 1
63, 9, 1279, 557, 149, 108, 1, 1, 1
64, 9, 1271, 557, 163, 109, 1, 1, 1
65, 9, 1277, 557, 162, 109, 1, 1, 1
66, 9, 1293, 556, 156, 110, 1, 1, 1
67, 9, 1292, 558, 168, 108, 1, 1, 1
68, 9, 1319, 556, 148, 38, 1, 1, 1
69, 9, 1327, 557, 147, 36, 1, 1, 1
70, 9, 1335, 558, 144, 37, 1, 1, 1
71, 9, 1342, 557, 155, 36, 1, 1, 1
72, 9, 1351, 556, 149, 38, 1, 1, 1
73, 9, 1358, 557, 148, 36, 1, 1, 1
74, 9, 1363, 558, 165, 105, 1, 1, 1
75, 9, 1375, 556, 163, 106, 1, 1, 1
76, 9, 1386, 557, 174, 90, 1, 1, 1
77, 9, 1396, 558, 140, 50, 1, 1, 1
78, 9, 1401, 554, 173, 89, 1, 1, 1
79, 9, 1417, 556, 114, 39, 1, 1, 1
80, 9, 1430, 555, 131, 100, 1, 1, 1
81, 9, 1443, 555, 90, 40, 1, 1, 1
82, 9, 1455, 556, 153, 110, 1, 1, 1
83, 9, 1470, 550, 63, 46, 1, 1, 1
84, 9, 1479, 559, 121, 108, 1, 1, 1
86, 9, 1592, 632, 72, 34, 1, 1, 1
88, 9, 1597, 558, 93, 109, 1, 1, 1
89, 9, 1601, 558, 101, 111, 1, 1, 1
90, 9, 1629, 548, 80, 114, 1, 1, 1
91, 9, 1577, 543, 138, 116, 1, 1, 1
92, 9, 1605, 535, 115, 117, 1, 1, 1
93, 9, 1603, 528, 122, 119, 1, 1, 1
94, 9, 1608, 524, 121, 111, 1, 1, 1
95, 9, 1603, 516, 132, 117, 1, 1, 1
96, 9, 1567, 511, 171, 115, 1, 1, 1
97, 9, 1586, 507, 152, 117, 1, 1, 1
98, 9, 1571, 501, 159, 115, 1, 1, 1
99, 9, 1557, 495, 163, 116, 1, 1, 1
100, 9, 1541, 489, 161, 116, 1, 1, 1
101, 9, 1525, 484, 159, 117, 1, 1, 1
102, 9, 1516, 481, 158, 116, 1, 1, 1
103, 9, 1497, 478, 166, 122, 1, 1, 1
