1, 1, 232, 218, 286, 315, 1, 1, 1
2, 1, 226, 218, 293, 313, 1, 1, 1
3, 1, 228, 220, 291, 318, 1, 1, 1
4, 1, 227, 222, 293, 314, 1, 1, 1
5, 1, 226, 221, 295, 321, 1, 1, 1
6, 1, 214, 220, 307, 319, 1, 1, 1
7, 1, 202, 221, 318, 318, 1, 1, 1
8, 1, 240, 220, 278, 316, 1, 1, 1
9, 1, 242, 219, 273, 314, 1, 1, 1
10, 1, 245, 218, 269, 319, 1, 1, 1
11, 1, 252, 219, 263, 315, 1, 1, 1
12, 1, 255, 218, 261, 317, 1, 1, 1
13, 1, 238, 217, 281, 317, 1, 1, 1
14, 1, 178, 215, 338, 318, 1, 1, 1
15, 1, 183, 216, 331, 317, 1, 1, 1
16, 1, 261, 214, 246, 322, 1, 1, 1
17, 1, 301, 210, 213, 330, 1, 1, 1
18, 1, 328, 209, 255, 335, 1, 1, 1
19, 1, 300, 208, 293, 330, 1, 1, 1
20, 1, 272, 205, 354, 321, 1, 1, 1
21, 1, 264, 195, 380, 302, 1, 1, 1
22, 1, 268, 188, 408, 366, 1, 1, 1
23, 1, 266, 179, 439, 330, 1, 1, 1
24, 1, 264, 168, 437, 353, 1, 1, 1
25, 1, 268, 162, 418, 365, 1, 1, 1
26, 1, 266, 157, 398, 378, 1, 1, 1
27, 1, 266, 148, 367, 420, 1, 1, 1
28, 1, 264, 142, 358, 432, 1, 1, 1
29, 1, 267, 136, 344, 434, 1, 1, 1
