6, 2, 161, 190, 221, 182, 1, 1, 1
7, 2, 163, 192, 218, 159, 1, 1, 1
8, 2, 169, 194, 219, 157, 1, 1, 1
9, 2, 170, 195, 217, 157, 1, 1, 1
10, 2, 170, 195, 239, 141, 1, 1, 1
11, 2, 177, 191, 262, 113, 1, 1, 1
12, 2, 173, 177, 284, 122, 1, 1, 1
13, 2, 211, 158, 213, 142, 1, 1, 1
14, 2, 202, 156, 211, 194, 1, 1, 1
15, 2, 180, 187, 277, 134, 1, 1, 1
16, 2, 182, 227, 299, 123, 1, 1, 1
17, 2, 207, 223, 314, 146, 1, 1, 1
18, 2, 186, 233, 274, 111, 1, 1, 1
19, 2, 184, 227, 292, 96, 1, 1, 1
20, 2, 185, 230, 317, 113, 1, 1, 1
21, 2, 185, 225, 284, 114, 1, 1, 1
22, 2, 183, 231, 278, 110, 1, 1, 1
23, 2, 185, 226, 273, 115, 1, 1, 1
24, 2, 182, 223, 285, 119, 1, 1, 1
25, 2, 184, 216, 287, 125, 1, 1, 1
26, 2, 185, 206, 284, 135, 1, 1, 1
27, 2, 186, 190, 279, 153, 1, 1, 1
28, 2, 185, 173, 282, 169, 1, 1, 1
29, 2, 184, 163, 282, 177, 1, 1, 1
30, 2, 181, 161, 291, 178, 1, 1, 1
31, 2, 179, 160, 295, 166, 1, 1, 1
32, 2, 177, 161, 301, 162, 1, 1, 1
33, 2, 178, 162, 297, 163, 1, 1, 1
34, 2, 176, 162, 332, 172, 1, 1, 1
35, 2, 176, 167, 334, 163, 1, 1, 1
36, 2, 174, 167, 334, 164, 1, 1, 1
37, 2, 174, 159, 333, 168, 1, 1, 1
38, 2, 202, 159, 305, 168, 1, 1, 1
39, 2, 194, 156, 314, 180, 1, 1, 1
40, 2, 167, 176, 338, 191, 1, 1, 1
41, 2, 140, 225, 366, 174, 1, 1, 1
42, 2, 136, 192, 306, 209, 1, 1, 1
43, 2, 135, 175, 375, 226, 1, 1, 1
44, 2, 134, 172, 377, 229, 1, 1, 1
45, 2, 132, 179, 302, 222, 1, 1, 1
46, 2, 129, 237, 321, 162, 1, 1, 1
47, 2, 130, 187, 322, 208, 1, 1, 1
48, 2, 129, 190, 320, 210, 1, 1, 1
49, 2, 130, 186, 321, 217, 1, 1, 1
50, 2, 131, 189, 319, 214, 1, 1, 1
51, 2, 131, 232, 327, 170, 1, 1, 1
52, 2, 128, 242, 335, 163, 1, 1, 1
53, 2, 128, 190, 320, 213, 1, 1, 1
54, 2, 126, 201, 340, 200, 1, 1, 1
55, 2, 127, 200, 338, 195, 1, 1, 1
56, 2, 126, 200, 345, 190, 1, 1, 1
57, 2, 125, 202, 343, 182, 1, 1, 1
58, 2, 127, 196, 346, 177, 1, 1, 1
59, 2, 135, 209, 335, 167, 1, 1, 1
60, 2, 133, 205, 384, 168, 1, 1, 1
61, 2, 175, 222, 346, 145, 1, 1, 1
62, 2, 182, 235, 303, 140, 1, 1, 1
63, 2, 163, 243, 308, 125, 1, 1, 1
64, 2, 164, 239, 299, 129, 1, 1, 1
65, 2, 166, 204, 298, 163, 1, 1, 1
66, 2, 167, 168, 296, 197, 1, 1, 1
67, 2, 161, 155, 297, 206, 1, 1, 1
68, 2, 226, 152, 235, 193, 1, 1, 1
69, 2, 242, 153, 227, 193, 1, 1, 1
70, 2, 254, 163, 214, 185, 1, 1, 1
71, 2, 257, 168, 210, 183, 1, 1, 1
72, 2, 240, 169, 229, 182, 1, 1, 1
73, 2, 246, 171, 224, 181, 1, 1, 1
74, 2, 248, 170, 223, 186, 1, 1, 1
75, 2, 243, 190, 229, 162, 1, 1, 1
76, 2, 247, 199, 227, 155, 1, 1, 1
51, 3, 356, 245, 215, 208, 1, 1, 1
52, 3, 353, 247, 220, 202, 1, 1, 1
53, 3, 352, 247, 223, 233, 1, 1, 1
54, 3, 348, 244, 223, 236, 1, 1, 1
55, 3, 349, 245, 222, 235, 1, 1, 1
56, 3, 320, 246, 255, 234, 1, 1, 1
57, 3, 311, 246, 264, 234, 1, 1, 1
1, 4, 400, 325, 240, 155, 1, 1, 1
2, 4, 408, 312, 232, 168, 1, 1, 1
3, 4, 399, 317, 241, 163, 1, 1, 1
4, 4, 341, 319, 299, 161, 1, 1, 1
5, 4, 348, 312, 292, 168, 1, 1, 1
6, 4, 367, 334, 273, 146, 1, 1, 1
7, 4, 350, 304, 290, 176, 1, 1, 1
8, 4, 367, 273, 273, 207, 1, 1, 1
9, 4, 382, 287, 258, 193, 1, 1, 1
10, 4, 351, 309, 289, 171, 1, 1, 1
11, 4, 366, 312, 274, 168, 1, 1, 1
12, 4, 327, 278, 313, 202, 1, 1, 1
13, 4, 336, 255, 238, 225, 1, 1, 1
14, 4, 330, 229, 227, 251, 1, 1, 1
15, 4, 341, 206, 200, 274, 1, 1, 1
16, 4, 344, 207, 187, 273, 1, 1, 1
17, 4, 347, 222, 207, 258, 1, 1, 1
18, 4, 352, 219, 182, 261, 1, 1, 1
19, 4, 326, 207, 210, 273, 1, 1, 1
20, 4, 325, 216, 191, 264, 1, 1, 1
21, 4, 325, 237, 192, 243, 1, 1, 1
22, 4, 325, 240, 191, 240, 1, 1, 1
23, 4, 324, 239, 190, 241, 1, 1, 1
24, 4, 329, 240, 188, 240, 1, 1, 1
25, 4, 324, 238, 193, 242, 1, 1, 1
26, 4, 325, 234, 191, 246, 1, 1, 1
27, 4, 326, 225, 190, 255, 1, 1, 1
28, 4, 336, 219, 180, 261, 1, 1, 1
29, 4, 343, 211, 174, 269, 1, 1, 1
30, 4, 341, 207, 176, 273, 1, 1, 1
31, 4, 354, 199, 164, 281, 1, 1, 1
32, 4, 363, 198, 155, 282, 1, 1, 1
33, 4, 369, 191, 149, 289, 1, 1, 1
34, 4, 375, 191, 140, 289, 1, 1, 1
35, 4, 365, 191, 149, 289, 1, 1, 1
36, 4, 386, 195, 130, 285, 1, 1, 1
37, 4, 387, 190, 129, 290, 1, 1, 1
38, 4, 370, 171, 148, 309, 1, 1, 1
39, 4, 396, 163, 116, 317, 1, 1, 1
40, 4, 403, 138, 114, 342, 1, 1, 1
41, 4, 416, 127, 102, 353, 1, 1, 1
42, 4, 397, 125, 118, 354, 1, 1, 1
43, 4, 396, 123, 131, 357, 1, 1, 1
44, 4, 369, 118, 160, 362, 1, 1, 1
45, 4, 359, 129, 155, 351, 1, 1, 1
46, 4, 321, 126, 204, 354, 1, 1, 1
47, 4, 238, 128, 265, 352, 1, 1, 1
48, 4, 201, 185, 313, 294, 1, 1, 1
49, 4, 207, 197, 302, 283, 1, 1, 1
50, 4, 228, 207, 278, 273, 1, 1, 1
51, 4, 232, 207, 270, 273, 1, 1, 1
52, 4, 264, 180, 241, 292, 1, 1, 1
53, 4, 300, 197, 254, 268, 1, 1, 1
54, 4, 309, 254, 275, 210, 1, 1, 1
55, 4, 308, 262, 269, 204, 1, 1, 1
56, 4, 309, 231, 244, 237, 1, 1, 1
57, 4, 310, 247, 235, 222, 1, 1, 1
58, 4, 308, 261, 233, 209, 1, 1, 1
59, 4, 309, 261, 232, 208, 1, 1, 1
60, 4, 311, 261, 232, 207, 1, 1, 1
61, 4, 312, 284, 238, 185, 1, 1, 1
62, 4, 223, 290, 325, 162, 1, 1, 1
63, 4, 192, 294, 361, 158, 1, 1, 1
64, 4, 203, 271, 357, 186, 1, 1, 1
65, 4, 211, 247, 344, 216, 1, 1, 1
66, 4, 200, 232, 353, 223, 1, 1, 1
67, 4, 183, 255, 367, 204, 1, 1, 1
