1, 2, 513, 184, 689, 458, 1, 1, 1
2, 2, 527, 185, 676, 444, 1, 1, 1
3, 2, 529, 182, 651, 432, 1, 1, 1
4, 2, 526, 179, 635, 426, 1, 1, 1
5, 2, 537, 172, 623, 409, 1, 1, 1
6, 2, 545, 164, 607, 402, 1, 1, 1
7, 2, 555, 146, 592, 416, 1, 1, 1
8, 2, 562, 166, 588, 396, 1, 1, 1
9, 2, 565, 161, 580, 395, 1, 1, 1
10, 2, 575, 145, 582, 414, 1, 1, 1
11, 2, 583, 160, 585, 404, 1, 1, 1
12, 2, 582, 168, 589, 396, 1, 1, 1
13, 2, 588, 172, 585, 406, 1, 1, 1
14, 2, 591, 188, 586, 406, 1, 1, 1
15, 2, 576, 185, 598, 418, 1, 1, 1
16, 2, 565, 188, 600, 414, 1, 1, 1
17, 2, 552, 191, 602, 419, 1, 1, 1
18, 2, 542, 195, 601, 421, 1, 1, 1
19, 2, 534, 195, 605, 416, 1, 1, 1
20, 2, 529, 197, 605, 408, 1, 1, 1
21, 2, 516, 185, 602, 410, 1, 1, 1
22, 2, 504, 186, 598, 402, 1, 1, 1
23, 2, 496, 185, 587, 399, 1, 1, 1
24, 2, 494, 188, 582, 397, 1, 1, 1
25, 2, 489, 193, 583, 394, 1, 1, 1
26, 2, 490, 194, 581, 400, 1, 1, 1
27, 2, 495, 208, 586, 406, 1, 1, 1
28, 2, 485, 216, 585, 398, 1, 1, 1
29, 2, 468, 219, 580, 397, 1, 1, 1
30, 2, 449, 232, 577, 389, 1, 1, 1
