1, 1, 70, 297, 391, 375, 1, 1, 1
2, 1, 67, 298, 405, 360, 1, 1, 1
3, 1, 65, 288, 415, 365, 1, 1, 1
4, 1, 63, 306, 417, 369, 1, 1, 1
5, 1, 69, 321, 399, 387, 1, 1, 1
6, 1, 71, 324, 413, 410, 1, 1, 1
7, 1, 71, 334, 418, 399, 1, 1, 1
8, 1, 78, 327, 416, 402, 1, 1, 1
9, 1, 84, 334, 419, 418, 1, 1, 1
10, 1, 83, 334, 383, 423, 1, 1, 1
11, 1, 85, 340, 415, 400, 1, 1, 1
12, 1, 79, 340, 418, 404, 1, 1, 1
13, 1, 73, 328, 410, 423, 1, 1, 1
14, 1, 68, 320, 407, 422, 1, 1, 1
15, 1, 57, 326, 406, 395, 1, 1, 1
16, 1, 44, 294, 351, 415, 1, 1, 1
17, 1, 47, 320, 345, 398, 1, 1, 1
18, 1, 64, 331, 345, 393, 1, 1, 1
19, 1, 99, 344, 341, 388, 1, 1, 1
20, 1, 94, 341, 363, 404, 1, 1, 1
21, 1, 80, 341, 368, 420, 1, 1, 1
22, 1, 80, 341, 399, 401, 1, 1, 1
23, 1, 73, 348, 390, 397, 1, 1, 1
24, 1, 62, 333, 387, 452, 1, 1, 1
25, 1, 55, 321, 398, 425, 1, 1, 1
26, 1, 46, 319, 363, 430, 1, 1, 1
27, 1, 38, 325, 366, 430, 1, 1, 1
28, 1, 39, 304, 390, 431, 1, 1, 1
29, 1, 35, 261, 360, 471, 1, 1, 1
30, 1, 38, 232, 374, 494, 1, 1, 1
31, 1, 49, 264, 367, 461, 1, 1, 1
32, 1, 23, 270, 390, 455, 1, 1, 1
33, 1, 46, 244, 368, 472, 1, 1, 1
34, 1, 38, 241, 396, 477, 1, 1, 1
35, 1, 47, 248, 387, 469, 1, 1, 1
36, 1, 31, 231, 406, 478, 1, 1, 1
37, 1, 49, 219, 394, 487, 1, 1, 1
38, 1, 19, 222, 437, 487, 1, 1, 1
39, 1, 2, 240, 449, 459, 1, 1, 1
40, 1, 0, 286, 407, 398, 1, 1, 1
41, 1, 0, 282, 417, 412, 1, 1, 1
42, 1, 0, 318, 434, 348, 1, 1, 1
43, 1, 0, 322, 436, 357, 1, 1, 1
44, 1, 0, 246, 425, 442, 1, 1, 1
45, 1, 0, 263, 420, 442, 1, 1, 1
46, 1, 20, 300, 404, 413, 1, 1, 1
47, 1, 53, 281, 368, 436, 1, 1, 1
48, 1, 53, 306, 385, 414, 1, 1, 1
49, 1, 56, 307, 370, 413, 1, 1, 1
50, 1, 45, 307, 370, 415, 1, 1, 1
51, 1, 45, 319, 352, 424, 1, 1, 1
52, 1, 31, 318, 367, 429, 1, 1, 1
53, 1, 21, 289, 349, 456, 1, 1, 1
54, 1, 8, 318, 348, 429, 1, 1, 1
55, 1, 5, 332, 364, 420, 1, 1, 1
56, 1, 0, 345, 357, 410, 1, 1, 1
57, 1, 0, 341, 345, 413, 1, 1, 1
58, 1, 0, 349, 320, 414, 1, 1, 1
59, 1, 0, 352, 294, 429, 1, 1, 1
60, 1, 0, 381, 292, 402, 1, 1, 1
61, 1, 0, 381, 306, 406, 1, 1, 1
62, 1, 0, 380, 313, 400, 1, 1, 1
63, 1, 0, 375, 344, 412, 1, 1, 1
64, 1, 0, 368, 353, 418, 1, 1, 1
65, 1, 0, 426, 357, 365, 1, 1, 1
66, 1, 17, 445, 441, 341, 1, 1, 1
67, 1, 12, 440, 519, 348, 1, 1, 1
68, 1, 0, 436, 550, 351, 1, 1, 1
69, 1, 0, 446, 485, 348, 1, 1, 1
70, 1, 0, 438, 455, 351, 1, 1, 1
71, 1, 0, 416, 525, 390, 1, 1, 1
72, 1, 5, 424, 449, 385, 1, 1, 1
73, 1, 0, 443, 465, 360, 1, 1, 1
74, 1, 0, 416, 520, 386, 1, 1, 1
75, 1, 0, 422, 423, 388, 1, 1, 1
76, 1, 0, 384, 337, 422, 1, 1, 1
77, 1, 0, 355, 277, 452, 1, 1, 1
78, 1, 0, 359, 219, 453, 1, 1, 1
79, 1, 0, 361, 249, 454, 1, 1, 1
80, 1, 0, 366, 258, 445, 1, 1, 1
81, 1, 0, 377, 254, 441, 1, 1, 1
82, 1, 0, 374, 272, 431, 1, 1, 1
83, 1, 0, 381, 284, 423, 1, 1, 1
84, 1, 0, 380, 279, 422, 1, 1, 1
85, 1, 0, 338, 263, 440, 1, 1, 1
1, 2, 206, 130, 234, 353, 1, 1, 1
2, 2, 207, 116, 234, 360, 1, 1, 1
3, 2, 213, 87, 229, 388, 1, 1, 1
4, 2, 215, 79, 223, 403, 1, 1, 1
5, 2, 209, 85, 233, 418, 1, 1, 1
6, 2, 207, 95, 240, 403, 1, 1, 1
7, 2, 205, 107, 239, 394, 1, 1, 1
8, 2, 231, 107, 226, 402, 1, 1, 1
9, 2, 235, 112, 234, 411, 1, 1, 1
10, 2, 241, 129, 231, 407, 1, 1, 1
11, 2, 249, 138, 228, 411, 1, 1, 1
12, 2, 245, 130, 235, 423, 1, 1, 1
13, 2, 241, 118, 239, 433, 1, 1, 1
14, 2, 236, 125, 246, 420, 1, 1, 1
15, 2, 227, 120, 251, 427, 1, 1, 1
16, 2, 221, 107, 248, 441, 1, 1, 1
17, 2, 228, 111, 250, 450, 1, 1, 1
18, 2, 245, 122, 256, 449, 1, 1, 1
19, 2, 242, 133, 293, 444, 1, 1, 1
20, 2, 247, 128, 289, 455, 1, 1, 1
21, 2, 237, 139, 287, 441, 1, 1, 1
22, 2, 248, 143, 280, 439, 1, 1, 1
23, 2, 280, 147, 237, 442, 1, 1, 1
24, 2, 279, 160, 225, 429, 1, 1, 1
25, 2, 288, 152, 238, 436, 1, 1, 1
26, 2, 234, 160, 274, 427, 1, 1, 1
27, 2, 195, 247, 285, 343, 1, 1, 1
28, 2, 130, 248, 357, 334, 1, 1, 1
29, 2, 155, 266, 331, 314, 1, 1, 1
30, 2, 189, 269, 300, 306, 1, 1, 1
31, 2, 123, 268, 372, 309, 1, 1, 1
32, 2, 132, 254, 358, 326, 1, 1, 1
33, 2, 139, 203, 354, 367, 1, 1, 1
34, 2, 160, 189, 331, 380, 1, 1, 1
35, 2, 196, 179, 301, 387, 1, 1, 1
36, 2, 224, 146, 271, 407, 1, 1, 1
37, 2, 234, 122, 262, 424, 1, 1, 1
38, 2, 239, 112, 265, 437, 1, 1, 1
39, 2, 239, 104, 263, 454, 1, 1, 1
40, 2, 238, 98, 266, 468, 1, 1, 1
41, 2, 239, 119, 273, 451, 1, 1, 1
42, 2, 262, 151, 266, 427, 1, 1, 1
43, 2, 252, 163, 273, 412, 1, 1, 1
44, 2, 252, 187, 263, 399, 1, 1, 1
45, 2, 238, 209, 269, 387, 1, 1, 1
46, 2, 250, 221, 256, 377, 1, 1, 1
47, 2, 250, 221, 254, 377, 1, 1, 1
48, 2, 251, 220, 245, 383, 1, 1, 1
49, 2, 246, 211, 250, 389, 1, 1, 1
50, 2, 231, 210, 259, 395, 1, 1, 1
51, 2, 212, 214, 259, 391, 1, 1, 1
52, 2, 206, 213, 254, 400, 1, 1, 1
53, 2, 205, 202, 242, 403, 1, 1, 1
54, 2, 204, 207, 236, 400, 1, 1, 1
55, 2, 190, 214, 243, 400, 1, 1, 1
56, 2, 174, 216, 243, 397, 1, 1, 1
57, 2, 159, 223, 244, 391, 1, 1, 1
58, 2, 152, 241, 239, 383, 1, 1, 1
59, 2, 129, 256, 243, 376, 1, 1, 1
60, 2, 158, 246, 213, 376, 1, 1, 1
61, 2, 163, 258, 222, 374, 1, 1, 1
62, 2, 157, 248, 243, 384, 1, 1, 1
63, 2, 152, 223, 242, 401, 1, 1, 1
64, 2, 169, 219, 231, 404, 1, 1, 1
65, 2, 162, 235, 260, 376, 1, 1, 1
66, 2, 156, 247, 292, 271, 1, 1, 1
67, 2, 157, 273, 269, 420, 1, 1, 1
68, 2, 158, 256, 251, 446, 1, 1, 1
69, 2, 111, 271, 254, 428, 1, 1, 1
70, 2, 109, 276, 233, 418, 1, 1, 1
71, 2, 125, 253, 216, 438, 1, 1, 1
72, 2, 105, 257, 241, 221, 1, 1, 1
73, 2, 105, 286, 205, 211, 1, 1, 1
1, 3, 354, 244, 22, 18, 1, 1, 1
2, 3, 350, 220, 23, 38, 1, 1, 1
6, 3, 355, 240, 31, 41, 1, 1, 1
7, 3, 353, 230, 31, 58, 1, 1, 1
12, 3, 389, 240, 55, 97, 1, 1, 1
13, 3, 404, 279, 53, 63, 1, 1, 1
14, 3, 382, 241, 91, 143, 1, 1, 1
15, 3, 389, 198, 87, 188, 1, 1, 1
16, 3, 389, 184, 87, 234, 1, 1, 1
17, 3, 406, 284, 79, 148, 1, 1, 1
18, 3, 446, 189, 60, 218, 1, 1, 1
19, 3, 466, 191, 73, 232, 1, 1, 1
20, 3, 464, 213, 77, 219, 1, 1, 1
21, 3, 458, 215, 74, 218, 1, 1, 1
22, 3, 459, 211, 75, 223, 1, 1, 1
23, 3, 440, 235, 88, 225, 1, 1, 1
24, 3, 422, 177, 101, 291, 1, 1, 1
25, 3, 440, 260, 81, 210, 1, 1, 1
26, 3, 422, 216, 90, 263, 1, 1, 1
27, 3, 358, 202, 144, 271, 1, 1, 1
28, 3, 350, 183, 160, 271, 1, 1, 1
29, 3, 350, 186, 169, 266, 1, 1, 1
30, 3, 343, 192, 175, 263, 1, 1, 1
31, 3, 350, 219, 157, 243, 1, 1, 1
32, 3, 345, 226, 158, 235, 1, 1, 1
33, 3, 346, 221, 150, 219, 1, 1, 1
34, 3, 351, 220, 140, 214, 1, 1, 1
35, 3, 346, 178, 136, 182, 1, 1, 1
36, 3, 370, 191, 111, 150, 1, 1, 1
37, 3, 374, 205, 96, 97, 1, 1, 1
38, 3, 361, 143, 110, 151, 1, 1, 1
39, 3, 366, 143, 115, 158, 1, 1, 1
40, 3, 371, 140, 112, 156, 1, 1, 1
41, 3, 379, 172, 93, 120, 1, 1, 1
42, 3, 409, 252, 16, 33, 1, 1, 1
43, 3, 402, 162, 57, 28, 1, 1, 1
44, 3, 400, 175, 120, 166, 1, 1, 1
45, 3, 400, 200, 139, 156, 1, 1, 1
46, 3, 435, 236, 123, 264, 1, 1, 1
