5, 1, 580, 703, 110, 44, 1, 1, 1
6, 1, 488, 682, 24, 97, 1, 1, 1
7, 1, 353, 679, 244, 143, 1, 1, 1
8, 1, 284, 647, 213, 199, 1, 1, 1
9, 1, 239, 672, 353, 175, 1, 1, 1
10, 1, 211, 681, 371, 201, 1, 1, 1
11, 1, 311, 637, 338, 252, 1, 1, 1
12, 1, 229, 659, 313, 168, 1, 1, 1
13, 1, 221, 636, 141, 206, 1, 1, 1
14, 1, 218, 615, 149, 163, 1, 1, 1
15, 1, 238, 612, 115, 128, 1, 1, 1
16, 1, 263, 582, 106, 178, 1, 1, 1
17, 1, 287, 567, 98, 180, 1, 1, 1
18, 1, 311, 566, 95, 169, 1, 1, 1
19, 1, 337, 552, 101, 187, 1, 1, 1
20, 1, 356, 554, 85, 192, 1, 1, 1
21, 1, 374, 551, 91, 186, 1, 1, 1
22, 1, 396, 551, 92, 188, 1, 1, 1
23, 1, 412, 557, 100, 183, 1, 1, 1
24, 1, 426, 568, 83, 173, 1, 1, 1
25, 1, 447, 579, 77, 158, 1, 1, 1
26, 1, 465, 577, 70, 146, 1, 1, 1
27, 1, 468, 579, 76, 143, 1, 1, 1
28, 1, 471, 580, 84, 141, 1, 1, 1
29, 1, 482, 583, 65, 139, 1, 1, 1
30, 1, 466, 585, 83, 139, 1, 1, 1
