5, 5, 1073, 464, 3, 22, 1, 1, 1
6, 5, 1061, 457, 15, 34, 1, 1, 1
7, 5, 1056, 452, 20, 47, 1, 1, 1
8, 5, 1046, 452, 30, 51, 1, 1, 1
9, 5, 1040, 450, 36, 52, 1, 1, 1
10, 5, 1033, 447, 43, 55, 1, 1, 1
11, 5, 1033, 448, 43, 54, 1, 1, 1
12, 5, 1031, 444, 45, 55, 1, 1, 1
13, 5, 1025, 441, 51, 57, 1, 1, 1
14, 5, 1020, 439, 56, 60, 1, 1, 1
15, 5, 1012, 436, 64, 64, 1, 1, 1
20, 5, 960, 417, 116, 81, 1, 1, 1
21, 5, 952, 412, 124, 83, 1, 1, 1
22, 5, 945, 410, 131, 83, 1, 1, 1
23, 5, 936, 410, 140, 83, 1, 1, 1
24, 5, 925, 408, 151, 82, 1, 1, 1
25, 5, 909, 405, 167, 84, 1, 1, 1
29, 5, 864, 410, 85, 72, 1, 1, 1
30, 5, 860, 397, 216, 84, 1, 1, 1
31, 5, 854, 392, 222, 84, 1, 1, 1
32, 5, 848, 391, 228, 85, 1, 1, 1
33, 5, 847, 390, 229, 86, 1, 1, 1
34, 5, 841, 393, 235, 87, 1, 1, 1
35, 5, 836, 390, 240, 84, 1, 1, 1
36, 5, 830, 385, 246, 86, 1, 1, 1
37, 5, 827, 386, 249, 86, 1, 1, 1
38, 5, 824, 385, 252, 87, 1, 1, 1
39, 5, 819, 386, 255, 86, 1, 1, 1
40, 5, 813, 386, 257, 86, 1, 1, 1
41, 5, 810, 389, 256, 85, 1, 1, 1
42, 5, 805, 388, 257, 86, 1, 1, 1
43, 5, 898, 387, 161, 85, 1, 1, 1
48, 5, 772, 388, 99, 84, 1, 1, 1
49, 5, 767, 384, 257, 87, 1, 1, 1
50, 5, 760, 383, 259, 89, 1, 1, 1
51, 5, 752, 384, 261, 88, 1, 1, 1
52, 5, 744, 386, 259, 87, 1, 1, 1
53, 5, 738, 385, 261, 87, 1, 1, 1
54, 5, 730, 386, 261, 87, 1, 1, 1
