45, 3, 935, 532, 105, 214, 1, 1, 1
46, 3, 937, 533, 102, 214, 1, 1, 1
47, 3, 937, 535, 95, 212, 1, 1, 1
48, 3, 938, 535, 86, 212, 1, 1, 1
49, 3, 942, 534, 71, 213, 1, 1, 1
50, 3, 962, 533, 50, 213, 1, 1, 1
51, 3, 957, 533, 57, 214, 1, 1, 1
52, 3, 960, 574, 57, 173, 1, 1, 1
53, 3, 912, 535, 116, 212, 1, 1, 1
54, 3, 895, 535, 133, 214, 1, 1, 1
55, 3, 879, 535, 140, 214, 1, 1, 1
56, 3, 861, 536, 142, 212, 1, 1, 1
57, 3, 847, 535, 150, 216, 1, 1, 1
58, 3, 836, 530, 156, 221, 1, 1, 1
59, 3, 830, 537, 159, 216, 1, 1, 1
60, 3, 820, 536, 167, 216, 1, 1, 1
61, 3, 809, 539, 179, 214, 1, 1, 1
62, 3, 798, 535, 180, 218, 1, 1, 1
63, 3, 786, 537, 181, 217, 1, 1, 1
64, 3, 776, 532, 178, 223, 1, 1, 1
