4, 1, 584, 526, 292, 318, 1, 1, 1
5, 1, 584, 515, 293, 330, 1, 1, 1
6, 1, 586, 503, 306, 338, 1, 1, 1
7, 1, 587, 481, 309, 360, 1, 1, 1
8, 1, 585, 482, 356, 362, 1, 1, 1
9, 1, 607, 487, 409, 338, 1, 1, 1
10, 1, 614, 541, 417, 276, 1, 1, 1
11, 1, 644, 520, 417, 273, 1, 1, 1
12, 1, 675, 513, 375, 264, 1, 1, 1
13, 1, 683, 539, 379, 228, 1, 1, 1
14, 1, 681, 544, 374, 239, 1, 1, 1
15, 1, 685, 553, 367, 230, 1, 1, 1
16, 1, 680, 545, 371, 222, 1, 1, 1
17, 1, 684, 553, 371, 222, 1, 1, 1
18, 1, 681, 559, 371, 228, 1, 1, 1
