12, 4, 2062, 426, 157, 89, 1, 1, 1
13, 4, 2062, 426, 148, 89, 1, 1, 1
14, 4, 2053, 424, 152, 90, 1, 1, 1
15, 4, 2046, 423, 153, 92, 1, 1, 1
16, 4, 2038, 423, 158, 92, 1, 1, 1
17, 4, 2029, 423, 160, 91, 1, 1, 1
18, 4, 2028, 424, 152, 91, 1, 1, 1
19, 4, 2024, 422, 148, 92, 1, 1, 1
20, 4, 2022, 421, 138, 84, 1, 1, 1
21, 4, 2017, 420, 149, 92, 1, 1, 1
22, 4, 2015, 416, 135, 91, 1, 1, 1
23, 4, 2009, 415, 132, 86, 1, 1, 1
24, 4, 2001, 417, 137, 86, 1, 1, 1
25, 4, 1997, 414, 135, 89, 1, 1, 1
26, 4, 1990, 408, 121, 94, 1, 1, 1
27, 4, 1986, 413, 115, 90, 1, 1, 1
28, 4, 1981, 411, 109, 91, 1, 1, 1
29, 4, 1974, 410, 110, 89, 1, 1, 1
30, 4, 1969, 406, 104, 93, 1, 1, 1
31, 4, 1964, 408, 104, 94, 1, 1, 1
32, 4, 1961, 407, 99, 94, 1, 1, 1
33, 4, 1954, 406, 102, 95, 1, 1, 1
34, 4, 1947, 406, 101, 94, 1, 1, 1
35, 4, 1947, 405, 98, 94, 1, 1, 1
36, 4, 1944, 403, 94, 97, 1, 1, 1
37, 4, 1941, 401, 92, 99, 1, 1, 1
38, 4, 1933, 401, 93, 99, 1, 1, 1
39, 4, 1923, 400, 98, 97, 1, 1, 1
40, 4, 1907, 399, 106, 97, 1, 1, 1
41, 4, 1902, 398, 108, 100, 1, 1, 1
42, 4, 1889, 399, 96, 98, 1, 1, 1
43, 4, 1869, 394, 97, 102, 1, 1, 1
44, 4, 1851, 392, 95, 102, 1, 1, 1
45, 4, 1840, 390, 95, 103, 1, 1, 1
46, 4, 1826, 389, 97, 103, 1, 1, 1
47, 4, 1821, 391, 99, 100, 1, 1, 1
48, 4, 1805, 389, 109, 102, 1, 1, 1
49, 4, 1804, 391, 109, 103, 1, 1, 1
50, 4, 1802, 393, 103, 99, 1, 1, 1
51, 4, 1800, 389, 101, 101, 1, 1, 1
52, 4, 1804, 387, 96, 103, 1, 1, 1
53, 4, 1801, 387, 100, 102, 1, 1, 1
54, 4, 1799, 385, 103, 102, 1, 1, 1
55, 4, 1799, 387, 103, 100, 1, 1, 1
56, 4, 1795, 388, 105, 100, 1, 1, 1
57, 4, 1790, 386, 109, 101, 1, 1, 1
58, 4, 1787, 386, 109, 98, 1, 1, 1
59, 4, 1781, 385, 115, 100, 1, 1, 1
60, 4, 1778, 383, 106, 102, 1, 1, 1
61, 4, 1771, 382, 110, 102, 1, 1, 1
62, 4, 1762, 381, 120, 103, 1, 1, 1
63, 4, 1757, 382, 127, 103, 1, 1, 1
64, 4, 1753, 381, 125, 105, 1, 1, 1
65, 4, 1747, 381, 137, 105, 1, 1, 1
66, 4, 1741, 377, 136, 107, 1, 1, 1
67, 4, 1734, 378, 140, 107, 1, 1, 1
68, 4, 1725, 380, 141, 105, 1, 1, 1
69, 4, 1726, 380, 133, 106, 1, 1, 1
70, 4, 1716, 379, 140, 104, 1, 1, 1
71, 4, 1712, 377, 137, 108, 1, 1, 1
72, 4, 1702, 378, 142, 106, 1, 1, 1
73, 4, 1684, 378, 153, 105, 1, 1, 1
74, 4, 1672, 378, 162, 105, 1, 1, 1
75, 4, 1664, 377, 164, 104, 1, 1, 1
76, 4, 1653, 376, 161, 103, 1, 1, 1
77, 4, 1644, 377, 152, 104, 1, 1, 1
78, 4, 1630, 376, 157, 104, 1, 1, 1
79, 4, 1626, 373, 158, 105, 1, 1, 1
80, 4, 1621, 367, 159, 113, 1, 1, 1
81, 4, 1614, 377, 159, 102, 1, 1, 1
82, 4, 1611, 374, 157, 106, 1, 1, 1
83, 4, 1603, 373, 149, 108, 1, 1, 1
84, 4, 1599, 375, 131, 102, 1, 1, 1
85, 4, 1543, 375, 161, 104, 1, 1, 1
86, 4, 1531, 375, 168, 102, 1, 1, 1
87, 4, 1523, 375, 173, 102, 1, 1, 1
88, 4, 1510, 373, 185, 105, 1, 1, 1
89, 4, 1497, 374, 192, 103, 1, 1, 1
90, 4, 1484, 374, 195, 99, 1, 1, 1
91, 4, 1471, 371, 191, 102, 1, 1, 1
92, 4, 1466, 369, 166, 104, 1, 1, 1
93, 4, 1458, 367, 163, 104, 1, 1, 1
94, 4, 1453, 362, 163, 109, 1, 1, 1
95, 4, 1440, 366, 118, 101, 1, 1, 1
96, 4, 1432, 366, 125, 103, 1, 1, 1
97, 4, 1420, 367, 133, 103, 1, 1, 1
98, 4, 1406, 365, 147, 103, 1, 1, 1
99, 4, 1400, 369, 159, 100, 1, 1, 1
100, 4, 1391, 366, 156, 105, 1, 1, 1
101, 4, 1385, 363, 160, 108, 1, 1, 1
102, 4, 1375, 364, 167, 107, 1, 1, 1
103, 4, 1360, 365, 180, 107, 1, 1, 1
104, 4, 1347, 369, 187, 103, 1, 1, 1
105, 4, 1333, 372, 187, 102, 1, 1, 1
106, 4, 1326, 372, 174, 101, 1, 1, 1
107, 4, 1316, 373, 156, 101, 1, 1, 1
108, 4, 1307, 375, 155, 102, 1, 1, 1
109, 4, 1299, 371, 162, 106, 1, 1, 1
110, 4, 1284, 371, 174, 107, 1, 1, 1
111, 4, 1277, 372, 177, 108, 1, 1, 1
112, 4, 1263, 381, 181, 100, 1, 1, 1
113, 4, 1247, 382, 178, 102, 1, 1, 1
114, 4, 1243, 382, 158, 105, 1, 1, 1
115, 4, 1230, 386, 164, 103, 1, 1, 1
116, 4, 1224, 386, 170, 103, 1, 1, 1
117, 4, 1207, 383, 186, 107, 1, 1, 1
118, 4, 1197, 391, 194, 102, 1, 1, 1
119, 4, 1182, 394, 195, 102, 1, 1, 1
120, 4, 1171, 393, 186, 104, 1, 1, 1
121, 4, 1155, 396, 173, 102, 1, 1, 1
122, 4, 1145, 397, 166, 101, 1, 1, 1
123, 4, 1126, 396, 178, 104, 1, 1, 1
124, 4, 1104, 399, 184, 103, 1, 1, 1
125, 4, 1071, 404, 193, 102, 1, 1, 1
126, 4, 1043, 406, 191, 101, 1, 1, 1
127, 4, 1016, 409, 186, 100, 1, 1, 1
128, 4, 999, 407, 167, 104, 1, 1, 1
129, 4, 980, 408, 169, 104, 1, 1, 1
130, 4, 961, 411, 179, 102, 1, 1, 1
131, 4, 943, 414, 190, 99, 1, 1, 1
132, 4, 920, 417, 203, 97, 1, 1, 1
133, 4, 903, 419, 203, 99, 1, 1, 1
134, 4, 893, 420, 191, 99, 1, 1, 1
135, 4, 880, 419, 177, 100, 1, 1, 1
136, 4, 871, 419, 165, 102, 1, 1, 1
137, 4, 851, 421, 185, 99, 1, 1, 1
138, 4, 857, 420, 176, 101, 1, 1, 1
139, 4, 847, 423, 181, 102, 1, 1, 1
140, 4, 829, 424, 190, 101, 1, 1, 1
141, 4, 818, 425, 190, 101, 1, 1, 1
142, 4, 815, 422, 174, 104, 1, 1, 1
143, 4, 798, 423, 168, 104, 1, 1, 1
144, 4, 795, 422, 159, 104, 1, 1, 1
145, 4, 770, 424, 180, 103, 1, 1, 1
146, 4, 766, 426, 181, 101, 1, 1, 1
147, 4, 756, 426, 186, 102, 1, 1, 1
148, 4, 751, 422, 178, 106, 1, 1, 1
201, 2, 1849, 419, 177, 116, 1, 1, 1
202, 2, 1845, 417, 182, 117, 1, 1, 1
203, 2, 1841, 421, 184, 114, 1, 1, 1
204, 2, 1834, 425, 185, 115, 1, 1, 1
205, 2, 1832, 425, 178, 116, 1, 1, 1
206, 2, 1827, 425, 173, 107, 1, 1, 1
207, 2, 1821, 422, 172, 108, 1, 1, 1
208, 2, 1820, 421, 170, 108, 1, 1, 1
209, 2, 1817, 415, 175, 115, 1, 1, 1
210, 2, 1816, 413, 179, 117, 1, 1, 1
211, 2, 1811, 411, 186, 119, 1, 1, 1
212, 2, 1808, 411, 188, 118, 1, 1, 1
213, 2, 1806, 411, 191, 116, 1, 1, 1
214, 2, 1801, 412, 194, 113, 1, 1, 1
215, 2, 1800, 407, 184, 115, 1, 1, 1
216, 2, 1796, 408, 180, 113, 1, 1, 1
217, 2, 1795, 405, 157, 115, 1, 1, 1
218, 2, 1790, 402, 161, 115, 1, 1, 1
219, 2, 1788, 401, 164, 116, 1, 1, 1
220, 2, 1783, 400, 169, 115, 1, 1, 1
221, 2, 1780, 399, 172, 113, 1, 1, 1
222, 2, 1773, 399, 173, 113, 1, 1, 1
223, 2, 1762, 399, 181, 111, 1, 1, 1
224, 2, 1750, 398, 190, 114, 1, 1, 1
225, 2, 1744, 397, 179, 109, 1, 1, 1
226, 2, 1741, 397, 171, 108, 1, 1, 1
227, 2, 1734, 396, 159, 111, 1, 1, 1
228, 2, 1718, 394, 163, 112, 1, 1, 1
229, 2, 1712, 396, 169, 111, 1, 1, 1
230, 2, 1708, 395, 174, 111, 1, 1, 1
231, 2, 1703, 393, 178, 114, 1, 1, 1
232, 2, 1702, 393, 178, 115, 1, 1, 1
233, 2, 1697, 393, 178, 116, 1, 1, 1
234, 2, 1692, 394, 180, 116, 1, 1, 1
235, 2, 1688, 388, 180, 122, 1, 1, 1
236, 2, 1684, 397, 172, 114, 1, 1, 1
237, 2, 1680, 395, 164, 116, 1, 1, 1
238, 2, 1675, 396, 171, 114, 1, 1, 1
239, 2, 1671, 395, 171, 116, 1, 1, 1
240, 2, 1664, 391, 176, 121, 1, 1, 1
241, 2, 1655, 393, 181, 119, 1, 1, 1
242, 2, 1649, 394, 185, 117, 1, 1, 1
243, 2, 1642, 392, 193, 120, 1, 1, 1
244, 2, 1632, 396, 188, 116, 1, 1, 1
245, 2, 1623, 395, 193, 112, 1, 1, 1
246, 2, 1611, 397, 165, 98, 1, 1, 1
247, 2, 1603, 394, 162, 100, 1, 1, 1
248, 2, 1599, 393, 156, 100, 1, 1, 1
249, 2, 1584, 390, 162, 104, 1, 1, 1
250, 2, 1579, 388, 158, 105, 1, 1, 1
251, 2, 1572, 387, 158, 106, 1, 1, 1
252, 2, 1557, 386, 172, 107, 1, 1, 1
253, 2, 1554, 390, 168, 102, 1, 1, 1
254, 2, 1550, 386, 167, 104, 1, 1, 1
255, 2, 1550, 388, 156, 103, 1, 1, 1
256, 2, 1546, 385, 158, 107, 1, 1, 1
257, 2, 1543, 384, 151, 105, 1, 1, 1
258, 2, 1535, 379, 155, 110, 1, 1, 1
259, 2, 1531, 378, 151, 111, 1, 1, 1
260, 2, 1525, 376, 153, 111, 1, 1, 1
261, 2, 1526, 379, 150, 109, 1, 1, 1
262, 2, 1530, 381, 143, 108, 1, 1, 1
263, 2, 1524, 382, 144, 106, 1, 1, 1
264, 2, 1521, 383, 151, 106, 1, 1, 1
265, 2, 1473, 384, 172, 104, 1, 1, 1
266, 2, 1463, 379, 159, 111, 1, 1, 1
