1, 4, 518, 338, 615, 85, 1, 1, 1
2, 4, 527, 341, 617, 83, 1, 1, 1
3, 4, 525, 338, 609, 85, 1, 1, 1
4, 4, 524, 338, 615, 84, 1, 1, 1
5, 4, 523, 339, 638, 86, 1, 1, 1
6, 4, 544, 335, 615, 94, 1, 1, 1
7, 4, 547, 340, 609, 89, 1, 1, 1
8, 4, 553, 339, 609, 89, 1, 1, 1
9, 4, 554, 338, 612, 90, 1, 1, 1
10, 4, 550, 327, 623, 102, 1, 1, 1
11, 4, 560, 324, 611, 104, 1, 1, 1
12, 4, 570, 318, 598, 117, 1, 1, 1
13, 4, 576, 320, 594, 116, 1, 1, 1
14, 4, 581, 315, 591, 124, 1, 1, 1
15, 4, 580, 298, 591, 138, 1, 1, 1
16, 4, 595, 297, 574, 156, 1, 1, 1
17, 4, 585, 313, 589, 129, 1, 1, 1
18, 4, 588, 313, 671, 133, 1, 1, 1
19, 4, 591, 313, 689, 151, 1, 1, 1
20, 4, 581, 310, 699, 142, 1, 1, 1
21, 4, 584, 306, 696, 161, 1, 1, 1
22, 4, 587, 312, 693, 124, 1, 1, 1
23, 4, 590, 310, 690, 124, 1, 1, 1
24, 4, 595, 307, 685, 125, 1, 1, 1
25, 4, 588, 306, 692, 133, 1, 1, 1
