12, 3, 370, 183, 695, 725, 1, 1, 1
13, 3, 366, 238, 824, 670, 1, 1, 1
14, 3, 405, 335, 878, 573, 1, 1, 1
15, 3, 455, 343, 942, 565, 1, 1, 1
16, 3, 462, 250, 1011, 658, 1, 1, 1
17, 3, 608, 229, 877, 342, 1, 1, 1
18, 3, 1047, 229, 478, 324, 1, 1, 1
19, 3, 1043, 188, 579, 720, 1, 1, 1
20, 3, 1037, 170, 645, 382, 1, 1, 1
17, 2, 115, 377, 371, 531, 1, 1, 1
18, 2, 128, 444, 495, 464, 1, 1, 1
19, 2, 285, 440, 384, 440, 1, 1, 1
20, 2, 296, 441, 349, 408, 1, 1, 1
21, 2, 306, 452, 339, 454, 1, 1, 1
22, 2, 303, 462, 348, 376, 1, 1, 1
23, 2, 407, 471, 227, 284, 1, 1, 1
24, 2, 456, 511, 168, 71, 1, 1, 1
31, 2, 1527, 719, 90, 189, 1, 1, 1
32, 2, 1546, 536, 363, 372, 1, 1, 1
33, 2, 1567, 452, 353, 456, 1, 1, 1
34, 2, 1578, 457, 342, 451, 1, 1, 1
35, 2, 1486, 458, 434, 354, 1, 1, 1
