30, 3, 1004, 464, 225, 166, 1, 1, 1
31, 3, 999, 444, 216, 205, 1, 1, 1
32, 3, 1000, 457, 134, 216, 1, 1, 1
33, 3, 928, 456, 117, 209, 1, 1, 1
34, 3, 839, 464, 153, 212, 1, 1, 1
35, 3, 753, 467, 217, 197, 1, 1, 1
36, 3, 705, 461, 219, 174, 1, 1, 1
37, 3, 656, 437, 220, 193, 1, 1, 1
38, 3, 610, 423, 216, 158, 1, 1, 1
39, 3, 611, 404, 184, 159, 1, 1, 1
40, 3, 655, 379, 83, 106, 1, 1, 1
41, 3, 678, 365, 113, 164, 1, 1, 1
42, 3, 684, 370, 172, 157, 1, 1, 1
43, 3, 715, 383, 192, 117, 1, 1, 1
44, 3, 778, 360, 192, 105, 1, 1, 1
45, 3, 864, 379, 146, 133, 1, 1, 1
46, 3, 886, 351, 176, 193, 1, 1, 1
47, 3, 970, 394, 138, 181, 1, 1, 1
30, 4, 1045, 418, 187, 145, 1, 1, 1
31, 4, 1012, 399, 175, 124, 1, 1, 1
32, 4, 1018, 407, 150, 203, 1, 1, 1
33, 4, 1005, 422, 116, 227, 1, 1, 1
34, 4, 938, 454, 160, 222, 1, 1, 1
35, 4, 856, 479, 269, 187, 1, 1, 1
36, 4, 794, 480, 255, 185, 1, 1, 1
37, 4, 739, 488, 261, 177, 1, 1, 1
38, 4, 674, 491, 279, 172, 1, 1, 1
39, 4, 606, 457, 248, 164, 1, 1, 1
40, 4, 590, 388, 202, 207, 1, 1, 1
41, 4, 561, 392, 129, 137, 1, 1, 1
42, 4, 531, 376, 178, 117, 1, 1, 1
43, 4, 587, 349, 195, 125, 1, 1, 1
44, 4, 662, 335, 198, 123, 1, 1, 1
45, 4, 778, 330, 182, 92, 1, 1, 1
46, 4, 880, 367, 203, 149, 1, 1, 1
47, 4, 945, 365, 250, 201, 1, 1, 1
