401, 19, 512, 288, 316, 792, 1, 1, 1
402, 19, 533, 288, 321, 792, 1, 1, 1
403, 19, 563, 284, 313, 796, 1, 1, 1
404, 19, 580, 227, 309, 853, 1, 1, 1
405, 19, 602, 197, 283, 883, 1, 1, 1
406, 19, 620, 184, 253, 832, 1, 1, 1
407, 19, 622, 176, 234, 854, 1, 1, 1
408, 19, 613, 167, 228, 875, 1, 1, 1
409, 19, 643, 162, 180, 918, 1, 1, 1
410, 19, 630, 160, 173, 920, 1, 1, 1
411, 19, 604, 163, 180, 917, 1, 1, 1
412, 19, 519, 164, 243, 916, 1, 1, 1
413, 19, 456, 166, 287, 914, 1, 1, 1
414, 19, 407, 165, 320, 915, 1, 1, 1
415, 19, 341, 166, 366, 914, 1, 1, 1
416, 19, 299, 161, 390, 919, 1, 1, 1
417, 19, 274, 153, 394, 927, 1, 1, 1
418, 19, 244, 148, 402, 932, 1, 1, 1
419, 19, 214, 144, 414, 936, 1, 1, 1
420, 19, 183, 141, 423, 939, 1, 1, 1
421, 19, 157, 135, 435, 945, 1, 1, 1
422, 19, 135, 126, 445, 954, 1, 1, 1
423, 19, 120, 116, 454, 964, 1, 1, 1
424, 19, 113, 103, 458, 977, 1, 1, 1
425, 19, 105, 91, 467, 989, 1, 1, 1
426, 19, 98, 84, 473, 996, 1, 1, 1
427, 19, 89, 81, 478, 999, 1, 1, 1
428, 19, 85, 75, 484, 1005, 1, 1, 1
429, 19, 79, 63, 489, 1017, 1, 1, 1
430, 19, 32, 54, 532, 1026, 1, 1, 1
431, 19, 56, 43, 503, 1037, 1, 1, 1
432, 19, 39, 42, 511, 1038, 1, 1, 1
433, 19, 16, 43, 522, 1037, 1, 1, 1
434, 19, 0, 54, 518, 1026, 1, 1, 1
