9, 1, 7, 218, 489, 707, 1, 1, 1
10, 1, 38, 261, 514, 664, 1, 1, 1
11, 1, 55, 296, 431, 626, 1, 1, 1
12, 1, 70, 294, 619, 650, 1, 1, 1
13, 1, 66, 277, 811, 666, 1, 1, 1
14, 1, 0, 277, 967, 678, 1, 1, 1
15, 1, 125, 273, 890, 676, 1, 1, 1
16, 1, 115, 286, 999, 644, 1, 1, 1
17, 1, 78, 266, 1050, 678, 1, 1, 1
18, 1, 203, 247, 952, 689, 1, 1, 1
19, 1, 218, 251, 978, 684, 1, 1, 1
20, 1, 203, 252, 1035, 657, 1, 1, 1
21, 1, 368, 243, 909, 690, 1, 1, 1
22, 1, 404, 235, 921, 696, 1, 1, 1
23, 1, 403, 250, 921, 677, 1, 1, 1
24, 1, 437, 258, 1041, 683, 1, 1, 1
25, 1, 595, 258, 761, 664, 1, 1, 1
26, 1, 701, 251, 917, 665, 1, 1, 1
27, 1, 747, 181, 915, 741, 1, 1, 1
28, 1, 779, 262, 977, 664, 1, 1, 1
29, 1, 785, 252, 1058, 688, 1, 1, 1
30, 1, 968, 243, 947, 686, 1, 1, 1
31, 1, 1018, 238, 902, 686, 1, 1, 1
32, 1, 1031, 245, 889, 682, 1, 1, 1
33, 1, 1062, 239, 858, 702, 1, 1, 1
34, 1, 1116, 239, 804, 683, 1, 1, 1
35, 1, 1252, 244, 668, 681, 1, 1, 1
36, 1, 1186, 243, 734, 674, 1, 1, 1
37, 1, 1271, 245, 648, 670, 1, 1, 1
38, 1, 1195, 255, 725, 654, 1, 1, 1
39, 1, 1269, 254, 651, 662, 1, 1, 1
40, 1, 1271, 215, 649, 684, 1, 1, 1
41, 1, 1261, 261, 658, 631, 1, 1, 1
42, 1, 1303, 256, 617, 628, 1, 1, 1
