28, 3, 791, 514, 164, 186, 1, 1, 1
29, 3, 818, 499, 167, 197, 1, 1, 1
30, 3, 823, 500, 179, 193, 1, 1, 1
31, 3, 835, 502, 186, 190, 1, 1, 1
32, 3, 835, 504, 190, 188, 1, 1, 1
33, 3, 866, 498, 175, 184, 1, 1, 1
34, 3, 870, 495, 180, 182, 1, 1, 1
35, 3, 885, 496, 173, 177, 1, 1, 1
36, 3, 886, 492, 177, 180, 1, 1, 1
37, 3, 891, 491, 182, 184, 1, 1, 1
38, 3, 901, 485, 182, 186, 1, 1, 1
38, 4, 804, 444, 227, 211, 1, 1, 1
39, 4, 812, 440, 233, 213, 1, 1, 1
40, 4, 825, 433, 218, 214, 1, 1, 1
41, 4, 832, 433, 223, 213, 1, 1, 1
42, 4, 830, 432, 221, 214, 1, 1, 1
43, 4, 834, 432, 216, 224, 1, 1, 1
44, 4, 840, 432, 214, 213, 1, 1, 1
45, 4, 853, 430, 230, 226, 1, 1, 1
46, 4, 862, 425, 194, 215, 1, 1, 1
47, 4, 873, 426, 200, 195, 1, 1, 1
48, 4, 909, 425, 173, 206, 1, 1, 1
49, 4, 898, 423, 187, 224, 1, 1, 1
50, 4, 870, 426, 220, 204, 1, 1, 1
51, 4, 852, 424, 244, 209, 1, 1, 1
52, 4, 865, 422, 235, 198, 1, 1, 1
53, 4, 865, 423, 236, 206, 1, 1, 1
54, 4, 906, 421, 203, 211, 1, 1, 1
55, 4, 907, 420, 206, 209, 1, 1, 1
55, 1, 191, 213, 484, 401, 1, 1, 1
56, 1, 200, 215, 481, 380, 1, 1, 1
57, 1, 205, 222, 480, 381, 1, 1, 1
58, 1, 212, 231, 479, 387, 1, 1, 1
59, 1, 216, 234, 484, 386, 1, 1, 1
60, 1, 215, 238, 488, 392, 1, 1, 1
61, 1, 224, 246, 487, 367, 1, 1, 1
62, 1, 232, 245, 487, 363, 1, 1, 1
63, 1, 245, 247, 488, 367, 1, 1, 1
64, 1, 258, 253, 481, 355, 1, 1, 1
65, 1, 273, 255, 472, 362, 1, 1, 1
66, 1, 288, 256, 477, 371, 1, 1, 1
67, 1, 300, 262, 470, 371, 1, 1, 1
68, 1, 313, 265, 467, 370, 1, 1, 1
69, 1, 316, 267, 471, 357, 1, 1, 1
70, 1, 318, 261, 471, 360, 1, 1, 1
