84, 1, 0, 303, 406, 417, 1, 1, 1
85, 1, 0, 305, 397, 415, 1, 1, 1
86, 1, 0, 312, 384, 408, 1, 1, 1
87, 1, 0, 323, 359, 397, 1, 1, 1
88, 1, 0, 343, 336, 377, 1, 1, 1
89, 1, 0, 357, 296, 363, 1, 1, 1
90, 1, 0, 367, 243, 353, 1, 1, 1
91, 1, 0, 391, 183, 329, 1, 1, 1
92, 1, 0, 416, 131, 304, 1, 1, 1
93, 1, 0, 475, 61, 245, 1, 1, 1
48, 4, 921, 190, 248, 187, 1, 1, 1
49, 4, 922, 184, 274, 189, 1, 1, 1
50, 4, 936, 183, 285, 194, 1, 1, 1
51, 4, 947, 185, 281, 190, 1, 1, 1
52, 4, 932, 181, 283, 195, 1, 1, 1
53, 4, 955, 180, 241, 194, 1, 1, 1
54, 4, 975, 180, 209, 192, 1, 1, 1
55, 4, 983, 179, 205, 197, 1, 1, 1
56, 4, 1000, 175, 194, 198, 1, 1, 1
57, 4, 1064, 177, 129, 230, 1, 1, 1
58, 4, 1080, 175, 108, 194, 1, 1, 1
59, 4, 1089, 174, 101, 195, 1, 1, 1
60, 4, 1101, 172, 95, 183, 1, 1, 1
61, 4, 1085, 169, 122, 177, 1, 1, 1
62, 4, 1075, 165, 140, 95, 1, 1, 1
63, 4, 1054, 167, 157, 188, 1, 1, 1
64, 4, 1023, 171, 167, 166, 1, 1, 1
65, 4, 994, 176, 178, 170, 1, 1, 1
66, 4, 976, 175, 184, 166, 1, 1, 1
67, 4, 962, 171, 192, 161, 1, 1, 1
68, 4, 953, 167, 176, 185, 1, 1, 1
69, 4, 938, 166, 184, 188, 1, 1, 1
70, 4, 928, 161, 188, 195, 1, 1, 1
71, 4, 922, 162, 195, 181, 1, 1, 1
72, 4, 963, 195, 154, 163, 1, 1, 1
73, 4, 963, 198, 154, 162, 1, 1, 1
74, 4, 967, 193, 153, 166, 1, 1, 1
75, 4, 967, 276, 125, 83, 1, 1, 1
76, 4, 967, 257, 133, 104, 1, 1, 1
77, 4, 970, 267, 123, 96, 1, 1, 1
78, 4, 958, 241, 165, 120, 1, 1, 1
79, 4, 928, 264, 194, 87, 1, 1, 1
80, 4, 882, 183, 245, 166, 1, 1, 1
81, 4, 877, 182, 200, 169, 1, 1, 1
82, 4, 862, 181, 213, 161, 1, 1, 1
83, 4, 859, 180, 210, 170, 1, 1, 1
84, 4, 850, 185, 186, 158, 1, 1, 1
85, 4, 852, 186, 196, 157, 1, 1, 1
86, 4, 849, 185, 170, 158, 1, 1, 1
87, 4, 848, 187, 164, 157, 1, 1, 1
88, 4, 848, 193, 154, 163, 1, 1, 1
89, 4, 835, 196, 151, 157, 1, 1, 1
90, 4, 816, 196, 154, 159, 1, 1, 1
91, 4, 795, 199, 151, 167, 1, 1, 1
92, 4, 772, 209, 144, 173, 1, 1, 1
93, 4, 759, 214, 130, 172, 1, 1, 1
94, 4, 744, 206, 121, 176, 1, 1, 1
95, 4, 730, 207, 116, 178, 1, 1, 1
96, 4, 716, 214, 115, 179, 1, 1, 1
97, 4, 710, 217, 116, 178, 1, 1, 1
98, 4, 701, 215, 128, 182, 1, 1, 1
99, 4, 695, 215, 136, 187, 1, 1, 1
100, 4, 695, 217, 134, 200, 1, 1, 1
101, 4, 694, 227, 131, 204, 1, 1, 1
102, 4, 702, 230, 118, 202, 1, 1, 1
48, 5, 868, 144, 196, 165, 1, 1, 1
49, 5, 861, 140, 202, 164, 1, 1, 1
50, 5, 871, 136, 192, 165, 1, 1, 1
51, 5, 871, 135, 187, 164, 1, 1, 1
52, 5, 868, 135, 174, 164, 1, 1, 1
53, 5, 861, 135, 158, 163, 1, 1, 1
54, 5, 852, 135, 152, 161, 1, 1, 1
55, 5, 860, 135, 140, 170, 1, 1, 1
56, 5, 867, 131, 128, 174, 1, 1, 1
57, 5, 869, 130, 117, 174, 1, 1, 1
58, 5, 863, 131, 115, 161, 1, 1, 1
59, 5, 865, 133, 130, 178, 1, 1, 1
60, 5, 877, 132, 170, 172, 1, 1, 1
61, 5, 890, 132, 145, 181, 1, 1, 1
62, 5, 895, 130, 154, 174, 1, 1, 1
63, 5, 890, 133, 164, 178, 1, 1, 1
64, 5, 870, 137, 194, 181, 1, 1, 1
65, 5, 849, 146, 180, 181, 1, 1, 1
66, 5, 835, 149, 197, 177, 1, 1, 1
67, 5, 830, 147, 201, 194, 1, 1, 1
68, 5, 828, 150, 198, 194, 1, 1, 1
69, 5, 832, 153, 221, 194, 1, 1, 1
70, 5, 833, 153, 250, 192, 1, 1, 1
71, 5, 836, 155, 252, 193, 1, 1, 1
72, 5, 838, 159, 259, 189, 1, 1, 1
73, 5, 840, 163, 271, 190, 1, 1, 1
74, 5, 847, 163, 266, 192, 1, 1, 1
75, 5, 849, 164, 284, 191, 1, 1, 1
76, 5, 855, 166, 289, 190, 1, 1, 1
77, 5, 865, 169, 293, 189, 1, 1, 1
78, 5, 873, 172, 285, 188, 1, 1, 1
79, 5, 884, 173, 276, 201, 1, 1, 1
80, 5, 901, 176, 261, 199, 1, 1, 1
81, 5, 917, 178, 249, 197, 1, 1, 1
82, 5, 925, 181, 244, 196, 1, 1, 1
83, 5, 925, 186, 245, 191, 1, 1, 1
84, 5, 933, 190, 239, 188, 1, 1, 1
85, 5, 971, 189, 202, 189, 1, 1, 1
86, 5, 987, 190, 189, 185, 1, 1, 1
87, 5, 990, 195, 190, 182, 1, 1, 1
88, 5, 1005, 196, 178, 184, 1, 1, 1
89, 5, 1062, 199, 114, 182, 1, 1, 1
90, 5, 1074, 200, 94, 183, 1, 1, 1
91, 5, 1059, 208, 89, 178, 1, 1, 1
92, 5, 1046, 217, 77, 178, 1, 1, 1
93, 5, 1045, 218, 60, 162, 1, 1, 1
94, 5, 1055, 214, 41, 163, 1, 1, 1
95, 5, 1048, 215, 40, 158, 1, 1, 1
96, 5, 1041, 217, 44, 109, 1, 1, 1
97, 5, 1027, 216, 61, 88, 1, 1, 1
98, 5, 1023, 211, 72, 137, 1, 1, 1
99, 5, 1012, 213, 87, 141, 1, 1, 1
100, 5, 994, 216, 108, 143, 1, 1, 1
101, 5, 975, 219, 125, 151, 1, 1, 1
102, 5, 960, 216, 141, 149, 1, 1, 1
103, 5, 950, 216, 158, 149, 1, 1, 1
104, 5, 935, 217, 174, 149, 1, 1, 1
105, 5, 919, 216, 184, 149, 1, 1, 1
106, 5, 900, 216, 198, 153, 1, 1, 1
107, 5, 880, 216, 204, 151, 1, 1, 1
108, 5, 861, 217, 205, 151, 1, 1, 1
48, 6, 820, 175, 94, 142, 1, 1, 1
49, 6, 822, 172, 92, 142, 1, 1, 1
50, 6, 821, 170, 99, 136, 1, 1, 1
51, 6, 819, 164, 121, 153, 1, 1, 1
52, 6, 809, 164, 143, 157, 1, 1, 1
53, 6, 795, 168, 158, 152, 1, 1, 1
54, 6, 786, 167, 177, 162, 1, 1, 1
55, 6, 794, 167, 192, 161, 1, 1, 1
56, 6, 804, 167, 206, 158, 1, 1, 1
57, 6, 811, 167, 230, 173, 1, 1, 1
58, 6, 824, 173, 237, 167, 1, 1, 1
59, 6, 830, 180, 255, 162, 1, 1, 1
60, 6, 849, 181, 271, 166, 1, 1, 1
61, 6, 893, 182, 263, 167, 1, 1, 1
62, 6, 908, 182, 289, 164, 1, 1, 1
63, 6, 917, 193, 277, 167, 1, 1, 1
64, 6, 943, 198, 241, 166, 1, 1, 1
65, 6, 930, 209, 237, 162, 1, 1, 1
66, 6, 935, 213, 220, 163, 1, 1, 1
67, 6, 973, 211, 176, 164, 1, 1, 1
68, 6, 989, 222, 162, 155, 1, 1, 1
69, 6, 1001, 224, 154, 156, 1, 1, 1
70, 6, 1065, 221, 89, 159, 1, 1, 1
71, 6, 1067, 224, 86, 168, 1, 1, 1
72, 6, 1093, 226, 59, 168, 1, 1, 1
73, 6, 1099, 222, 54, 210, 1, 1, 1
74, 6, 1102, 214, 55, 196, 1, 1, 1
75, 6, 1102, 210, 53, 177, 1, 1, 1
76, 6, 1133, 209, 23, 44, 1, 1, 1
78, 6, 1086, 260, 60, 56, 1, 1, 1
89, 6, 1047, 205, 47, 34, 1, 1, 1
90, 6, 1022, 204, 78, 108, 1, 1, 1
91, 6, 987, 204, 110, 122, 1, 1, 1
92, 6, 951, 208, 128, 116, 1, 1, 1
93, 6, 919, 209, 144, 129, 1, 1, 1
94, 6, 896, 203, 155, 128, 1, 1, 1
95, 6, 870, 203, 151, 128, 1, 1, 1
96, 6, 850, 204, 154, 128, 1, 1, 1
97, 6, 833, 205, 153, 123, 1, 1, 1
98, 6, 822, 205, 153, 127, 1, 1, 1
99, 6, 811, 205, 154, 123, 1, 1, 1
100, 6, 793, 208, 155, 121, 1, 1, 1
101, 6, 775, 211, 159, 123, 1, 1, 1
102, 6, 762, 211, 156, 117, 1, 1, 1
103, 6, 757, 212, 150, 111, 1, 1, 1
104, 6, 749, 210, 146, 108, 1, 1, 1
105, 6, 732, 211, 149, 116, 1, 1, 1
106, 6, 715, 214, 148, 109, 1, 1, 1
107, 6, 696, 217, 150, 106, 1, 1, 1
108, 6, 685, 218, 146, 104, 1, 1, 1
