65, 4, 825, 51, 391, 956, 1, 1, 1
66, 4, 851, 69, 369, 924, 1, 1, 1
67, 4, 877, 77, 352, 911, 1, 1, 1
68, 4, 904, 88, 331, 884, 1, 1, 1
69, 4, 928, 108, 310, 841, 1, 1, 1
70, 4, 941, 134, 296, 795, 1, 1, 1
71, 4, 947, 149, 286, 766, 1, 1, 1
72, 4, 947, 151, 278, 748, 1, 1, 1
73, 4, 945, 147, 266, 743, 1, 1, 1
74, 4, 919, 142, 272, 730, 1, 1, 1
75, 4, 876, 141, 292, 715, 1, 1, 1
76, 4, 831, 139, 314, 704, 1, 1, 1
77, 4, 785, 138, 336, 695, 1, 1, 1
78, 4, 745, 135, 353, 671, 1, 1, 1
79, 4, 705, 131, 363, 654, 1, 1, 1
80, 4, 668, 125, 373, 640, 1, 1, 1
81, 4, 637, 115, 371, 621, 1, 1, 1
82, 4, 603, 104, 370, 612, 1, 1, 1
83, 4, 558, 98, 385, 602, 1, 1, 1
84, 4, 518, 91, 389, 598, 1, 1, 1
85, 4, 534, 90, 339, 592, 1, 1, 1
86, 4, 507, 89, 345, 586, 1, 1, 1
87, 4, 486, 535, 344, 136, 1, 1, 1
88, 4, 418, 502, 419, 164, 1, 1, 1
89, 4, 441, 494, 393, 169, 1, 1, 1
90, 4, 400, 493, 425, 170, 1, 1, 1
91, 4, 399, 498, 443, 171, 1, 1, 1
