1, 3, 442, 93, 286, 551, 1, 1, 1
2, 3, 443, 38, 375, 599, 1, 1, 1
3, 3, 464, 0, 490, 635, 1, 1, 1
4, 3, 494, 0, 540, 600, 1, 1, 1
5, 3, 558, 0, 522, 416, 1, 1, 1
6, 3, 591, 0, 552, 389, 1, 1, 1
7, 3, 577, 0, 576, 393, 1, 1, 1
8, 3, 539, 0, 615, 390, 1, 1, 1
9, 3, 546, 0, 663, 395, 1, 1, 1
10, 3, 549, 0, 659, 392, 1, 1, 1
11, 3, 566, 0, 683, 384, 1, 1, 1
12, 3, 647, 0, 673, 371, 1, 1, 1
13, 3, 776, 0, 596, 291, 1, 1, 1
14, 3, 944, 0, 441, 272, 1, 1, 1
15, 3, 1041, 0, 341, 274, 1, 1, 1
16, 3, 1032, 0, 360, 279, 1, 1, 1
17, 3, 1040, 0, 336, 272, 1, 1, 1
