21, 7, 1160, 506, 606, 65, 1, 1, 1
22, 7, 1110, 501, 656, 181, 1, 1, 1
23, 7, 1064, 494, 702, 192, 1, 1, 1
24, 7, 1022, 492, 744, 201, 1, 1, 1
25, 7, 977, 495, 789, 210, 1, 1, 1
26, 7, 933, 496, 401, 218, 1, 1, 1
27, 7, 880, 490, 463, 230, 1, 1, 1
28, 7, 813, 478, 533, 236, 1, 1, 1
29, 7, 743, 462, 599, 243, 1, 1, 1
30, 7, 676, 449, 655, 244, 1, 1, 1
31, 7, 615, 439, 706, 243, 1, 1, 1
32, 7, 563, 430, 757, 250, 1, 1, 1
33, 7, 518, 422, 810, 248, 1, 1, 1
34, 7, 472, 416, 861, 249, 1, 1, 1
35, 7, 444, 409, 911, 247, 1, 1, 1
36, 7, 430, 389, 968, 262, 1, 1, 1
37, 7, 424, 397, 1018, 249, 1, 1, 1
38, 7, 412, 378, 1073, 260, 1, 1, 1
39, 7, 398, 374, 1118, 251, 1, 1, 1
40, 7, 385, 365, 1167, 250, 1, 1, 1
41, 7, 369, 352, 1203, 249, 1, 1, 1
42, 7, 354, 325, 1234, 263, 1, 1, 1
43, 7, 340, 280, 1257, 297, 1, 1, 1
44, 7, 323, 234, 1279, 333, 1, 1, 1
45, 7, 304, 193, 1296, 365, 1, 1, 1
46, 7, 279, 154, 1329, 400, 1, 1, 1
47, 7, 251, 114, 1371, 435, 1, 1, 1
48, 7, 227, 102, 1402, 445, 1, 1, 1
49, 7, 222, 100, 1408, 443, 1, 1, 1
