50, 1, 279, 49, 73, 184, 1, 1, 1
51, 1, 278, 54, 88, 174, 1, 1, 1
52, 1, 279, 59, 94, 162, 1, 1, 1
53, 1, 277, 65, 114, 158, 1, 1, 1
54, 1, 275, 88, 129, 136, 1, 1, 1
55, 1, 277, 88, 130, 134, 1, 1, 1
56, 1, 285, 114, 132, 112, 1, 1, 1
57, 1, 298, 122, 127, 106, 1, 1, 1
58, 1, 301, 127, 133, 103, 1, 1, 1
59, 1, 305, 127, 132, 104, 1, 1, 1
60, 1, 302, 129, 139, 101, 1, 1, 1
61, 1, 313, 133, 130, 98, 1, 1, 1
62, 1, 304, 130, 143, 101, 1, 1, 1
63, 1, 314, 131, 138, 101, 1, 1, 1
64, 1, 319, 134, 137, 97, 1, 1, 1
65, 1, 301, 117, 160, 115, 1, 1, 1
66, 1, 306, 120, 157, 112, 1, 1, 1
67, 1, 305, 120, 162, 113, 1, 1, 1
68, 1, 324, 131, 147, 98, 1, 1, 1
69, 1, 323, 131, 153, 94, 1, 1, 1
70, 1, 328, 121, 159, 94, 1, 1, 1
71, 1, 308, 139, 209, 68, 1, 1, 1
72, 1, 306, 140, 242, 63, 1, 1, 1
73, 1, 323, 120, 252, 81, 1, 1, 1
74, 1, 356, 117, 247, 88, 1, 1, 1
75, 1, 420, 130, 205, 77, 1, 1, 1
76, 1, 416, 107, 238, 102, 1, 1, 1
77, 1, 449, 135, 223, 76, 1, 1, 1
78, 1, 462, 141, 230, 74, 1, 1, 1
79, 1, 491, 150, 214, 72, 1, 1, 1
80, 1, 495, 148, 227, 82, 1, 1, 1
81, 1, 539, 152, 205, 86, 1, 1, 1
82, 1, 533, 152, 219, 86, 1, 1, 1
83, 1, 573, 160, 180, 81, 1, 1, 1
84, 1, 559, 160, 206, 82, 1, 1, 1
85, 1, 572, 165, 197, 78, 1, 1, 1
86, 1, 576, 165, 191, 82, 1, 1, 1
87, 1, 574, 164, 197, 85, 1, 1, 1
88, 1, 593, 164, 190, 88, 1, 1, 1
89, 1, 579, 173, 204, 84, 1, 1, 1
90, 1, 592, 166, 196, 94, 1, 1, 1
91, 1, 607, 174, 186, 89, 1, 1, 1
92, 1, 601, 172, 204, 94, 1, 1, 1
93, 1, 608, 171, 198, 99, 1, 1, 1
94, 1, 606, 176, 207, 99, 1, 1, 1
95, 1, 628, 186, 199, 93, 1, 1, 1
96, 1, 623, 179, 213, 102, 1, 1, 1
97, 1, 627, 191, 210, 94, 1, 1, 1
98, 1, 627, 203, 216, 86, 1, 1, 1
99, 1, 636, 205, 208, 84, 1, 1, 1
100, 1, 637, 208, 209, 84, 1, 1, 1
101, 1, 645, 209, 207, 89, 1, 1, 1
102, 1, 653, 211, 200, 89, 1, 1, 1
103, 1, 653, 214, 205, 96, 1, 1, 1
104, 1, 652, 206, 206, 109, 1, 1, 1
105, 1, 667, 221, 197, 114, 1, 1, 1
106, 1, 687, 219, 177, 123, 1, 1, 1
107, 1, 683, 226, 192, 134, 1, 1, 1
108, 1, 708, 231, 176, 143, 1, 1, 1
109, 1, 706, 237, 180, 138, 1, 1, 1
110, 1, 709, 243, 191, 143, 1, 1, 1
111, 1, 718, 267, 188, 128, 1, 1, 1
112, 1, 726, 270, 188, 133, 1, 1, 1
113, 1, 730, 275, 193, 136, 1, 1, 1
114, 1, 742, 291, 192, 131, 1, 1, 1
115, 1, 750, 294, 192, 136, 1, 1, 1
116, 1, 751, 305, 198, 137, 1, 1, 1
117, 1, 778, 317, 184, 136, 1, 1, 1
118, 1, 778, 330, 193, 133, 1, 1, 1
119, 1, 817, 342, 170, 132, 1, 1, 1
120, 1, 816, 356, 180, 128, 1, 1, 1
121, 1, 820, 355, 195, 142, 1, 1, 1
122, 1, 836, 379, 192, 134, 1, 1, 1
123, 1, 854, 380, 186, 146, 1, 1, 1
124, 1, 849, 385, 200, 150, 1, 1, 1
125, 1, 863, 392, 196, 150, 1, 1, 1
126, 1, 868, 398, 208, 154, 1, 1, 1
127, 1, 880, 409, 198, 147, 1, 1, 1
128, 1, 897, 419, 196, 147, 1, 1, 1
129, 1, 897, 418, 205, 156, 1, 1, 1
130, 1, 901, 439, 213, 145, 1, 1, 1
131, 1, 921, 439, 205, 153, 1, 1, 1
132, 1, 913, 458, 222, 148, 1, 1, 1
133, 1, 940, 469, 203, 152, 1, 1, 1
134, 1, 945, 473, 214, 161, 1, 1, 1
135, 1, 965, 486, 202, 160, 1, 1, 1
136, 1, 973, 490, 210, 168, 1, 1, 1
137, 1, 974, 511, 205, 165, 1, 1, 1
138, 1, 986, 508, 203, 188, 1, 1, 1
139, 1, 992, 518, 197, 193, 1, 1, 1
140, 1, 1019, 517, 173, 199, 1, 1, 1
141, 1, 1026, 516, 175, 220, 1, 1, 1
142, 1, 1031, 527, 176, 219, 1, 1, 1
143, 1, 1038, 530, 166, 212, 1, 1, 1
144, 1, 1038, 535, 171, 222, 1, 1, 1
145, 1, 1046, 533, 162, 221, 1, 1, 1
146, 1, 1045, 547, 167, 215, 1, 1, 1
147, 1, 1060, 550, 158, 216, 1, 1, 1
148, 1, 1058, 562, 167, 216, 1, 1, 1
149, 1, 1054, 567, 175, 219, 1, 1, 1
150, 1, 1061, 574, 166, 218, 1, 1, 1
151, 1, 1060, 584, 173, 212, 1, 1, 1
152, 1, 1079, 590, 164, 217, 1, 1, 1
153, 1, 1069, 601, 177, 201, 1, 1, 1
154, 1, 1078, 601, 178, 213, 1, 1, 1
155, 1, 1074, 617, 187, 197, 1, 1, 1
156, 1, 1097, 631, 176, 187, 1, 1, 1
112, 10, 1405, 480, 54, 241, 1, 1, 1
113, 10, 1398, 493, 59, 227, 1, 1, 1
114, 10, 1390, 510, 69, 226, 1, 1, 1
115, 10, 1381, 525, 75, 223, 1, 1, 1
116, 10, 1377, 535, 80, 221, 1, 1, 1
117, 10, 1368, 537, 88, 222, 1, 1, 1
118, 10, 1364, 549, 97, 215, 1, 1, 1
119, 10, 1356, 562, 106, 205, 1, 1, 1
120, 10, 1348, 570, 112, 196, 1, 1, 1
121, 10, 1320, 602, 146, 171, 1, 1, 1
122, 10, 1306, 622, 144, 157, 1, 1, 1
123, 10, 1290, 631, 167, 150, 1, 1, 1
124, 10, 1282, 631, 180, 151, 1, 1, 1
125, 10, 1275, 628, 184, 153, 1, 1, 1
126, 10, 1274, 650, 198, 130, 1, 1, 1
127, 10, 1249, 635, 189, 129, 1, 1, 1
128, 10, 1217, 682, 223, 84, 1, 1, 1
129, 10, 1192, 686, 233, 79, 1, 1, 1
130, 10, 1172, 703, 236, 69, 1, 1, 1
131, 10, 1153, 699, 235, 69, 1, 1, 1
132, 10, 1136, 703, 241, 70, 1, 1, 1
133, 10, 1123, 692, 240, 82, 1, 1, 1
134, 10, 1111, 696, 242, 81, 1, 1, 1
135, 10, 1097, 693, 244, 85, 1, 1, 1
136, 10, 1080, 685, 231, 83, 1, 1, 1
137, 10, 1038, 710, 248, 62, 1, 1, 1
138, 10, 1006, 726, 258, 50, 1, 1, 1
139, 10, 980, 719, 254, 64, 1, 1, 1
140, 10, 951, 727, 250, 61, 1, 1, 1
141, 10, 897, 739, 265, 53, 1, 1, 1
142, 10, 847, 728, 270, 70, 1, 1, 1
143, 10, 815, 739, 265, 61, 1, 1, 1
144, 10, 771, 746, 270, 54, 1, 1, 1
145, 10, 733, 757, 275, 43, 1, 1, 1
146, 10, 687, 749, 276, 53, 1, 1, 1
147, 10, 646, 751, 282, 46, 1, 1, 1
148, 10, 594, 751, 281, 50, 1, 1, 1
149, 10, 559, 748, 287, 54, 1, 1, 1
150, 10, 522, 743, 286, 61, 1, 1, 1
151, 10, 491, 732, 279, 73, 1, 1, 1
152, 10, 468, 727, 284, 76, 1, 1, 1
153, 10, 431, 740, 290, 61, 1, 1, 1
154, 10, 414, 735, 286, 66, 1, 1, 1
155, 10, 396, 716, 284, 84, 1, 1, 1
156, 10, 384, 718, 282, 87, 1, 1, 1
157, 10, 362, 717, 284, 77, 1, 1, 1
158, 10, 344, 707, 280, 75, 1, 1, 1
159, 10, 319, 701, 281, 76, 1, 1, 1
160, 10, 282, 702, 287, 71, 1, 1, 1
161, 10, 244, 679, 284, 93, 1, 1, 1
162, 10, 223, 697, 288, 82, 1, 1, 1
163, 10, 218, 675, 288, 110, 1, 1, 1
164, 10, 215, 689, 282, 97, 1, 1, 1
