16, 1, 80, 177, 343, 291, 1, 1, 1
17, 1, 79, 186, 355, 274, 1, 1, 1
18, 1, 82, 167, 364, 289, 1, 1, 1
19, 1, 67, 157, 382, 305, 1, 1, 1
20, 1, 63, 150, 382, 307, 1, 1, 1
21, 1, 62, 143, 375, 314, 1, 1, 1
22, 1, 69, 136, 359, 302, 1, 1, 1
23, 1, 118, 135, 315, 300, 1, 1, 1
24, 1, 95, 125, 330, 300, 1, 1, 1
25, 1, 99, 121, 328, 302, 1, 1, 1
26, 1, 79, 120, 355, 301, 1, 1, 1
27, 1, 78, 117, 370, 315, 1, 1, 1
28, 1, 106, 106, 341, 321, 1, 1, 1
29, 1, 44, 105, 399, 336, 1, 1, 1
30, 1, 100, 106, 353, 347, 1, 1, 1
