17, 1, 226, 0, 490, 350, 1, 1, 1
18, 1, 115, 23, 523, 292, 1, 1, 1
19, 1, 37, 0, 438, 396, 1, 1, 1
20, 1, 0, 45, 316, 439, 1, 1, 1
21, 1, 42, 71, 369, 391, 1, 1, 1
22, 1, 122, 126, 431, 366, 1, 1, 1
23, 1, 194, 218, 503, 326, 1, 1, 1
19, 2, 357, 0, 520, 372, 1, 1, 1
20, 2, 208, 0, 474, 306, 1, 1, 1
21, 2, 187, 0, 442, 343, 1, 1, 1
22, 2, 181, 1, 464, 352, 1, 1, 1
23, 2, 177, 70, 435, 266, 1, 1, 1
24, 2, 182, 81, 332, 463, 1, 1, 1
25, 2, 191, 163, 361, 381, 1, 1, 1
35, 1, 136, 0, 316, 530, 1, 1, 1
36, 1, 156, 0, 279, 544, 1, 1, 1
37, 1, 142, 0, 419, 470, 1, 1, 1
38, 1, 136, 0, 447, 292, 1, 1, 1
39, 1, 87, 0, 416, 222, 1, 1, 1
40, 1, 57, 0, 375, 336, 1, 1, 1
41, 1, 73, 0, 332, 347, 1, 1, 1
42, 1, 52, 6, 334, 381, 1, 1, 1
43, 1, 76, 26, 408, 416, 1, 1, 1
44, 1, 104, 0, 341, 387, 1, 1, 1
