18, 1, 958, 198, 874, 383, 1, 1, 1
19, 1, 908, 282, 752, 365, 1, 1, 1
20, 1, 812, 228, 988, 417, 1, 1, 1
21, 1, 795, 303, 740, 353, 1, 1, 1
22, 1, 756, 251, 578, 410, 1, 1, 1
23, 1, 791, 215, 584, 439, 1, 1, 1
24, 1, 687, 239, 798, 400, 1, 1, 1
25, 1, 723, 205, 596, 432, 1, 1, 1
26, 1, 700, 146, 635, 491, 1, 1, 1
27, 1, 699, 120, 656, 552, 1, 1, 1
28, 1, 693, 68, 499, 656, 1, 1, 1
29, 1, 706, 69, 348, 695, 1, 1, 1
30, 1, 698, 74, 332, 690, 1, 1, 1
31, 1, 739, 72, 338, 516, 1, 1, 1
32, 1, 530, 100, 481, 495, 1, 1, 1
33, 1, 305, 222, 648, 417, 1, 1, 1
34, 1, 430, 273, 540, 389, 1, 1, 1
35, 1, 468, 236, 545, 433, 1, 1, 1
36, 1, 410, 136, 649, 539, 1, 1, 1
37, 1, 489, 191, 632, 374, 1, 1, 1
38, 1, 576, 251, 543, 318, 1, 1, 1
39, 1, 741, 296, 400, 283, 1, 1, 1
40, 1, 720, 280, 453, 303, 1, 1, 1
41, 1, 624, 199, 597, 329, 1, 1, 1
42, 1, 634, 170, 630, 455, 1, 1, 1
43, 1, 821, 250, 461, 338, 1, 1, 1
44, 1, 500, 308, 748, 314, 1, 1, 1
45, 1, 644, 316, 546, 308, 1, 1, 1
46, 1, 608, 283, 592, 321, 1, 1, 1
47, 1, 572, 275, 557, 338, 1, 1, 1
48, 1, 421, 232, 682, 378, 1, 1, 1
49, 1, 503, 283, 595, 335, 1, 1, 1
50, 1, 536, 335, 546, 318, 1, 1, 1
51, 1, 573, 312, 481, 295, 1, 1, 1
52, 1, 482, 290, 550, 298, 1, 1, 1
53, 1, 415, 252, 594, 332, 1, 1, 1
54, 1, 431, 218, 647, 371, 1, 1, 1
55, 1, 399, 215, 580, 369, 1, 1, 1
56, 1, 439, 232, 538, 343, 1, 1, 1
57, 1, 480, 278, 507, 240, 1, 1, 1
58, 1, 490, 342, 480, 212, 1, 1, 1
59, 1, 520, 350, 512, 235, 1, 1, 1
60, 1, 509, 404, 519, 197, 1, 1, 1
61, 1, 549, 363, 478, 226, 1, 1, 1
62, 1, 549, 326, 480, 232, 1, 1, 1
63, 1, 505, 313, 517, 248, 1, 1, 1
64, 1, 506, 315, 520, 262, 1, 1, 1
65, 1, 494, 295, 521, 306, 1, 1, 1
66, 1, 502, 241, 547, 323, 1, 1, 1
67, 1, 566, 227, 511, 359, 1, 1, 1
68, 1, 544, 223, 523, 350, 1, 1, 1
69, 1, 515, 202, 519, 349, 1, 1, 1
70, 1, 527, 139, 502, 349, 1, 1, 1
71, 1, 527, 110, 504, 340, 1, 1, 1
72, 1, 524, 95, 497, 342, 1, 1, 1
73, 1, 503, 78, 466, 343, 1, 1, 1
74, 1, 479, 57, 512, 320, 1, 1, 1
75, 1, 417, 79, 491, 292, 1, 1, 1
76, 1, 467, 91, 399, 210, 1, 1, 1
77, 1, 612, 50, 320, 242, 1, 1, 1
78, 1, 813, 54, 166, 233, 1, 1, 1
79, 1, 727, 75, 362, 218, 1, 1, 1
80, 1, 875, 164, 322, 173, 1, 1, 1
81, 1, 864, 137, 323, 219, 1, 1, 1
82, 1, 849, 149, 326, 173, 1, 1, 1
83, 1, 837, 178, 362, 143, 1, 1, 1
84, 1, 844, 187, 370, 134, 1, 1, 1
85, 1, 870, 197, 292, 116, 1, 1, 1
86, 1, 834, 129, 254, 209, 1, 1, 1
87, 1, 817, 46, 210, 284, 1, 1, 1
88, 1, 780, 3, 202, 310, 1, 1, 1
89, 1, 773, 9, 194, 301, 1, 1, 1
18, 2, 703, 235, 458, 234, 1, 1, 1
19, 2, 625, 209, 472, 260, 1, 1, 1
20, 2, 626, 215, 626, 267, 1, 1, 1
21, 2, 640, 229, 719, 265, 1, 1, 1
22, 2, 651, 261, 584, 239, 1, 1, 1
23, 2, 663, 227, 559, 262, 1, 1, 1
24, 2, 822, 109, 254, 297, 1, 1, 1
25, 2, 642, 172, 480, 317, 1, 1, 1
26, 2, 621, 108, 455, 350, 1, 1, 1
27, 2, 599, 62, 472, 296, 1, 1, 1
28, 2, 606, 86, 459, 387, 1, 1, 1
29, 2, 613, 73, 453, 396, 1, 1, 1
30, 2, 714, 24, 353, 405, 1, 1, 1
31, 2, 799, 25, 442, 419, 1, 1, 1
32, 2, 712, 63, 497, 416, 1, 1, 1
33, 2, 657, 186, 446, 297, 1, 1, 1
34, 2, 713, 223, 481, 280, 1, 1, 1
35, 2, 769, 183, 453, 325, 1, 1, 1
36, 2, 877, 133, 405, 372, 1, 1, 1
37, 2, 887, 135, 574, 400, 1, 1, 1
38, 2, 884, 204, 662, 313, 1, 1, 1
39, 2, 917, 263, 584, 269, 1, 1, 1
40, 2, 957, 222, 564, 336, 1, 1, 1
41, 2, 1011, 141, 643, 409, 1, 1, 1
42, 2, 1071, 126, 685, 446, 1, 1, 1
43, 2, 1086, 209, 733, 413, 1, 1, 1
44, 2, 1034, 269, 689, 396, 1, 1, 1
45, 2, 1012, 259, 611, 413, 1, 1, 1
46, 2, 982, 233, 691, 432, 1, 1, 1
47, 2, 919, 223, 636, 422, 1, 1, 1
48, 2, 899, 194, 620, 448, 1, 1, 1
49, 2, 894, 264, 621, 378, 1, 1, 1
50, 2, 918, 368, 719, 308, 1, 1, 1
51, 2, 852, 333, 815, 323, 1, 1, 1
52, 2, 850, 254, 764, 370, 1, 1, 1
53, 2, 861, 195, 816, 420, 1, 1, 1
54, 2, 887, 214, 783, 407, 1, 1, 1
55, 2, 833, 231, 788, 388, 1, 1, 1
56, 2, 820, 245, 797, 372, 1, 1, 1
57, 2, 780, 218, 736, 444, 1, 1, 1
58, 2, 831, 305, 570, 382, 1, 1, 1
59, 2, 862, 377, 600, 346, 1, 1, 1
60, 2, 855, 386, 622, 345, 1, 1, 1
61, 2, 870, 352, 634, 349, 1, 1, 1
62, 2, 873, 319, 627, 359, 1, 1, 1
63, 2, 862, 300, 629, 375, 1, 1, 1
64, 2, 853, 341, 673, 340, 1, 1, 1
65, 2, 838, 331, 682, 348, 1, 1, 1
66, 2, 821, 275, 767, 334, 1, 1, 1
67, 2, 880, 274, 763, 340, 1, 1, 1
68, 2, 869, 269, 639, 306, 1, 1, 1
69, 2, 840, 251, 505, 300, 1, 1, 1
70, 2, 836, 198, 525, 312, 1, 1, 1
71, 2, 839, 166, 528, 317, 1, 1, 1
72, 2, 819, 98, 548, 374, 1, 1, 1
73, 2, 809, 136, 558, 325, 1, 1, 1
74, 2, 781, 118, 597, 326, 1, 1, 1
75, 2, 724, 138, 630, 325, 1, 1, 1
76, 2, 729, 132, 641, 352, 1, 1, 1
77, 2, 690, 135, 649, 267, 1, 1, 1
78, 2, 714, 138, 335, 415, 1, 1, 1
79, 2, 753, 131, 383, 440, 1, 1, 1
80, 2, 810, 122, 658, 277, 1, 1, 1
81, 2, 853, 97, 393, 316, 1, 1, 1
82, 2, 897, 113, 358, 466, 1, 1, 1
83, 2, 882, 113, 289, 508, 1, 1, 1
84, 2, 900, 127, 269, 496, 1, 1, 1
85, 2, 931, 117, 225, 490, 1, 1, 1
86, 2, 508, 103, 642, 419, 1, 1, 1
87, 2, 518, 74, 638, 356, 1, 1, 1
88, 2, 625, 29, 515, 417, 1, 1, 1
89, 2, 647, 28, 466, 487, 1, 1, 1
