1, 2, 1357, 143, 436, 399, 1, 1, 1
2, 2, 1367, 166, 452, 364, 1, 1, 1
3, 2, 1372, 175, 459, 336, 1, 1, 1
4, 2, 1379, 167, 466, 314, 1, 1, 1
5, 2, 1383, 160, 479, 306, 1, 1, 1
6, 2, 1382, 154, 496, 325, 1, 1, 1
7, 2, 1410, 144, 456, 326, 1, 1, 1
8, 2, 1369, 159, 498, 327, 1, 1, 1
9, 2, 1386, 199, 492, 286, 1, 1, 1
10, 2, 1404, 198, 432, 287, 1, 1, 1
11, 2, 1426, 194, 408, 270, 1, 1, 1
12, 2, 1411, 203, 417, 170, 1, 1, 1
13, 2, 1374, 182, 446, 232, 1, 1, 1
14, 2, 1373, 196, 444, 198, 1, 1, 1
15, 2, 1351, 201, 459, 207, 1, 1, 1
16, 2, 1351, 191, 460, 291, 1, 1, 1
17, 2, 1348, 198, 464, 355, 1, 1, 1
18, 2, 1349, 219, 473, 358, 1, 1, 1
19, 2, 1381, 217, 443, 325, 1, 1, 1
20, 2, 1415, 202, 410, 320, 1, 1, 1
21, 2, 1416, 211, 411, 307, 1, 1, 1
22, 2, 1416, 199, 409, 285, 1, 1, 1
23, 2, 1419, 189, 409, 293, 1, 1, 1
24, 2, 1421, 186, 410, 298, 1, 1, 1
25, 2, 1417, 167, 413, 313, 1, 1, 1
26, 2, 1413, 177, 422, 302, 1, 1, 1
27, 2, 1409, 187, 429, 290, 1, 1, 1
28, 2, 1403, 188, 437, 285, 1, 1, 1
29, 2, 1400, 188, 437, 275, 1, 1, 1
30, 2, 1410, 188, 425, 257, 1, 1, 1
31, 2, 1472, 179, 364, 231, 1, 1, 1
32, 2, 1395, 178, 440, 233, 1, 1, 1
33, 2, 1395, 177, 444, 240, 1, 1, 1
34, 2, 1389, 186, 447, 240, 1, 1, 1
35, 2, 1391, 189, 447, 243, 1, 1, 1
36, 2, 1403, 192, 434, 246, 1, 1, 1
37, 2, 1405, 200, 436, 258, 1, 1, 1
38, 2, 1409, 193, 439, 350, 1, 1, 1
39, 2, 1422, 204, 434, 350, 1, 1, 1
40, 2, 1429, 199, 420, 360, 1, 1, 1
41, 2, 1437, 198, 430, 352, 1, 1, 1
42, 2, 1481, 178, 391, 362, 1, 1, 1
43, 2, 1528, 178, 349, 307, 1, 1, 1
44, 2, 1453, 179, 429, 336, 1, 1, 1
45, 2, 1464, 193, 419, 299, 1, 1, 1
46, 2, 1458, 197, 430, 275, 1, 1, 1
47, 2, 1459, 191, 432, 266, 1, 1, 1
48, 2, 1471, 215, 411, 154, 1, 1, 1
49, 2, 1484, 191, 419, 225, 1, 1, 1
50, 2, 1489, 192, 418, 234, 1, 1, 1
51, 2, 1507, 197, 407, 204, 1, 1, 1
52, 2, 1517, 205, 402, 192, 1, 1, 1
53, 2, 1538, 211, 382, 202, 1, 1, 1
54, 2, 1559, 224, 352, 192, 1, 1, 1
55, 2, 1626, 222, 284, 162, 1, 1, 1
56, 2, 1677, 215, 241, 181, 1, 1, 1
57, 2, 1579, 210, 317, 258, 1, 1, 1
58, 2, 1596, 200, 323, 282, 1, 1, 1
59, 2, 1630, 202, 290, 190, 1, 1, 1
60, 2, 1607, 214, 313, 202, 1, 1, 1
61, 2, 1618, 217, 302, 195, 1, 1, 1
62, 2, 1633, 227, 287, 181, 1, 1, 1
63, 2, 1643, 225, 277, 194, 1, 1, 1
64, 2, 1656, 217, 263, 218, 1, 1, 1
65, 2, 1660, 212, 260, 220, 1, 1, 1
66, 2, 1765, 213, 154, 139, 1, 1, 1
67, 2, 1698, 241, 222, 111, 1, 1, 1
68, 2, 1689, 230, 231, 120, 1, 1, 1
69, 2, 1729, 209, 191, 154, 1, 1, 1
70, 2, 1737, 220, 183, 162, 1, 1, 1
71, 2, 1738, 239, 182, 163, 1, 1, 1
72, 2, 1790, 240, 130, 127, 1, 1, 1
73, 2, 1831, 242, 89, 104, 1, 1, 1
74, 2, 1831, 249, 89, 88, 1, 1, 1
75, 2, 1829, 259, 91, 91, 1, 1, 1
76, 2, 1837, 261, 83, 112, 1, 1, 1
77, 2, 1842, 270, 78, 80, 1, 1, 1
78, 2, 1858, 266, 62, 74, 1, 1, 1
79, 2, 1845, 269, 75, 77, 1, 1, 1
80, 2, 1809, 277, 111, 73, 1, 1, 1
81, 2, 1820, 290, 100, 102, 1, 1, 1
82, 2, 1790, 295, 130, 119, 1, 1, 1
83, 2, 1767, 271, 153, 99, 1, 1, 1
84, 2, 1768, 240, 152, 108, 1, 1, 1
85, 2, 1840, 232, 80, 33, 1, 1, 1
1, 3, 1420, 163, 415, 693, 1, 1, 1
2, 3, 1434, 178, 427, 654, 1, 1, 1
3, 3, 1437, 208, 435, 662, 1, 1, 1
4, 3, 1455, 309, 402, 627, 1, 1, 1
5, 3, 1462, 344, 401, 556, 1, 1, 1
6, 3, 1462, 348, 399, 533, 1, 1, 1
7, 3, 1461, 346, 388, 537, 1, 1, 1
8, 3, 1471, 336, 378, 547, 1, 1, 1
9, 3, 1467, 333, 382, 547, 1, 1, 1
10, 3, 1467, 337, 384, 545, 1, 1, 1
11, 3, 1457, 326, 396, 527, 1, 1, 1
12, 3, 1454, 279, 405, 578, 1, 1, 1
13, 3, 1441, 233, 427, 591, 1, 1, 1
14, 3, 1435, 198, 422, 649, 1, 1, 1
15, 3, 1429, 184, 421, 655, 1, 1, 1
16, 3, 1424, 177, 419, 668, 1, 1, 1
17, 3, 1421, 187, 411, 655, 1, 1, 1
18, 3, 1419, 279, 416, 576, 1, 1, 1
19, 3, 1376, 183, 482, 671, 1, 1, 1
20, 3, 1329, 220, 535, 636, 1, 1, 1
21, 3, 1358, 288, 506, 592, 1, 1, 1
22, 3, 1428, 284, 435, 675, 1, 1, 1
23, 3, 1436, 290, 387, 681, 1, 1, 1
24, 3, 1435, 347, 390, 588, 1, 1, 1
25, 3, 1441, 359, 365, 521, 1, 1, 1
26, 3, 1440, 358, 368, 512, 1, 1, 1
27, 3, 1434, 364, 374, 503, 1, 1, 1
28, 3, 1439, 325, 372, 495, 1, 1, 1
29, 3, 1435, 364, 376, 452, 1, 1, 1
30, 3, 1426, 374, 392, 465, 1, 1, 1
31, 3, 1426, 373, 393, 498, 1, 1, 1
32, 3, 1425, 335, 400, 585, 1, 1, 1
33, 3, 1421, 281, 413, 638, 1, 1, 1
34, 3, 1415, 234, 416, 658, 1, 1, 1
35, 3, 1407, 220, 421, 610, 1, 1, 1
36, 3, 1397, 213, 433, 623, 1, 1, 1
37, 3, 1391, 210, 442, 638, 1, 1, 1
38, 3, 1375, 204, 461, 657, 1, 1, 1
39, 3, 1339, 199, 508, 668, 1, 1, 1
40, 3, 1356, 200, 506, 729, 1, 1, 1
41, 3, 1415, 270, 452, 748, 1, 1, 1
42, 3, 1416, 368, 451, 635, 1, 1, 1
43, 3, 1409, 405, 441, 543, 1, 1, 1
44, 3, 1401, 410, 438, 532, 1, 1, 1
45, 3, 1400, 408, 444, 533, 1, 1, 1
46, 3, 1396, 414, 444, 507, 1, 1, 1
47, 3, 1394, 416, 456, 506, 1, 1, 1
48, 3, 1390, 414, 461, 505, 1, 1, 1
49, 3, 1388, 412, 478, 516, 1, 1, 1
50, 3, 1383, 376, 487, 544, 1, 1, 1
51, 3, 1387, 339, 494, 591, 1, 1, 1
52, 3, 1383, 298, 508, 629, 1, 1, 1
53, 3, 1382, 270, 511, 657, 1, 1, 1
54, 3, 1396, 253, 496, 664, 1, 1, 1
55, 3, 1375, 236, 518, 510, 1, 1, 1
56, 3, 1392, 209, 512, 693, 1, 1, 1
57, 3, 1419, 211, 499, 537, 1, 1, 1
58, 3, 1383, 280, 537, 609, 1, 1, 1
59, 3, 1481, 342, 436, 408, 1, 1, 1
60, 3, 1475, 420, 443, 339, 1, 1, 1
61, 3, 1491, 428, 417, 325, 1, 1, 1
62, 3, 1483, 430, 422, 320, 1, 1, 1
63, 3, 1478, 421, 435, 317, 1, 1, 1
64, 3, 1464, 413, 442, 318, 1, 1, 1
65, 3, 1453, 405, 454, 322, 1, 1, 1
66, 3, 1448, 400, 461, 327, 1, 1, 1
67, 3, 1388, 389, 527, 374, 1, 1, 1
68, 3, 1383, 378, 536, 381, 1, 1, 1
69, 3, 1431, 372, 489, 310, 1, 1, 1
70, 3, 1453, 362, 467, 360, 1, 1, 1
71, 3, 1458, 363, 462, 411, 1, 1, 1
72, 3, 1447, 352, 473, 424, 1, 1, 1
73, 3, 1447, 355, 473, 431, 1, 1, 1
74, 3, 1495, 354, 425, 383, 1, 1, 1
75, 3, 1510, 359, 409, 357, 1, 1, 1
76, 3, 1474, 360, 446, 321, 1, 1, 1
77, 3, 1489, 311, 431, 364, 1, 1, 1
78, 3, 1499, 265, 421, 399, 1, 1, 1
79, 3, 1498, 249, 422, 413, 1, 1, 1
80, 3, 1488, 235, 431, 426, 1, 1, 1
81, 3, 1487, 309, 433, 347, 1, 1, 1
82, 3, 1472, 347, 448, 308, 1, 1, 1
83, 3, 1458, 332, 462, 425, 1, 1, 1
84, 3, 1469, 321, 451, 546, 1, 1, 1
85, 3, 1399, 303, 521, 604, 1, 1, 1
86, 3, 1407, 293, 512, 611, 1, 1, 1
87, 3, 1418, 281, 502, 588, 1, 1, 1
88, 3, 1424, 274, 496, 574, 1, 1, 1
89, 3, 1433, 262, 487, 544, 1, 1, 1
90, 3, 1439, 255, 481, 504, 1, 1, 1
91, 3, 1446, 251, 474, 483, 1, 1, 1
92, 3, 1385, 253, 535, 515, 1, 1, 1
93, 3, 1380, 253, 540, 526, 1, 1, 1
94, 3, 1362, 253, 556, 497, 1, 1, 1
95, 3, 1381, 258, 539, 416, 1, 1, 1
96, 3, 1358, 113, 562, 551, 1, 1, 1
97, 3, 1363, 74, 557, 552, 1, 1, 1
98, 3, 1353, 63, 567, 556, 1, 1, 1
99, 3, 1346, 266, 572, 340, 1, 1, 1
100, 3, 1361, 264, 559, 336, 1, 1, 1
101, 3, 1314, 271, 606, 352, 1, 1, 1
102, 3, 1319, 274, 600, 323, 1, 1, 1
103, 3, 1334, 273, 585, 444, 1, 1, 1
104, 3, 1315, 271, 604, 538, 1, 1, 1
105, 3, 1317, 267, 603, 606, 1, 1, 1
106, 3, 1359, 264, 560, 642, 1, 1, 1
107, 3, 1383, 251, 537, 656, 1, 1, 1
108, 3, 1415, 259, 505, 652, 1, 1, 1
109, 3, 1460, 259, 459, 637, 1, 1, 1
110, 3, 1486, 256, 434, 614, 1, 1, 1
111, 3, 1510, 254, 410, 584, 1, 1, 1
112, 3, 1525, 258, 395, 525, 1, 1, 1
113, 3, 1549, 260, 371, 470, 1, 1, 1
114, 3, 1539, 265, 381, 470, 1, 1, 1
115, 3, 1559, 258, 361, 532, 1, 1, 1
116, 3, 1560, 248, 360, 492, 1, 1, 1
117, 3, 1568, 245, 352, 437, 1, 1, 1
118, 3, 1575, 260, 345, 406, 1, 1, 1
1, 4, 1498, 449, 100, 66, 1, 1, 1
2, 4, 1496, 442, 137, 75, 1, 1, 1
3, 4, 1489, 429, 172, 85, 1, 1, 1
4, 4, 1464, 414, 205, 108, 1, 1, 1
5, 4, 1442, 396, 236, 113, 1, 1, 1
6, 4, 1407, 389, 297, 116, 1, 1, 1
7, 4, 1363, 378, 345, 131, 1, 1, 1
8, 4, 1316, 367, 403, 190, 1, 1, 1
9, 4, 1282, 365, 427, 240, 1, 1, 1
10, 4, 1241, 363, 463, 230, 1, 1, 1
11, 4, 1236, 362, 472, 179, 1, 1, 1
12, 4, 1205, 355, 491, 208, 1, 1, 1
13, 4, 1178, 362, 508, 220, 1, 1, 1
14, 4, 1192, 363, 497, 227, 1, 1, 1
15, 4, 1177, 362, 508, 226, 1, 1, 1
16, 4, 1187, 367, 501, 244, 1, 1, 1
17, 4, 1167, 374, 520, 247, 1, 1, 1
18, 4, 1141, 386, 542, 268, 1, 1, 1
19, 4, 1102, 373, 577, 278, 1, 1, 1
20, 4, 1215, 371, 476, 277, 1, 1, 1
21, 4, 1178, 378, 474, 341, 1, 1, 1
22, 4, 1158, 377, 485, 424, 1, 1, 1
23, 4, 1172, 381, 435, 419, 1, 1, 1
24, 4, 1156, 388, 457, 390, 1, 1, 1
25, 4, 1118, 392, 487, 381, 1, 1, 1
26, 4, 1130, 379, 463, 375, 1, 1, 1
27, 4, 1143, 395, 430, 349, 1, 1, 1
28, 4, 1167, 401, 415, 308, 1, 1, 1
29, 4, 1176, 400, 386, 310, 1, 1, 1
30, 4, 1218, 419, 354, 269, 1, 1, 1
31, 4, 1222, 421, 335, 275, 1, 1, 1
32, 4, 1201, 436, 344, 281, 1, 1, 1
33, 4, 1249, 436, 282, 224, 1, 1, 1
34, 4, 1245, 413, 261, 144, 1, 1, 1
35, 4, 1247, 456, 233, 95, 1, 1, 1
36, 4, 1253, 439, 235, 115, 1, 1, 1
37, 4, 1268, 466, 93, 50, 1, 1, 1
38, 4, 925, 779, 168, 105, 1, 1, 1
39, 4, 411, 780, 671, 179, 1, 1, 1
40, 4, 368, 526, 983, 502, 1, 1, 1
41, 4, 319, 542, 1007, 536, 1, 1, 1
42, 4, 274, 538, 1035, 541, 1, 1, 1
43, 4, 224, 535, 1057, 545, 1, 1, 1
44, 4, 171, 543, 732, 536, 1, 1, 1
45, 4, 114, 547, 726, 516, 1, 1, 1
46, 4, 56, 554, 811, 500, 1, 1, 1
47, 4, 3, 565, 899, 515, 1, 1, 1
48, 4, 0, 566, 923, 514, 1, 1, 1
49, 4, 0, 577, 958, 501, 1, 1, 1
50, 4, 1, 579, 984, 500, 1, 1, 1
51, 4, 2, 584, 1005, 495, 1, 1, 1
52, 4, 0, 588, 1022, 463, 1, 1, 1
53, 4, 0, 594, 1025, 484, 1, 1, 1
54, 4, 1, 597, 1022, 468, 1, 1, 1
55, 4, 0, 602, 911, 464, 1, 1, 1
56, 4, 0, 609, 966, 469, 1, 1, 1
57, 4, 0, 618, 937, 462, 1, 1, 1
58, 4, 0, 626, 902, 454, 1, 1, 1
59, 4, 1, 634, 868, 445, 1, 1, 1
60, 4, 1, 638, 837, 441, 1, 1, 1
61, 4, 0, 648, 801, 432, 1, 1, 1
62, 4, 2, 645, 766, 435, 1, 1, 1
63, 4, 0, 658, 723, 422, 1, 1, 1
64, 4, 0, 681, 688, 398, 1, 1, 1
65, 4, 0, 709, 646, 370, 1, 1, 1
66, 4, 0, 694, 608, 385, 1, 1, 1
67, 4, 0, 698, 565, 382, 1, 1, 1
68, 4, 0, 734, 512, 323, 1, 1, 1
69, 4, 0, 765, 468, 259, 1, 1, 1
70, 4, 0, 773, 419, 217, 1, 1, 1
71, 4, 0, 796, 368, 284, 1, 1, 1
72, 4, 0, 823, 312, 250, 1, 1, 1
73, 4, 0, 847, 255, 220, 1, 1, 1
74, 4, 0, 870, 202, 205, 1, 1, 1
75, 4, 0, 907, 127, 173, 1, 1, 1
76, 4, 0, 934, 69, 144, 1, 1, 1
3, 5, 1789, 334, 72, 274, 1, 1, 1
4, 5, 1788, 262, 89, 281, 1, 1, 1
5, 5, 1794, 301, 85, 237, 1, 1, 1
6, 5, 1770, 316, 106, 260, 1, 1, 1
7, 5, 1784, 360, 82, 173, 1, 1, 1
8, 5, 1764, 339, 108, 229, 1, 1, 1
9, 5, 1755, 319, 117, 250, 1, 1, 1
10, 5, 1756, 337, 111, 237, 1, 1, 1
11, 5, 1748, 385, 97, 177, 1, 1, 1
12, 5, 1746, 350, 107, 227, 1, 1, 1
13, 5, 1765, 301, 103, 283, 1, 1, 1
14, 5, 1743, 320, 117, 260, 1, 1, 1
15, 5, 1738, 323, 120, 265, 1, 1, 1
16, 5, 1750, 289, 115, 300, 1, 1, 1
17, 5, 1745, 268, 116, 394, 1, 1, 1
18, 5, 1741, 300, 119, 374, 1, 1, 1
19, 5, 1739, 296, 119, 355, 1, 1, 1
20, 5, 1709, 291, 149, 385, 1, 1, 1
21, 5, 1760, 351, 89, 244, 1, 1, 1
22, 5, 1711, 456, 94, 215, 1, 1, 1
23, 5, 1719, 279, 142, 387, 1, 1, 1
24, 5, 1722, 280, 140, 375, 1, 1, 1
25, 5, 1729, 273, 135, 376, 1, 1, 1
26, 5, 1727, 265, 136, 372, 1, 1, 1
27, 5, 1726, 263, 144, 348, 1, 1, 1
28, 5, 1747, 263, 124, 324, 1, 1, 1
29, 5, 1792, 265, 78, 195, 1, 1, 1
30, 5, 1786, 267, 82, 165, 1, 1, 1
31, 5, 1782, 287, 70, 155, 1, 1, 1
32, 5, 1788, 284, 72, 161, 1, 1, 1
33, 5, 1785, 283, 78, 169, 1, 1, 1
34, 5, 1755, 281, 113, 152, 1, 1, 1
35, 5, 1744, 294, 115, 141, 1, 1, 1
36, 5, 1722, 297, 138, 135, 1, 1, 1
37, 5, 1719, 297, 149, 133, 1, 1, 1
38, 5, 1725, 298, 146, 166, 1, 1, 1
39, 5, 1727, 295, 150, 160, 1, 1, 1
40, 5, 1716, 292, 165, 200, 1, 1, 1
41, 5, 1709, 303, 175, 192, 1, 1, 1
42, 5, 1744, 300, 145, 217, 1, 1, 1
43, 5, 1766, 311, 124, 222, 1, 1, 1
44, 5, 1758, 302, 139, 182, 1, 1, 1
45, 5, 1762, 308, 137, 183, 1, 1, 1
46, 5, 1766, 311, 138, 189, 1, 1, 1
47, 5, 1776, 311, 127, 141, 1, 1, 1
48, 5, 1778, 347, 115, 118, 1, 1, 1
49, 5, 1824, 317, 89, 158, 1, 1, 1
50, 5, 1850, 321, 69, 124, 1, 1, 1
51, 5, 1822, 323, 98, 176, 1, 1, 1
52, 5, 1826, 320, 90, 179, 1, 1, 1
53, 5, 1828, 327, 91, 175, 1, 1, 1
54, 5, 1831, 347, 89, 155, 1, 1, 1
55, 5, 1841, 347, 78, 144, 1, 1, 1
56, 5, 1852, 342, 68, 124, 1, 1, 1
20, 6, 1551, 790, 86, 37, 1, 1, 1
21, 6, 1543, 799, 108, 52, 1, 1, 1
22, 6, 1550, 814, 131, 68, 1, 1, 1
23, 6, 1614, 845, 82, 30, 1, 1, 1
24, 6, 1539, 841, 120, 51, 1, 1, 1
25, 6, 1536, 855, 115, 46, 1, 1, 1
26, 6, 1539, 847, 123, 53, 1, 1, 1
27, 6, 1532, 857, 147, 44, 1, 1, 1
28, 6, 1528, 730, 238, 176, 1, 1, 1
29, 6, 1523, 724, 242, 187, 1, 1, 1
30, 6, 1524, 734, 242, 184, 1, 1, 1
31, 6, 1512, 725, 263, 195, 1, 1, 1
32, 6, 1506, 734, 262, 193, 1, 1, 1
33, 6, 1499, 756, 260, 181, 1, 1, 1
34, 6, 1485, 755, 272, 178, 1, 1, 1
35, 6, 1476, 765, 273, 173, 1, 1, 1
36, 6, 1462, 760, 291, 177, 1, 1, 1
37, 6, 1451, 771, 291, 166, 1, 1, 1
38, 6, 1440, 778, 311, 165, 1, 1, 1
39, 6, 1428, 781, 330, 165, 1, 1, 1
40, 6, 1440, 783, 319, 168, 1, 1, 1
41, 6, 1402, 791, 350, 157, 1, 1, 1
42, 6, 1382, 797, 378, 159, 1, 1, 1
43, 6, 1372, 805, 381, 188, 1, 1, 1
44, 6, 1375, 811, 382, 157, 1, 1, 1
45, 6, 1373, 821, 382, 169, 1, 1, 1
46, 6, 1369, 832, 378, 144, 1, 1, 1
47, 6, 1368, 838, 372, 152, 1, 1, 1
48, 6, 1371, 847, 369, 149, 1, 1, 1
49, 6, 1364, 851, 390, 156, 1, 1, 1
50, 6, 1346, 862, 399, 149, 1, 1, 1
51, 6, 1327, 865, 433, 150, 1, 1, 1
52, 6, 1307, 872, 433, 148, 1, 1, 1
53, 6, 1294, 876, 456, 141, 1, 1, 1
54, 6, 1291, 874, 452, 157, 1, 1, 1
55, 6, 1292, 881, 459, 168, 1, 1, 1
56, 6, 1342, 883, 391, 176, 1, 1, 1
57, 6, 1364, 886, 370, 191, 1, 1, 1
58, 6, 1384, 885, 341, 181, 1, 1, 1
59, 6, 1413, 882, 314, 183, 1, 1, 1
60, 6, 1405, 885, 303, 195, 1, 1, 1
61, 6, 1452, 884, 277, 134, 1, 1, 1
62, 6, 1360, 887, 373, 151, 1, 1, 1
63, 6, 1352, 887, 386, 145, 1, 1, 1
64, 6, 1345, 888, 392, 134, 1, 1, 1
65, 6, 1335, 889, 404, 147, 1, 1, 1
66, 6, 1319, 888, 425, 148, 1, 1, 1
67, 6, 1307, 893, 440, 140, 1, 1, 1
68, 6, 1294, 887, 465, 144, 1, 1, 1
69, 6, 1282, 898, 487, 149, 1, 1, 1
70, 6, 1270, 897, 483, 147, 1, 1, 1
71, 6, 1268, 894, 492, 155, 1, 1, 1
72, 6, 1269, 897, 514, 151, 1, 1, 1
73, 6, 1266, 897, 523, 177, 1, 1, 1
74, 6, 1272, 900, 534, 177, 1, 1, 1
75, 6, 1273, 888, 548, 181, 1, 1, 1
76, 6, 1273, 900, 447, 174, 1, 1, 1
77, 6, 1272, 903, 449, 175, 1, 1, 1
78, 6, 1274, 903, 484, 170, 1, 1, 1
79, 6, 1275, 902, 451, 165, 1, 1, 1
80, 6, 1273, 896, 464, 184, 1, 1, 1
81, 6, 1280, 893, 482, 186, 1, 1, 1
82, 6, 1283, 890, 482, 188, 1, 1, 1
83, 6, 1304, 893, 430, 187, 1, 1, 1
84, 6, 1318, 899, 443, 179, 1, 1, 1
85, 6, 1288, 888, 473, 181, 1, 1, 1
86, 6, 1296, 885, 472, 195, 1, 1, 1
87, 6, 1301, 881, 456, 198, 1, 1, 1
88, 6, 1303, 872, 474, 206, 1, 1, 1
89, 6, 1308, 865, 468, 214, 1, 1, 1
90, 6, 1285, 877, 483, 203, 1, 1, 1
91, 6, 1281, 898, 495, 181, 1, 1, 1
92, 6, 1266, 903, 512, 177, 1, 1, 1
93, 6, 1241, 900, 548, 179, 1, 1, 1
94, 6, 1234, 908, 552, 171, 1, 1, 1
95, 6, 1227, 913, 540, 167, 1, 1, 1
96, 6, 1379, 948, 347, 132, 1, 1, 1
97, 6, 1392, 922, 359, 158, 1, 1, 1
98, 6, 1382, 938, 355, 142, 1, 1, 1
99, 6, 1374, 920, 367, 159, 1, 1, 1
100, 6, 1371, 913, 362, 165, 1, 1, 1
101, 6, 1382, 902, 343, 177, 1, 1, 1
102, 6, 1381, 892, 367, 188, 1, 1, 1
103, 6, 1366, 882, 376, 197, 1, 1, 1
104, 6, 1378, 876, 378, 201, 1, 1, 1
105, 6, 1397, 868, 369, 209, 1, 1, 1
106, 6, 1366, 858, 415, 221, 1, 1, 1
107, 6, 1364, 860, 419, 219, 1, 1, 1
108, 6, 1355, 856, 436, 222, 1, 1, 1
109, 6, 1370, 856, 442, 223, 1, 1, 1
110, 6, 1365, 854, 466, 225, 1, 1, 1
111, 6, 1315, 853, 519, 227, 1, 1, 1
112, 6, 1350, 836, 491, 239, 1, 1, 1
113, 6, 1336, 818, 506, 258, 1, 1, 1
114, 6, 1327, 792, 514, 287, 1, 1, 1
115, 6, 1310, 762, 531, 316, 1, 1, 1
116, 6, 1305, 726, 541, 354, 1, 1, 1
117, 6, 1318, 689, 519, 390, 1, 1, 1
118, 6, 1303, 660, 524, 419, 1, 1, 1
46, 7, 1578, 417, 134, 66, 1, 1, 1
47, 7, 1575, 417, 134, 65, 1, 1, 1
48, 7, 1564, 413, 167, 74, 1, 1, 1
49, 7, 1557, 412, 158, 75, 1, 1, 1
50, 7, 1625, 407, 142, 33, 1, 1, 1
51, 7, 1579, 408, 229, 89, 1, 1, 1
52, 7, 1579, 411, 188, 72, 1, 1, 1
53, 7, 1579, 411, 238, 123, 1, 1, 1
54, 7, 1603, 402, 221, 118, 1, 1, 1
55, 7, 1646, 403, 174, 115, 1, 1, 1
56, 7, 1558, 396, 265, 131, 1, 1, 1
57, 7, 1685, 394, 154, 116, 1, 1, 1
58, 7, 1689, 393, 164, 78, 1, 1, 1
59, 7, 1613, 388, 258, 113, 1, 1, 1
60, 7, 1656, 388, 199, 81, 1, 1, 1
61, 7, 1655, 388, 172, 79, 1, 1, 1
62, 7, 1647, 374, 208, 71, 1, 1, 1
63, 7, 1652, 383, 231, 65, 1, 1, 1
64, 7, 1660, 374, 225, 84, 1, 1, 1
65, 7, 1742, 374, 176, 53, 1, 1, 1
66, 7, 1787, 370, 131, 58, 1, 1, 1
67, 7, 1834, 373, 85, 61, 1, 1, 1
68, 7, 1859, 373, 59, 68, 1, 1, 1
69, 7, 1877, 397, 41, 49, 1, 1, 1
