24, 3, 881, 74, 1039, 808, 1, 1, 1
25, 3, 880, 74, 1040, 822, 1, 1, 1
26, 3, 1247, 93, 673, 802, 1, 1, 1
27, 3, 995, 111, 925, 785, 1, 1, 1
28, 3, 961, 147, 959, 749, 1, 1, 1
29, 3, 1017, 150, 903, 746, 1, 1, 1
30, 3, 1217, 133, 703, 763, 1, 1, 1
31, 3, 1189, 148, 731, 748, 1, 1, 1
32, 3, 1353, 114, 567, 776, 1, 1, 1
33, 3, 1492, 187, 428, 709, 1, 1, 1
34, 3, 1408, 203, 512, 693, 1, 1, 1
35, 3, 1472, 149, 448, 712, 1, 1, 1
36, 3, 1692, 144, 228, 751, 1, 1, 1
37, 3, 1573, 168, 347, 728, 1, 1, 1
38, 3, 1463, 194, 457, 702, 1, 1, 1
39, 3, 1329, 216, 591, 679, 1, 1, 1
40, 3, 1215, 232, 705, 664, 1, 1, 1
41, 3, 1156, 231, 764, 665, 1, 1, 1
42, 3, 1035, 236, 782, 660, 1, 1, 1
43, 3, 982, 303, 932, 593, 1, 1, 1
44, 3, 1002, 332, 810, 564, 1, 1, 1
45, 3, 1058, 337, 658, 559, 1, 1, 1
46, 3, 832, 358, 845, 538, 1, 1, 1
47, 3, 751, 386, 858, 510, 1, 1, 1
48, 3, 742, 411, 788, 485, 1, 1, 1
49, 3, 781, 473, 878, 423, 1, 1, 1
50, 3, 620, 511, 1003, 385, 1, 1, 1
