28, 4, 1000, 483, 394, 357, 1, 1, 1
29, 4, 998, 490, 394, 349, 1, 1, 1
30, 4, 975, 489, 417, 348, 1, 1, 1
31, 4, 947, 476, 444, 357, 1, 1, 1
32, 4, 931, 474, 454, 358, 1, 1, 1
33, 4, 919, 469, 457, 360, 1, 1, 1
34, 4, 919, 466, 449, 355, 1, 1, 1
35, 4, 899, 470, 452, 351, 1, 1, 1
36, 4, 887, 485, 430, 342, 1, 1, 1
37, 4, 858, 496, 420, 332, 1, 1, 1
38, 4, 863, 501, 418, 329, 1, 1, 1
39, 4, 870, 497, 412, 333, 1, 1, 1
40, 4, 815, 512, 432, 318, 1, 1, 1
41, 4, 792, 531, 441, 306, 1, 1, 1
42, 4, 786, 540, 446, 296, 1, 1, 1
43, 4, 787, 533, 448, 301, 1, 1, 1
44, 4, 778, 528, 461, 302, 1, 1, 1
45, 4, 793, 493, 444, 340, 1, 1, 1
46, 4, 812, 492, 427, 338, 1, 1, 1
47, 4, 819, 488, 423, 340, 1, 1, 1
48, 4, 841, 464, 397, 364, 1, 1, 1
49, 4, 835, 478, 400, 350, 1, 1, 1
50, 4, 859, 484, 378, 343, 1, 1, 1
51, 4, 846, 483, 393, 343, 1, 1, 1
52, 4, 785, 497, 449, 327, 1, 1, 1
53, 4, 772, 515, 460, 309, 1, 1, 1
54, 4, 748, 522, 482, 303, 1, 1, 1
55, 4, 740, 526, 489, 305, 1, 1, 1
56, 4, 802, 536, 427, 298, 1, 1, 1
57, 4, 882, 551, 349, 278, 1, 1, 1
