1, 2, 478, 121, 284, 244, 1, 1, 1
2, 2, 474, 121, 306, 244, 1, 1, 1
3, 2, 446, 121, 349, 242, 1, 1, 1
4, 2, 420, 120, 381, 244, 1, 1, 1
5, 2, 384, 121, 413, 241, 1, 1, 1
6, 2, 371, 124, 423, 241, 1, 1, 1
7, 2, 360, 126, 428, 239, 1, 1, 1
8, 2, 321, 126, 465, 238, 1, 1, 1
9, 2, 297, 126, 486, 240, 1, 1, 1
10, 2, 257, 133, 521, 234, 1, 1, 1
11, 2, 300, 137, 473, 230, 1, 1, 1
12, 2, 279, 144, 486, 223, 1, 1, 1
13, 2, 254, 128, 487, 239, 1, 1, 1
14, 2, 216, 123, 491, 243, 1, 1, 1
15, 2, 163, 115, 519, 243, 1, 1, 1
16, 2, 130, 103, 531, 261, 1, 1, 1
17, 2, 124, 103, 376, 262, 1, 1, 1
18, 2, 126, 98, 356, 269, 1, 1, 1
19, 2, 139, 91, 331, 276, 1, 1, 1
20, 2, 120, 85, 323, 283, 1, 1, 1
21, 2, 106, 83, 331, 285, 1, 1, 1
22, 2, 100, 84, 253, 270, 1, 1, 1
23, 2, 75, 78, 281, 275, 1, 1, 1
24, 2, 55, 72, 306, 281, 1, 1, 1
25, 2, 65, 75, 318, 283, 1, 1, 1
26, 2, 75, 82, 312, 279, 1, 1, 1
27, 2, 100, 83, 287, 273, 1, 1, 1
28, 2, 104, 79, 264, 281, 1, 1, 1
29, 2, 110, 80, 241, 284, 1, 1, 1
30, 2, 109, 84, 225, 281, 1, 1, 1
31, 2, 110, 82, 208, 283, 1, 1, 1
32, 2, 129, 84, 194, 282, 1, 1, 1
33, 2, 112, 88, 201, 278, 1, 1, 1
34, 2, 93, 81, 222, 284, 1, 1, 1
35, 2, 70, 76, 240, 291, 1, 1, 1
36, 2, 51, 75, 238, 291, 1, 1, 1
37, 2, 35, 72, 254, 292, 1, 1, 1
38, 2, 17, 70, 271, 297, 1, 1, 1
39, 2, 0, 67, 286, 299, 1, 1, 1
40, 2, 0, 66, 285, 300, 1, 1, 1
41, 2, 0, 70, 288, 295, 1, 1, 1
42, 2, 0, 68, 301, 297, 1, 1, 1
43, 2, 0, 70, 298, 297, 1, 1, 1
44, 2, 0, 63, 299, 300, 1, 1, 1
45, 2, 0, 56, 300, 310, 1, 1, 1
46, 2, 0, 49, 301, 317, 1, 1, 1
