1, 1, 310, 417, 568, 417, 1, 1, 1
2, 1, 300, 410, 541, 418, 1, 1, 1
3, 1, 335, 428, 484, 382, 1, 1, 1
4, 1, 364, 402, 450, 407, 1, 1, 1
5, 1, 384, 363, 406, 434, 1, 1, 1
6, 1, 365, 356, 372, 411, 1, 1, 1
7, 1, 343, 357, 340, 403, 1, 1, 1
8, 1, 325, 366, 324, 383, 1, 1, 1
9, 1, 326, 365, 301, 397, 1, 1, 1
10, 1, 261, 350, 330, 418, 1, 1, 1
11, 1, 196, 331, 327, 428, 1, 1, 1
12, 1, 161, 330, 368, 421, 1, 1, 1
13, 1, 156, 365, 371, 372, 1, 1, 1
14, 1, 166, 378, 467, 381, 1, 1, 1
15, 1, 155, 363, 524, 384, 1, 1, 1
16, 1, 136, 340, 554, 388, 1, 1, 1
17, 1, 137, 345, 562, 403, 1, 1, 1
18, 1, 167, 363, 554, 363, 1, 1, 1
