1, 3, 349, 88, 224, 115, 1, 1, 1
2, 3, 350, 89, 222, 114, 1, 1, 1
3, 3, 352, 88, 225, 114, 1, 1, 1
4, 3, 357, 89, 218, 113, 1, 1, 1
5, 3, 364, 89, 221, 114, 1, 1, 1
6, 3, 372, 90, 222, 112, 1, 1, 1
7, 3, 383, 90, 219, 112, 1, 1, 1
8, 3, 391, 90, 220, 112, 1, 1, 1
9, 3, 399, 89, 217, 112, 1, 1, 1
10, 3, 408, 90, 216, 111, 1, 1, 1
11, 3, 412, 90, 217, 111, 1, 1, 1
12, 3, 412, 90, 220, 111, 1, 1, 1
13, 3, 389, 91, 247, 109, 1, 1, 1
14, 3, 384, 90, 251, 110, 1, 1, 1
15, 3, 384, 90, 254, 109, 1, 1, 1
16, 3, 380, 90, 259, 109, 1, 1, 1
17, 3, 384, 91, 256, 109, 1, 1, 1
18, 3, 388, 91, 252, 108, 1, 1, 1
19, 3, 408, 92, 232, 107, 1, 1, 1
20, 3, 420, 91, 220, 109, 1, 1, 1
21, 3, 433, 91, 207, 108, 1, 1, 1
22, 3, 456, 92, 184, 107, 1, 1, 1
23, 3, 470, 92, 170, 106, 1, 1, 1
24, 3, 492, 92, 148, 106, 1, 1, 1
25, 3, 520, 93, 120, 105, 1, 1, 1
26, 3, 540, 94, 100, 87, 1, 1, 1
27, 3, 564, 94, 76, 70, 1, 1, 1
