1, 2, 747, 438, 333, 557, 1, 1, 1
2, 2, 680, 448, 400, 538, 1, 1, 1
3, 2, 640, 428, 440, 551, 1, 1, 1
4, 2, 592, 424, 488, 565, 1, 1, 1
5, 2, 523, 426, 557, 555, 1, 1, 1
6, 2, 462, 421, 618, 616, 1, 1, 1
7, 2, 367, 394, 713, 610, 1, 1, 1
8, 2, 299, 423, 760, 525, 1, 1, 1
9, 2, 250, 448, 505, 477, 1, 1, 1
10, 2, 209, 573, 388, 344, 1, 1, 1
11, 2, 0, 439, 593, 477, 1, 1, 1
12, 2, 0, 454, 624, 461, 1, 1, 1
13, 2, 0, 431, 464, 463, 1, 1, 1
14, 2, 0, 460, 426, 433, 1, 1, 1
15, 2, 0, 439, 585, 469, 1, 1, 1
16, 2, 0, 449, 572, 471, 1, 1, 1
17, 2, 33, 497, 621, 425, 1, 1, 1
18, 2, 71, 499, 633, 430, 1, 1, 1
19, 2, 105, 487, 568, 324, 1, 1, 1
