35, 2, 639, 475, 128, 131, 1, 1, 1
36, 2, 636, 470, 120, 134, 1, 1, 1
37, 2, 636, 480, 102, 123, 1, 1, 1
38, 2, 632, 470, 108, 132, 1, 1, 1
39, 2, 625, 431, 109, 168, 1, 1, 1
40, 2, 614, 405, 76, 187, 1, 1, 1
41, 2, 627, 402, 80, 196, 1, 1, 1
42, 2, 639, 398, 81, 194, 1, 1, 1
43, 2, 641, 395, 83, 176, 1, 1, 1
35, 3, 807, 443, 125, 151, 1, 1, 1
36, 3, 823, 468, 93, 125, 1, 1, 1
37, 3, 825, 444, 92, 156, 1, 1, 1
38, 3, 829, 421, 98, 165, 1, 1, 1
39, 3, 804, 421, 149, 165, 1, 1, 1
40, 3, 791, 410, 174, 172, 1, 1, 1
41, 3, 792, 394, 188, 179, 1, 1, 1
42, 3, 788, 383, 218, 194, 1, 1, 1
43, 3, 786, 377, 225, 144, 1, 1, 1
