6, 1, 334, 166, 654, 914, 1, 1, 1
7, 1, 364, 253, 449, 827, 1, 1, 1
8, 1, 321, 217, 580, 863, 1, 1, 1
9, 1, 390, 218, 642, 860, 1, 1, 1
10, 1, 224, 127, 892, 951, 1, 1, 1
11, 1, 94, 108, 1042, 971, 1, 1, 1
12, 1, 90, 256, 1043, 824, 1, 1, 1
13, 1, 78, 188, 971, 892, 1, 1, 1
14, 1, 0, 171, 887, 888, 1, 1, 1
15, 1, 0, 104, 819, 934, 1, 1, 1
16, 1, 0, 180, 827, 870, 1, 1, 1
17, 1, 0, 157, 788, 876, 1, 1, 1
18, 1, 0, 254, 800, 797, 1, 1, 1
19, 1, 1, 334, 821, 731, 1, 1, 1
20, 1, 0, 389, 932, 656, 1, 1, 1
21, 1, 0, 274, 1080, 806, 1, 1, 1
22, 1, 0, 311, 1088, 769, 1, 1, 1
23, 1, 0, 176, 1128, 904, 1, 1, 1
24, 1, 317, 397, 829, 683, 1, 1, 1
25, 1, 351, 322, 884, 758, 1, 1, 1
26, 1, 453, 318, 719, 762, 1, 1, 1
11, 2, 751, 228, 871, 852, 1, 1, 1
12, 2, 897, 305, 541, 773, 1, 1, 1
13, 2, 787, 262, 408, 811, 1, 1, 1
14, 2, 661, 248, 382, 694, 1, 1, 1
15, 2, 598, 202, 448, 750, 1, 1, 1
16, 2, 452, 204, 617, 763, 1, 1, 1
17, 2, 500, 211, 645, 664, 1, 1, 1
18, 2, 619, 236, 590, 644, 1, 1, 1
19, 2, 499, 227, 806, 738, 1, 1, 1
20, 2, 475, 189, 825, 548, 1, 1, 1
21, 2, 384, 139, 921, 697, 1, 1, 1
22, 2, 412, 175, 938, 774, 1, 1, 1
23, 2, 539, 193, 895, 868, 1, 1, 1
24, 2, 518, 229, 995, 851, 1, 1, 1
25, 2, 616, 271, 1065, 809, 1, 1, 1
26, 2, 696, 295, 1070, 784, 1, 1, 1
27, 2, 970, 372, 755, 708, 1, 1, 1
