3, 1, 188, 66, 216, 294, 1, 1, 1
4, 1, 195, 88, 288, 271, 1, 1, 1
5, 1, 164, 130, 338, 230, 1, 1, 1
6, 1, 122, 148, 378, 212, 1, 1, 1
7, 1, 158, 136, 392, 224, 1, 1, 1
8, 1, 316, 178, 234, 182, 1, 1, 1
9, 1, 176, 195, 374, 165, 1, 1, 1
10, 1, 232, 202, 318, 158, 1, 1, 1
11, 1, 245, 218, 305, 142, 1, 1, 1
12, 1, 278, 216, 272, 144, 1, 1, 1
13, 1, 287, 209, 263, 151, 1, 1, 1
14, 1, 256, 172, 294, 188, 1, 1, 1
15, 1, 265, 172, 273, 188, 1, 1, 1
16, 1, 306, 195, 237, 165, 1, 1, 1
17, 1, 369, 206, 176, 154, 1, 1, 1
18, 1, 397, 211, 128, 149, 1, 1, 1
19, 1, 404, 205, 95, 155, 1, 1, 1
4, 2, 333, 1, 146, 359, 1, 1, 1
5, 2, 318, 10, 149, 350, 1, 1, 1
6, 2, 241, 14, 272, 346, 1, 1, 1
7, 2, 212, 19, 338, 341, 1, 1, 1
8, 2, 140, 29, 399, 331, 1, 1, 1
9, 2, 83, 27, 418, 333, 1, 1, 1
10, 2, 61, 17, 408, 343, 1, 1, 1
11, 2, 33, 0, 414, 360, 1, 1, 1
12, 2, 12, 0, 421, 360, 1, 1, 1
13, 2, 0, 0, 415, 360, 1, 1, 1
14, 2, 0, 32, 378, 328, 1, 1, 1
15, 2, 0, 57, 390, 303, 1, 1, 1
16, 2, 0, 96, 461, 264, 1, 1, 1
17, 2, 41, 112, 467, 248, 1, 1, 1
18, 2, 33, 114, 472, 246, 1, 1, 1
19, 2, 62, 108, 432, 252, 1, 1, 1
20, 2, 88, 86, 369, 274, 1, 1, 1
21, 2, 71, 72, 362, 288, 1, 1, 1
22, 2, 94, 49, 336, 311, 1, 1, 1
23, 2, 225, 42, 268, 318, 1, 1, 1
