1, 4, 122, 53, 7, 26, 1, 1, 1
2, 4, 116, 63, 53, 31, 1, 1, 1
3, 4, 198, 0, 70, 87, 1, 1, 1
4, 4, 206, 6, 79, 85, 1, 1, 1
5, 4, 152, 10, 142, 85, 1, 1, 1
7, 4, 197, 28, 36, 7, 1, 1, 1
8, 4, 207, 40, 30, 5, 1, 1, 1
9, 4, 222, 48, 40, 6, 1, 1, 1
10, 4, 235, 52, 46, 8, 1, 1, 1
11, 4, 246, 55, 56, 10, 1, 1, 1
12, 4, 233, 56, 124, 79, 1, 1, 1
13, 4, 235, 53, 102, 86, 1, 1, 1
14, 4, 207, 51, 116, 15, 1, 1, 1
15, 4, 167, 50, 115, 14, 1, 1, 1
16, 4, 134, 55, 65, 99, 1, 1, 1
17, 4, 107, 55, 58, 7, 1, 1, 1
18, 4, 84, 54, 80, 7, 1, 1, 1
19, 4, 78, 44, 156, 24, 1, 1, 1
20, 4, 64, 50, 84, 13, 1, 1, 1
21, 4, 57, 46, 88, 19, 1, 1, 1
22, 4, 31, 42, 113, 75, 1, 1, 1
23, 4, 18, 9, 148, 111, 1, 1, 1
24, 4, 23, 26, 96, 84, 1, 1, 1
25, 4, 8, 11, 109, 81, 1, 1, 1
26, 4, 28, 27, 92, 75, 1, 1, 1
27, 4, 38, 23, 88, 78, 1, 1, 1
28, 4, 47, 35, 82, 70, 1, 1, 1
29, 4, 59, 43, 71, 65, 1, 1, 1
30, 4, 64, 59, 71, 57, 1, 1, 1
31, 4, 76, 59, 63, 57, 1, 1, 1
32, 4, 86, 65, 67, 52, 1, 1, 1
33, 4, 108, 55, 52, 62, 1, 1, 1
34, 4, 121, 61, 56, 54, 1, 1, 1
35, 4, 152, 51, 41, 53, 1, 1, 1
36, 4, 167, 58, 48, 44, 1, 1, 1
37, 4, 185, 46, 45, 55, 1, 1, 1
38, 4, 198, 51, 44, 34, 1, 1, 1
39, 4, 100, 52, 52, 14, 1, 1, 1
40, 4, 96, 41, 88, 61, 1, 1, 1
41, 4, 102, 36, 60, 24, 1, 1, 1
42, 4, 140, 46, 19, 22, 1, 1, 1
