23, 12, 1226, 316, 242, 397, 1, 1, 1
24, 12, 1155, 321, 227, 412, 1, 1, 1
25, 12, 1025, 296, 390, 457, 1, 1, 1
26, 12, 1033, 271, 335, 494, 1, 1, 1
27, 12, 1031, 251, 269, 513, 1, 1, 1
28, 12, 1035, 227, 226, 517, 1, 1, 1
31, 9, 1267, 339, 274, 583, 1, 1, 1
32, 9, 1132, 368, 394, 672, 1, 1, 1
33, 9, 1077, 343, 424, 669, 1, 1, 1
34, 9, 1061, 294, 269, 507, 1, 1, 1
35, 9, 1036, 249, 207, 559, 1, 1, 1
36, 9, 1020, 243, 197, 555, 1, 1, 1
37, 10, 1522, 265, 319, 815, 1, 1, 1
38, 10, 1519, 277, 326, 803, 1, 1, 1
39, 10, 1544, 289, 312, 770, 1, 1, 1
40, 10, 1524, 292, 338, 774, 1, 1, 1
41, 10, 1535, 283, 324, 780, 1, 1, 1
42, 10, 1545, 293, 297, 760, 1, 1, 1
43, 10, 1538, 287, 247, 746, 1, 1, 1
44, 10, 1471, 291, 263, 659, 1, 1, 1
45, 10, 1443, 291, 236, 662, 1, 1, 1
46, 10, 1384, 303, 239, 616, 1, 1, 1
47, 10, 1233, 310, 377, 601, 1, 1, 1
48, 10, 1202, 282, 336, 568, 1, 1, 1
49, 10, 1151, 233, 216, 565, 1, 1, 1
50, 10, 1053, 221, 295, 582, 1, 1, 1
51, 10, 1042, 217, 193, 573, 1, 1, 1
52, 10, 942, 213, 258, 571, 1, 1, 1
53, 10, 871, 211, 269, 562, 1, 1, 1
46, 16, 1385, 301, 274, 552, 1, 1, 1
47, 16, 847, 302, 803, 778, 1, 1, 1
48, 16, 1401, 309, 234, 544, 1, 1, 1
49, 16, 1382, 287, 251, 515, 1, 1, 1
50, 16, 1340, 246, 216, 518, 1, 1, 1
51, 16, 1304, 233, 170, 533, 1, 1, 1
58, 15, 1256, 248, 321, 760, 1, 1, 1
59, 15, 1163, 239, 435, 759, 1, 1, 1
60, 15, 1146, 233, 448, 731, 1, 1, 1
61, 15, 1125, 194, 406, 664, 1, 1, 1
62, 15, 1070, 156, 253, 685, 1, 1, 1
63, 15, 1116, 141, 174, 702, 1, 1, 1
64, 15, 1090, 155, 178, 678, 1, 1, 1
61, 18, 1190, 197, 390, 862, 1, 1, 1
62, 18, 1038, 223, 503, 831, 1, 1, 1
63, 18, 1015, 206, 485, 805, 1, 1, 1
64, 18, 986, 181, 296, 717, 1, 1, 1
65, 18, 979, 174, 224, 738, 1, 1, 1
66, 18, 966, 173, 221, 732, 1, 1, 1
