1, 1, 284, 275, 507, 1028, 1, 1, 1
2, 1, 283, 315, 500, 1006, 1, 1, 1
3, 1, 301, 327, 404, 988, 1, 1, 1
4, 1, 320, 349, 282, 990, 1, 1, 1
5, 1, 238, 326, 311, 993, 1, 1, 1
6, 1, 177, 301, 268, 954, 1, 1, 1
7, 1, 157, 321, 266, 941, 1, 1, 1
8, 1, 129, 312, 336, 891, 1, 1, 1
9, 1, 175, 345, 273, 876, 1, 1, 1
10, 1, 152, 333, 257, 861, 1, 1, 1
11, 1, 152, 349, 265, 879, 1, 1, 1
12, 1, 117, 346, 261, 862, 1, 1, 1
13, 1, 65, 359, 290, 825, 1, 1, 1
14, 1, 78, 362, 295, 824, 1, 1, 1
15, 1, 102, 344, 316, 862, 1, 1, 1
16, 1, 148, 359, 312, 829, 1, 1, 1
17, 1, 182, 332, 278, 857, 1, 1, 1
18, 1, 176, 337, 250, 856, 1, 1, 1
19, 1, 171, 335, 248, 841, 1, 1, 1
20, 1, 88, 373, 247, 736, 1, 1, 1
21, 1, 50, 376, 238, 730, 1, 1, 1
