5, 3, 72, 101, 164, 125, 1, 1, 1
6, 3, 51, 94, 203, 142, 1, 1, 1
7, 3, 31, 102, 241, 138, 1, 1, 1
8, 3, 45, 103, 233, 121, 1, 1, 1
9, 3, 78, 102, 218, 122, 1, 1, 1
10, 3, 65, 94, 269, 132, 1, 1, 1
11, 3, 110, 106, 254, 142, 1, 1, 1
12, 3, 107, 118, 238, 128, 1, 1, 1
13, 3, 101, 132, 199, 96, 1, 1, 1
14, 3, 54, 140, 225, 89, 1, 1, 1
15, 3, 43, 129, 234, 104, 1, 1, 1
16, 3, 55, 135, 228, 103, 1, 1, 1
17, 3, 92, 142, 233, 106, 1, 1, 1
18, 3, 114, 162, 222, 79, 1, 1, 1
19, 3, 63, 162, 271, 68, 1, 1, 1
20, 3, 91, 155, 251, 69, 1, 1, 1
21, 3, 98, 170, 274, 59, 1, 1, 1
22, 3, 76, 174, 285, 56, 1, 1, 1
23, 3, 87, 173, 259, 59, 1, 1, 1
24, 3, 107, 172, 249, 61, 1, 1, 1
25, 3, 66, 167, 267, 75, 1, 1, 1
26, 3, 64, 155, 264, 83, 1, 1, 1
27, 3, 82, 148, 260, 86, 1, 1, 1
28, 3, 92, 134, 233, 96, 1, 1, 1
