1, 4, 1119, 274, 328, 434, 1, 1, 1
2, 4, 1156, 281, 335, 429, 1, 1, 1
3, 4, 1170, 286, 333, 422, 1, 1, 1
4, 4, 1187, 299, 316, 414, 1, 1, 1
5, 4, 1222, 297, 280, 411, 1, 1, 1
6, 4, 1291, 287, 211, 421, 1, 1, 1
7, 4, 1333, 282, 187, 431, 1, 1, 1
8, 4, 1336, 298, 275, 418, 1, 1, 1
9, 4, 1409, 310, 282, 404, 1, 1, 1
10, 4, 1409, 313, 333, 415, 1, 1, 1
11, 4, 1409, 315, 373, 412, 1, 1, 1
12, 4, 1417, 329, 397, 408, 1, 1, 1
13, 4, 1472, 355, 366, 393, 1, 1, 1
14, 4, 1477, 367, 361, 383, 1, 1, 1
15, 4, 1473, 367, 356, 387, 1, 1, 1
16, 4, 1528, 375, 254, 429, 1, 1, 1
17, 4, 1556, 381, 245, 422, 1, 1, 1
18, 4, 1527, 368, 300, 435, 1, 1, 1
19, 4, 1527, 369, 345, 470, 1, 1, 1
20, 4, 1531, 378, 372, 457, 1, 1, 1
21, 4, 1509, 377, 411, 455, 1, 1, 1
22, 4, 1485, 380, 435, 459, 1, 1, 1
23, 4, 1445, 377, 475, 455, 1, 1, 1
24, 4, 1416, 379, 502, 453, 1, 1, 1
25, 3, 1332, 385, 448, 350, 1, 1, 1
26, 3, 1406, 360, 412, 375, 1, 1, 1
27, 3, 1484, 356, 326, 379, 1, 1, 1
28, 3, 1547, 355, 264, 418, 1, 1, 1
29, 3, 1624, 355, 187, 393, 1, 1, 1
30, 3, 1731, 369, 149, 383, 1, 1, 1
31, 3, 1732, 366, 188, 375, 1, 1, 1
32, 3, 1732, 387, 188, 376, 1, 1, 1
33, 3, 1738, 384, 182, 365, 1, 1, 1
34, 3, 1823, 409, 97, 351, 1, 1, 1
35, 3, 1824, 419, 96, 336, 1, 1, 1
36, 3, 1832, 404, 88, 367, 1, 1, 1
37, 3, 1770, 413, 150, 422, 1, 1, 1
38, 3, 1678, 424, 242, 416, 1, 1, 1
39, 3, 1621, 409, 299, 428, 1, 1, 1
40, 3, 1591, 394, 329, 458, 1, 1, 1
