33, 1, 694, 352, 251, 268, 1, 1, 1
34, 1, 688, 366, 257, 272, 1, 1, 1
35, 1, 687, 368, 258, 275, 1, 1, 1
36, 1, 688, 369, 259, 279, 1, 1, 1
37, 1, 695, 367, 258, 283, 1, 1, 1
38, 1, 693, 364, 266, 291, 1, 1, 1
39, 1, 714, 365, 251, 300, 1, 1, 1
40, 1, 730, 378, 236, 302, 1, 1, 1
75, 8, 919, 351, 116, 161, 1, 1, 1
76, 8, 930, 349, 116, 160, 1, 1, 1
77, 8, 948, 333, 118, 167, 1, 1, 1
78, 8, 968, 300, 115, 162, 1, 1, 1
79, 8, 987, 279, 111, 176, 1, 1, 1
80, 8, 989, 274, 123, 165, 1, 1, 1
81, 8, 1008, 280, 105, 173, 1, 1, 1
82, 8, 985, 283, 133, 160, 1, 1, 1
83, 8, 989, 286, 124, 166, 1, 1, 1
84, 8, 992, 287, 127, 170, 1, 1, 1
85, 8, 987, 288, 133, 193, 1, 1, 1
86, 8, 992, 301, 129, 192, 1, 1, 1
87, 8, 997, 320, 132, 194, 1, 1, 1
88, 8, 1002, 327, 131, 179, 1, 1, 1
89, 8, 1004, 331, 136, 198, 1, 1, 1
90, 8, 1027, 326, 118, 189, 1, 1, 1
