1, 1, 451, 107, 596, 794, 1, 1, 1
2, 1, 228, 163, 874, 754, 1, 1, 1
3, 1, 83, 118, 934, 793, 1, 1, 1
4, 1, 151, 145, 869, 771, 1, 1, 1
5, 1, 152, 138, 747, 663, 1, 1, 1
6, 1, 554, 0, 381, 874, 1, 1, 1
7, 1, 563, 0, 406, 1052, 1, 1, 1
8, 1, 458, 0, 666, 982, 1, 1, 1
9, 1, 556, 1, 533, 1012, 1, 1, 1
10, 1, 568, 190, 566, 827, 1, 1, 1
11, 1, 519, 352, 477, 698, 1, 1, 1
12, 1, 353, 393, 607, 643, 1, 1, 1
13, 1, 0, 256, 868, 824, 1, 1, 1
14, 1, 145, 302, 699, 778, 1, 1, 1
15, 1, 123, 364, 642, 716, 1, 1, 1
16, 1, 83, 500, 754, 580, 1, 1, 1
17, 1, 183, 524, 898, 556, 1, 1, 1
18, 1, 290, 540, 815, 540, 1, 1, 1
19, 1, 328, 454, 729, 626, 1, 1, 1
20, 1, 319, 263, 733, 817, 1, 1, 1
21, 1, 301, 60, 776, 1020, 1, 1, 1
22, 1, 299, 94, 912, 986, 1, 1, 1
23, 1, 289, 188, 1012, 891, 1, 1, 1
24, 1, 455, 262, 1011, 818, 1, 1, 1
25, 1, 292, 267, 1324, 752, 1, 1, 1
26, 1, 297, 315, 1367, 707, 1, 1, 1
27, 1, 389, 151, 1376, 866, 1, 1, 1
28, 1, 747, 138, 1082, 941, 1, 1, 1
29, 1, 576, 308, 1161, 771, 1, 1, 1
30, 1, 447, 306, 1414, 774, 1, 1, 1
31, 1, 797, 343, 1107, 737, 1, 1, 1
32, 1, 727, 226, 717, 854, 1, 1, 1
33, 1, 329, 242, 1064, 838, 1, 1, 1
34, 1, 402, 103, 839, 977, 1, 1, 1
35, 1, 424, 0, 794, 1079, 1, 1, 1
36, 1, 416, 0, 649, 1080, 1, 1, 1
37, 1, 393, 0, 695, 1079, 1, 1, 1
38, 1, 351, 59, 477, 1021, 1, 1, 1
39, 1, 174, 0, 559, 1080, 1, 1, 1
40, 1, 0, 30, 680, 1050, 1, 1, 1
41, 1, 0, 0, 861, 1080, 1, 1, 1
42, 1, 0, 0, 1153, 1080, 1, 1, 1
43, 1, 168, 0, 951, 848, 1, 1, 1
44, 1, 423, 0, 563, 250, 1, 1, 1
45, 1, 454, 0, 446, 212, 1, 1, 1
46, 1, 462, 0, 421, 202, 1, 1, 1
47, 1, 474, 0, 472, 182, 1, 1, 1
48, 1, 490, 22, 357, 692, 1, 1, 1
