35, 3, 460, 148, 158, 162, 1, 1, 1
36, 3, 388, 151, 166, 168, 1, 1, 1
37, 3, 321, 156, 170, 167, 1, 1, 1
38, 3, 277, 160, 170, 167, 1, 1, 1
39, 3, 248, 158, 172, 170, 1, 1, 1
40, 3, 237, 160, 174, 169, 1, 1, 1
41, 3, 235, 164, 175, 170, 1, 1, 1
42, 3, 237, 167, 174, 169, 1, 1, 1
43, 3, 239, 167, 172, 171, 1, 1, 1
44, 3, 232, 170, 175, 172, 1, 1, 1
45, 3, 234, 172, 172, 170, 1, 1, 1
46, 3, 236, 167, 173, 173, 1, 1, 1
47, 3, 239, 168, 174, 171, 1, 1, 1
48, 3, 242, 166, 173, 170, 1, 1, 1
49, 3, 248, 168, 170, 168, 1, 1, 1
50, 3, 264, 165, 169, 171, 1, 1, 1
51, 3, 309, 167, 162, 169, 1, 1, 1
52, 3, 349, 166, 152, 167, 1, 1, 1
53, 3, 379, 169, 144, 164, 1, 1, 1
54, 3, 407, 174, 139, 153, 1, 1, 1
55, 3, 434, 173, 138, 153, 1, 1, 1
56, 3, 449, 166, 152, 156, 1, 1, 1
