153, 1, 445, 109, 573, 440, 1, 1, 1
154, 1, 415, 116, 607, 469, 1, 1, 1
155, 1, 425, 134, 524, 449, 1, 1, 1
156, 1, 400, 128, 448, 466, 1, 1, 1
157, 1, 407, 139, 476, 425, 1, 1, 1
158, 1, 398, 149, 443, 450, 1, 1, 1
159, 1, 333, 136, 420, 502, 1, 1, 1
160, 1, 291, 122, 454, 528, 1, 1, 1
161, 1, 305, 145, 405, 503, 1, 1, 1
162, 1, 315, 141, 332, 515, 1, 1, 1
163, 1, 296, 153, 314, 493, 1, 1, 1
164, 1, 287, 168, 532, 514, 1, 1, 1
165, 1, 216, 174, 357, 516, 1, 1, 1
166, 1, 207, 191, 324, 501, 1, 1, 1
167, 1, 175, 222, 347, 466, 1, 1, 1
168, 1, 190, 225, 309, 451, 1, 1, 1
169, 1, 104, 225, 409, 440, 1, 1, 1
170, 1, 76, 238, 430, 430, 1, 1, 1
171, 1, 58, 233, 408, 459, 1, 1, 1
172, 1, 63, 196, 389, 505, 1, 1, 1
173, 1, 47, 174, 377, 522, 1, 1, 1
174, 1, 36, 174, 393, 519, 1, 1, 1
175, 1, 32, 169, 410, 499, 1, 1, 1
176, 1, 0, 176, 460, 473, 1, 1, 1
251, 2, 559, 0, 500, 347, 1, 1, 1
252, 2, 563, 0, 482, 348, 1, 1, 1
253, 2, 591, 0, 428, 348, 1, 1, 1
254, 2, 623, 0, 398, 354, 1, 1, 1
255, 2, 622, 6, 391, 353, 1, 1, 1
256, 2, 611, 18, 392, 353, 1, 1, 1
257, 2, 533, 35, 403, 357, 1, 1, 1
258, 2, 527, 36, 401, 346, 1, 1, 1
259, 2, 505, 44, 396, 356, 1, 1, 1
260, 2, 417, 52, 457, 359, 1, 1, 1
261, 2, 396, 64, 464, 357, 1, 1, 1
262, 2, 398, 64, 445, 361, 1, 1, 1
263, 2, 408, 73, 388, 352, 1, 1, 1
264, 2, 466, 72, 336, 388, 1, 1, 1
265, 2, 467, 63, 341, 363, 1, 1, 1
266, 2, 469, 62, 342, 361, 1, 1, 1
267, 2, 482, 57, 326, 325, 1, 1, 1
268, 2, 485, 56, 316, 386, 1, 1, 1
269, 2, 514, 50, 273, 375, 1, 1, 1
270, 2, 492, 55, 244, 374, 1, 1, 1
271, 2, 502, 73, 221, 345, 1, 1, 1
272, 2, 507, 82, 220, 334, 1, 1, 1
273, 2, 530, 81, 193, 192, 1, 1, 1
274, 2, 529, 78, 194, 197, 1, 1, 1
275, 2, 535, 74, 202, 217, 1, 1, 1
