13, 4, 865, 333, 250, 450, 1, 1, 1
14, 4, 875, 323, 238, 461, 1, 1, 1
15, 4, 883, 319, 218, 468, 1, 1, 1
16, 4, 889, 317, 209, 469, 1, 1, 1
17, 4, 891, 318, 205, 468, 1, 1, 1
18, 4, 894, 320, 201, 467, 1, 1, 1
19, 4, 897, 318, 198, 467, 1, 1, 1
20, 4, 903, 324, 189, 461, 1, 1, 1
21, 4, 903, 328, 173, 456, 1, 1, 1
22, 4, 898, 324, 156, 460, 1, 1, 1
23, 4, 890, 327, 156, 456, 1, 1, 1
24, 4, 873, 330, 188, 454, 1, 1, 1
25, 4, 869, 333, 199, 439, 1, 1, 1
26, 4, 900, 337, 183, 434, 1, 1, 1
27, 4, 901, 347, 208, 423, 1, 1, 1
28, 4, 904, 351, 239, 419, 1, 1, 1
29, 4, 902, 359, 271, 415, 1, 1, 1
30, 4, 904, 365, 299, 411, 1, 1, 1
31, 4, 906, 362, 313, 415, 1, 1, 1
32, 4, 896, 356, 335, 416, 1, 1, 1
33, 4, 877, 357, 368, 423, 1, 1, 1
34, 4, 874, 357, 382, 427, 1, 1, 1
35, 4, 871, 355, 380, 429, 1, 1, 1
36, 4, 869, 351, 372, 434, 1, 1, 1
38, 2, 471, 387, 250, 349, 1, 1, 1
39, 2, 465, 383, 287, 352, 1, 1, 1
40, 2, 451, 384, 323, 351, 1, 1, 1
41, 2, 438, 383, 336, 352, 1, 1, 1
42, 2, 429, 379, 339, 358, 1, 1, 1
43, 2, 417, 377, 346, 360, 1, 1, 1
44, 2, 408, 375, 347, 363, 1, 1, 1
45, 2, 392, 376, 352, 364, 1, 1, 1
46, 2, 387, 377, 346, 360, 1, 1, 1
47, 2, 381, 376, 341, 346, 1, 1, 1
48, 2, 371, 373, 342, 356, 1, 1, 1
49, 2, 362, 375, 345, 355, 1, 1, 1
50, 2, 352, 373, 351, 358, 1, 1, 1
16, 5, 777, 283, 157, 437, 1, 1, 1
17, 5, 782, 281, 143, 437, 1, 1, 1
18, 5, 789, 287, 115, 438, 1, 1, 1
19, 5, 796, 288, 104, 448, 1, 1, 1
20, 5, 795, 291, 108, 444, 1, 1, 1
21, 5, 798, 289, 114, 445, 1, 1, 1
22, 5, 796, 285, 127, 450, 1, 1, 1
23, 5, 798, 283, 127, 449, 1, 1, 1
24, 5, 776, 284, 153, 457, 1, 1, 1
25, 5, 778, 285, 151, 454, 1, 1, 1
26, 5, 776, 295, 164, 445, 1, 1, 1
27, 5, 774, 292, 157, 448, 1, 1, 1
28, 5, 759, 292, 168, 450, 1, 1, 1
29, 5, 757, 296, 172, 447, 1, 1, 1
30, 5, 753, 306, 189, 438, 1, 1, 1
31, 5, 751, 330, 223, 415, 1, 1, 1
32, 5, 731, 342, 256, 404, 1, 1, 1
33, 5, 720, 342, 264, 406, 1, 1, 1
34, 5, 713, 338, 271, 409, 1, 1, 1
35, 5, 727, 334, 282, 412, 1, 1, 1
36, 5, 743, 331, 305, 413, 1, 1, 1
48, 6, 884, 333, 141, 378, 1, 1, 1
49, 6, 878, 329, 137, 382, 1, 1, 1
50, 6, 861, 328, 147, 382, 1, 1, 1
51, 6, 863, 330, 139, 383, 1, 1, 1
52, 6, 853, 332, 139, 382, 1, 1, 1
53, 6, 838, 332, 153, 277, 1, 1, 1
54, 6, 834, 332, 165, 287, 1, 1, 1
55, 6, 838, 330, 170, 292, 1, 1, 1
56, 6, 816, 329, 206, 307, 1, 1, 1
57, 6, 801, 330, 238, 331, 1, 1, 1
58, 6, 787, 332, 257, 338, 1, 1, 1
59, 6, 776, 333, 266, 341, 1, 1, 1
60, 6, 763, 331, 275, 346, 1, 1, 1
61, 6, 758, 329, 278, 340, 1, 1, 1
62, 6, 755, 331, 282, 337, 1, 1, 1
