8, 6, 815, 591, 527, 489, 1, 1, 1
9, 6, 807, 590, 532, 490, 1, 1, 1
10, 6, 808, 590, 532, 490, 1, 1, 1
11, 6, 811, 590, 528, 490, 1, 1, 1
12, 6, 802, 592, 535, 488, 1, 1, 1
13, 6, 778, 594, 559, 486, 1, 1, 1
14, 6, 756, 595, 582, 485, 1, 1, 1
15, 6, 725, 565, 613, 514, 1, 1, 1
16, 6, 698, 559, 641, 521, 1, 1, 1
17, 6, 700, 550, 639, 530, 1, 1, 1
18, 6, 745, 532, 595, 548, 1, 1, 1
19, 6, 813, 513, 525, 567, 1, 1, 1
20, 6, 814, 494, 521, 586, 1, 1, 1
21, 6, 815, 480, 505, 600, 1, 1, 1
22, 6, 814, 467, 500, 613, 1, 1, 1
23, 6, 818, 456, 488, 624, 1, 1, 1
24, 6, 783, 448, 506, 632, 1, 1, 1
25, 6, 766, 442, 509, 638, 1, 1, 1
26, 6, 771, 438, 492, 642, 1, 1, 1
27, 6, 759, 435, 494, 645, 1, 1, 1
