1, 1, 716, 243, 265, 186, 1, 1, 1
2, 1, 782, 290, 205, 189, 1, 1, 1
3, 1, 807, 371, 212, 225, 1, 1, 1
4, 1, 851, 493, 208, 205, 1, 1, 1
5, 1, 793, 607, 241, 253, 1, 1, 1
6, 1, 790, 583, 170, 303, 1, 1, 1
7, 1, 706, 435, 159, 269, 1, 1, 1
8, 1, 654, 397, 200, 273, 1, 1, 1
9, 1, 611, 409, 249, 229, 1, 1, 1
10, 1, 596, 451, 248, 231, 1, 1, 1
11, 1, 567, 496, 235, 181, 1, 1, 1
12, 1, 579, 598, 168, 222, 1, 1, 1
13, 1, 587, 698, 208, 262, 1, 1, 1
14, 1, 676, 633, 172, 264, 1, 1, 1
1, 2, 512, 336, 265, 145, 1, 1, 1
2, 2, 543, 386, 261, 161, 1, 1, 1
3, 2, 591, 470, 241, 208, 1, 1, 1
4, 2, 603, 585, 260, 217, 1, 1, 1
5, 2, 582, 685, 243, 262, 1, 1, 1
6, 2, 579, 642, 181, 330, 1, 1, 1
7, 2, 527, 485, 144, 341, 1, 1, 1
8, 2, 487, 466, 188, 284, 1, 1, 1
9, 2, 459, 503, 195, 235, 1, 1, 1
10, 2, 440, 575, 211, 230, 1, 1, 1
11, 2, 399, 657, 235, 255, 1, 1, 1
12, 2, 374, 794, 256, 283, 1, 1, 1
13, 2, 448, 795, 193, 283, 1, 1, 1
14, 2, 498, 715, 197, 323, 1, 1, 1
