1, 5, 574, 305, 74, 183, 1, 1, 1
2, 5, 621, 300, 67, 203, 1, 1, 1
3, 5, 589, 281, 79, 201, 1, 1, 1
4, 5, 531, 258, 93, 193, 1, 1, 1
5, 5, 498, 236, 97, 206, 1, 1, 1
6, 5, 475, 233, 91, 213, 1, 1, 1
7, 5, 532, 236, 96, 195, 1, 1, 1
8, 5, 545, 212, 95, 216, 1, 1, 1
9, 5, 524, 214, 93, 220, 1, 1, 1
10, 5, 483, 241, 111, 211, 1, 1, 1
11, 5, 480, 243, 105, 215, 1, 1, 1
12, 5, 481, 251, 100, 215, 1, 1, 1
13, 5, 535, 241, 93, 206, 1, 1, 1
14, 5, 623, 246, 102, 202, 1, 1, 1
15, 5, 633, 245, 91, 210, 1, 1, 1
16, 5, 627, 238, 98, 201, 1, 1, 1
17, 5, 638, 224, 92, 205, 1, 1, 1
18, 5, 631, 200, 92, 211, 1, 1, 1
19, 5, 669, 189, 79, 206, 1, 1, 1
20, 5, 681, 189, 92, 208, 1, 1, 1
21, 5, 711, 162, 80, 216, 1, 1, 1
22, 5, 717, 181, 106, 217, 1, 1, 1
23, 5, 713, 170, 92, 206, 1, 1, 1
24, 5, 699, 172, 104, 210, 1, 1, 1
25, 5, 699, 172, 94, 214, 1, 1, 1
26, 5, 694, 173, 101, 216, 1, 1, 1
27, 5, 677, 167, 111, 217, 1, 1, 1
28, 5, 663, 179, 125, 207, 1, 1, 1
29, 5, 656, 192, 133, 214, 1, 1, 1
30, 5, 661, 190, 111, 204, 1, 1, 1
31, 5, 649, 189, 101, 210, 1, 1, 1
32, 5, 665, 174, 106, 223, 1, 1, 1
