1, 1, 381, 319, 616, 401, 1, 1, 1
2, 1, 380, 287, 614, 433, 1, 1, 1
3, 1, 383, 258, 598, 447, 1, 1, 1
4, 1, 386, 240, 598, 453, 1, 1, 1
5, 1, 386, 218, 597, 451, 1, 1, 1
6, 1, 383, 212, 606, 458, 1, 1, 1
7, 1, 378, 210, 602, 459, 1, 1, 1
8, 1, 370, 207, 607, 459, 1, 1, 1
9, 1, 360, 210, 610, 461, 1, 1, 1
10, 1, 343, 212, 618, 460, 1, 1, 1
11, 1, 334, 216, 613, 457, 1, 1, 1
12, 1, 329, 215, 609, 458, 1, 1, 1
13, 1, 327, 217, 605, 455, 1, 1, 1
14, 1, 323, 227, 602, 449, 1, 1, 1
15, 1, 319, 234, 594, 453, 1, 1, 1
16, 1, 321, 246, 581, 437, 1, 1, 1
17, 1, 329, 258, 550, 432, 1, 1, 1
18, 1, 333, 271, 525, 421, 1, 1, 1
19, 1, 328, 272, 510, 417, 1, 1, 1
20, 1, 312, 271, 514, 419, 1, 1, 1
21, 1, 297, 275, 529, 415, 1, 1, 1
22, 1, 286, 282, 543, 407, 1, 1, 1
23, 1, 278, 283, 559, 410, 1, 1, 1
24, 1, 274, 278, 567, 427, 1, 1, 1
25, 1, 275, 270, 588, 427, 1, 1, 1
26, 1, 281, 262, 582, 425, 1, 1, 1
27, 1, 293, 252, 580, 429, 1, 1, 1
28, 1, 305, 245, 573, 426, 1, 1, 1
29, 1, 312, 247, 564, 421, 1, 1, 1
30, 1, 313, 246, 570, 417, 1, 1, 1
31, 1, 313, 245, 570, 419, 1, 1, 1
32, 1, 308, 242, 577, 414, 1, 1, 1
33, 1, 305, 236, 585, 418, 1, 1, 1
34, 1, 303, 230, 592, 420, 1, 1, 1
35, 1, 300, 229, 597, 410, 1, 1, 1
36, 1, 297, 231, 593, 408, 1, 1, 1
37, 1, 297, 229, 568, 413, 1, 1, 1
38, 1, 300, 226, 564, 410, 1, 1, 1
39, 1, 302, 220, 557, 410, 1, 1, 1
40, 1, 304, 216, 551, 415, 1, 1, 1
41, 1, 305, 216, 547, 416, 1, 1, 1
42, 1, 304, 215, 541, 415, 1, 1, 1
43, 1, 297, 222, 550, 407, 1, 1, 1
44, 1, 291, 226, 558, 406, 1, 1, 1
45, 1, 280, 222, 554, 408, 1, 1, 1
46, 1, 268, 221, 548, 407, 1, 1, 1
47, 1, 249, 216, 524, 415, 1, 1, 1
48, 1, 234, 219, 490, 408, 1, 1, 1
49, 1, 221, 220, 487, 407, 1, 1, 1
50, 1, 210, 221, 503, 405, 1, 1, 1
51, 1, 205, 219, 508, 401, 1, 1, 1
52, 1, 191, 216, 513, 398, 1, 1, 1
11, 4, 922, 454, 239, 223, 1, 1, 1
12, 4, 903, 450, 267, 223, 1, 1, 1
13, 4, 913, 455, 268, 218, 1, 1, 1
14, 4, 854, 460, 324, 219, 1, 1, 1
15, 4, 865, 465, 297, 222, 1, 1, 1
16, 4, 853, 468, 269, 211, 1, 1, 1
17, 4, 843, 469, 278, 208, 1, 1, 1
18, 4, 834, 459, 295, 220, 1, 1, 1
19, 4, 831, 468, 292, 204, 1, 1, 1
20, 4, 820, 471, 254, 201, 1, 1, 1
21, 4, 809, 476, 257, 126, 1, 1, 1
22, 4, 803, 480, 230, 188, 1, 1, 1
23, 4, 784, 477, 241, 203, 1, 1, 1
24, 4, 793, 477, 240, 201, 1, 1, 1
25, 4, 802, 470, 226, 196, 1, 1, 1
26, 4, 824, 464, 226, 200, 1, 1, 1
27, 4, 798, 456, 261, 195, 1, 1, 1
28, 4, 800, 452, 235, 189, 1, 1, 1
29, 4, 805, 445, 232, 192, 1, 1, 1
30, 4, 805, 442, 243, 194, 1, 1, 1
31, 4, 801, 448, 258, 195, 1, 1, 1
32, 4, 799, 449, 256, 200, 1, 1, 1
37, 2, 1087, 401, 193, 231, 1, 1, 1
38, 2, 1069, 389, 211, 242, 1, 1, 1
39, 2, 1049, 387, 231, 242, 1, 1, 1
40, 2, 1034, 391, 246, 229, 1, 1, 1
41, 2, 1029, 381, 251, 234, 1, 1, 1
42, 2, 1018, 370, 262, 241, 1, 1, 1
43, 2, 1007, 379, 273, 234, 1, 1, 1
44, 2, 997, 379, 283, 234, 1, 1, 1
45, 2, 968, 373, 312, 236, 1, 1, 1
46, 2, 949, 384, 314, 221, 1, 1, 1
47, 2, 927, 389, 306, 212, 1, 1, 1
48, 2, 912, 386, 319, 214, 1, 1, 1
49, 2, 889, 387, 340, 210, 1, 1, 1
50, 2, 869, 389, 351, 207, 1, 1, 1
51, 2, 826, 387, 358, 207, 1, 1, 1
52, 2, 813, 385, 317, 210, 1, 1, 1
53, 2, 797, 380, 331, 210, 1, 1, 1
54, 2, 782, 381, 349, 214, 1, 1, 1
55, 2, 765, 382, 362, 213, 1, 1, 1
56, 2, 749, 384, 288, 110, 1, 1, 1
57, 2, 746, 392, 282, 106, 1, 1, 1
58, 2, 749, 398, 269, 103, 1, 1, 1
59, 2, 744, 401, 273, 104, 1, 1, 1
60, 2, 735, 411, 271, 110, 1, 1, 1
61, 2, 744, 417, 292, 208, 1, 1, 1
62, 2, 747, 412, 293, 212, 1, 1, 1
63, 2, 751, 415, 261, 232, 1, 1, 1
64, 2, 756, 424, 233, 208, 1, 1, 1
65, 2, 765, 431, 242, 204, 1, 1, 1
66, 2, 768, 437, 250, 200, 1, 1, 1
67, 2, 767, 439, 266, 201, 1, 1, 1
68, 2, 774, 438, 263, 241, 1, 1, 1
43, 3, 917, 482, 201, 178, 1, 1, 1
44, 3, 906, 481, 191, 179, 1, 1, 1
45, 3, 884, 477, 184, 178, 1, 1, 1
46, 3, 868, 478, 217, 182, 1, 1, 1
47, 3, 850, 482, 233, 177, 1, 1, 1
48, 3, 830, 483, 222, 181, 1, 1, 1
49, 3, 815, 483, 221, 180, 1, 1, 1
50, 3, 810, 474, 221, 185, 1, 1, 1
51, 3, 796, 481, 234, 179, 1, 1, 1
52, 3, 772, 475, 259, 178, 1, 1, 1
53, 3, 752, 475, 253, 180, 1, 1, 1
54, 3, 745, 470, 219, 171, 1, 1, 1
55, 3, 737, 473, 216, 169, 1, 1, 1
56, 3, 734, 475, 238, 174, 1, 1, 1
57, 3, 728, 484, 248, 171, 1, 1, 1
58, 3, 729, 490, 250, 171, 1, 1, 1
59, 3, 725, 491, 216, 176, 1, 1, 1
60, 3, 724, 497, 228, 178, 1, 1, 1
61, 3, 730, 501, 238, 181, 1, 1, 1
62, 3, 735, 503, 246, 176, 1, 1, 1
63, 3, 737, 502, 251, 181, 1, 1, 1
64, 3, 735, 505, 241, 179, 1, 1, 1
65, 3, 738, 512, 227, 168, 1, 1, 1
66, 3, 750, 517, 222, 172, 1, 1, 1
67, 3, 755, 515, 210, 171, 1, 1, 1
68, 3, 755, 519, 223, 171, 1, 1, 1
