1, 1, 953, 78, 544, 890, 1, 1, 1
2, 1, 957, 78, 535, 890, 1, 1, 1
3, 1, 965, 87, 530, 888, 1, 1, 1
4, 1, 952, 96, 547, 881, 1, 1, 1
5, 1, 932, 110, 545, 866, 1, 1, 1
6, 1, 973, 105, 478, 879, 1, 1, 1
7, 1, 992, 99, 448, 886, 1, 1, 1
8, 1, 999, 103, 426, 886, 1, 1, 1
9, 1, 1023, 97, 397, 897, 1, 1, 1
10, 1, 1036, 88, 391, 897, 1, 1, 1
11, 1, 1040, 93, 391, 900, 1, 1, 1
12, 1, 1047, 90, 392, 895, 1, 1, 1
13, 1, 1062, 78, 386, 901, 1, 1, 1
14, 1, 1032, 98, 422, 885, 1, 1, 1
15, 1, 986, 132, 464, 857, 1, 1, 1
16, 1, 969, 136, 477, 852, 1, 1, 1
17, 1, 945, 172, 502, 815, 1, 1, 1
18, 1, 951, 164, 503, 812, 1, 1, 1
19, 1, 958, 169, 498, 813, 1, 1, 1
20, 1, 1022, 182, 429, 785, 1, 1, 1
21, 1, 1015, 184, 431, 783, 1, 1, 1
22, 1, 1019, 194, 431, 769, 1, 1, 1
23, 1, 1000, 228, 454, 740, 1, 1, 1
24, 1, 1001, 227, 453, 741, 1, 1, 1
25, 1, 1005, 229, 450, 743, 1, 1, 1
26, 1, 1007, 226, 450, 744, 1, 1, 1
27, 1, 993, 203, 447, 766, 1, 1, 1
28, 1, 992, 202, 444, 767, 1, 1, 1
29, 1, 969, 200, 465, 770, 1, 1, 1
30, 1, 967, 201, 466, 771, 1, 1, 1
31, 1, 974, 200, 466, 769, 1, 1, 1
32, 1, 977, 201, 467, 769, 1, 1, 1
33, 1, 944, 173, 500, 798, 1, 1, 1
34, 1, 943, 135, 498, 827, 1, 1, 1
35, 1, 936, 150, 498, 827, 1, 1, 1
36, 1, 936, 147, 498, 823, 1, 1, 1
37, 1, 935, 150, 499, 827, 1, 1, 1
38, 1, 940, 151, 494, 823, 1, 1, 1
39, 1, 1070, 81, 363, 884, 1, 1, 1
40, 1, 1064, 69, 365, 904, 1, 1, 1
41, 1, 1062, 60, 369, 905, 1, 1, 1
42, 1, 1052, 62, 380, 903, 1, 1, 1
43, 1, 1023, 43, 416, 910, 1, 1, 1
44, 1, 1055, 167, 389, 783, 1, 1, 1
45, 1, 1065, 143, 392, 802, 1, 1, 1
46, 1, 1052, 118, 538, 828, 1, 1, 1
47, 1, 1046, 119, 534, 831, 1, 1, 1
48, 1, 1030, 124, 541, 827, 1, 1, 1
49, 1, 969, 51, 627, 909, 1, 1, 1
50, 1, 954, 41, 726, 910, 1, 1, 1
51, 1, 1144, 35, 776, 875, 1, 1, 1
52, 1, 1192, 37, 728, 767, 1, 1, 1
53, 1, 1174, 26, 746, 371, 1, 1, 1
54, 1, 1195, 187, 725, 792, 1, 1, 1
55, 1, 1178, 207, 742, 801, 1, 1, 1
56, 1, 1175, 200, 745, 798, 1, 1, 1
57, 1, 1189, 195, 731, 795, 1, 1, 1
58, 1, 1231, 173, 689, 803, 1, 1, 1
59, 1, 1222, 67, 698, 915, 1, 1, 1
