45, 2, 227, 262, 90, 77, 1, 1, 1
46, 2, 206, 264, 117, 83, 1, 1, 1
47, 2, 194, 256, 117, 91, 1, 1, 1
48, 2, 183, 254, 114, 88, 1, 1, 1
49, 2, 165, 258, 129, 82, 1, 1, 1
50, 2, 163, 264, 143, 80, 1, 1, 1
51, 2, 169, 263, 131, 84, 1, 1, 1
52, 2, 152, 262, 154, 93, 1, 1, 1
53, 2, 145, 269, 170, 76, 1, 1, 1
54, 2, 155, 262, 167, 84, 1, 1, 1
55, 2, 158, 256, 152, 97, 1, 1, 1
56, 2, 157, 256, 144, 97, 1, 1, 1
57, 2, 151, 259, 151, 77, 1, 1, 1
58, 2, 143, 258, 146, 86, 1, 1, 1
59, 2, 136, 262, 138, 70, 1, 1, 1
60, 2, 126, 267, 132, 79, 1, 1, 1
42, 3, 489, 233, 114, 56, 1, 1, 1
43, 3, 478, 233, 114, 54, 1, 1, 1
44, 3, 458, 228, 121, 64, 1, 1, 1
45, 3, 461, 234, 114, 59, 1, 1, 1
46, 3, 447, 227, 130, 74, 1, 1, 1
47, 3, 438, 226, 119, 59, 1, 1, 1
48, 3, 432, 218, 126, 71, 1, 1, 1
49, 3, 424, 221, 129, 55, 1, 1, 1
50, 3, 429, 236, 122, 52, 1, 1, 1
51, 3, 435, 239, 121, 61, 1, 1, 1
52, 3, 433, 238, 133, 66, 1, 1, 1
53, 3, 429, 234, 140, 70, 1, 1, 1
54, 3, 443, 228, 133, 67, 1, 1, 1
55, 3, 445, 221, 135, 71, 1, 1, 1
56, 3, 446, 220, 137, 92, 1, 1, 1
57, 3, 450, 224, 106, 86, 1, 1, 1
58, 3, 432, 225, 119, 84, 1, 1, 1
59, 3, 412, 223, 145, 84, 1, 1, 1
60, 3, 394, 230, 156, 81, 1, 1, 1
61, 3, 381, 222, 154, 90, 1, 1, 1
62, 3, 368, 223, 161, 98, 1, 1, 1
63, 3, 358, 232, 163, 81, 1, 1, 1
64, 3, 339, 227, 172, 93, 1, 1, 1
65, 3, 328, 231, 163, 89, 1, 1, 1
66, 3, 327, 228, 151, 92, 1, 1, 1
67, 3, 311, 231, 151, 88, 1, 1, 1
68, 3, 303, 223, 153, 96, 1, 1, 1
69, 3, 296, 218, 146, 99, 1, 1, 1
70, 3, 296, 221, 139, 96, 1, 1, 1
71, 3, 293, 225, 130, 91, 1, 1, 1
72, 3, 293, 221, 123, 98, 1, 1, 1
73, 3, 289, 227, 113, 89, 1, 1, 1
74, 3, 284, 232, 116, 83, 1, 1, 1
75, 3, 281, 230, 106, 93, 1, 1, 1
76, 3, 288, 232, 106, 98, 1, 1, 1
77, 3, 291, 231, 102, 92, 1, 1, 1
78, 3, 287, 232, 102, 85, 1, 1, 1
79, 3, 270, 232, 109, 91, 1, 1, 1
80, 3, 258, 224, 100, 96, 1, 1, 1
1, 5, 654, 155, 45, 40, 1, 1, 1
2, 5, 655, 161, 47, 43, 1, 1, 1
3, 5, 663, 171, 38, 38, 1, 1, 1
4, 5, 664, 178, 40, 46, 1, 1, 1
5, 5, 663, 182, 42, 44, 1, 1, 1
6, 5, 661, 183, 47, 45, 1, 1, 1
7, 5, 671, 184, 47, 51, 1, 1, 1
8, 5, 674, 191, 51, 51, 1, 1, 1
9, 5, 684, 195, 53, 55, 1, 1, 1
10, 5, 683, 186, 49, 59, 1, 1, 1
11, 5, 678, 184, 52, 55, 1, 1, 1
12, 5, 670, 190, 61, 50, 1, 1, 1
13, 5, 671, 183, 64, 62, 1, 1, 1
14, 5, 659, 179, 63, 64, 1, 1, 1
15, 5, 655, 171, 67, 54, 1, 1, 1
16, 5, 643, 176, 74, 56, 1, 1, 1
17, 5, 638, 172, 69, 45, 1, 1, 1
18, 5, 629, 173, 76, 41, 1, 1, 1
50, 5, 570, 218, 74, 44, 1, 1, 1
51, 5, 573, 223, 81, 54, 1, 1, 1
52, 5, 575, 220, 81, 48, 1, 1, 1
53, 5, 582, 219, 82, 54, 1, 1, 1
54, 5, 585, 216, 93, 56, 1, 1, 1
55, 5, 591, 212, 91, 52, 1, 1, 1
56, 5, 593, 213, 103, 49, 1, 1, 1
57, 5, 591, 208, 105, 52, 1, 1, 1
58, 5, 586, 208, 101, 44, 1, 1, 1
59, 5, 575, 215, 95, 44, 1, 1, 1
60, 5, 564, 221, 95, 45, 1, 1, 1
61, 5, 563, 218, 88, 48, 1, 1, 1
62, 5, 566, 211, 96, 47, 1, 1, 1
63, 5, 569, 217, 93, 47, 1, 1, 1
64, 5, 568, 211, 88, 51, 1, 1, 1
65, 5, 568, 214, 81, 52, 1, 1, 1
66, 5, 568, 217, 80, 49, 1, 1, 1
67, 5, 567, 217, 76, 48, 1, 1, 1
68, 5, 558, 217, 86, 42, 1, 1, 1
69, 5, 547, 213, 90, 42, 1, 1, 1
70, 5, 544, 210, 91, 40, 1, 1, 1
71, 5, 535, 213, 102, 34, 1, 1, 1
72, 5, 540, 210, 98, 40, 1, 1, 1
73, 5, 539, 210, 94, 43, 1, 1, 1
74, 5, 541, 210, 85, 43, 1, 1, 1
75, 5, 541, 217, 86, 36, 1, 1, 1
76, 5, 547, 210, 72, 43, 1, 1, 1
77, 5, 550, 217, 69, 32, 1, 1, 1
78, 5, 552, 217, 71, 38, 1, 1, 1
79, 5, 542, 214, 87, 55, 1, 1, 1
80, 5, 536, 206, 69, 83, 1, 1, 1
81, 5, 532, 195, 75, 86, 1, 1, 1
82, 5, 523, 200, 82, 78, 1, 1, 1
83, 5, 509, 200, 89, 80, 1, 1, 1
84, 5, 491, 193, 95, 72, 1, 1, 1
85, 5, 471, 201, 111, 72, 1, 1, 1
86, 5, 461, 200, 117, 93, 1, 1, 1
87, 5, 449, 203, 130, 71, 1, 1, 1
88, 5, 422, 198, 131, 85, 1, 1, 1
89, 5, 396, 198, 138, 75, 1, 1, 1
90, 5, 375, 198, 135, 74, 1, 1, 1
91, 5, 353, 186, 142, 77, 1, 1, 1
92, 5, 338, 186, 141, 74, 1, 1, 1
93, 5, 320, 189, 142, 78, 1, 1, 1
94, 5, 303, 183, 139, 79, 1, 1, 1
95, 5, 304, 184, 139, 63, 1, 1, 1
96, 5, 302, 177, 138, 73, 1, 1, 1
97, 5, 299, 190, 149, 68, 1, 1, 1
98, 5, 309, 187, 143, 69, 1, 1, 1
99, 5, 309, 187, 125, 82, 1, 1, 1
100, 5, 302, 193, 115, 78, 1, 1, 1
101, 5, 281, 199, 122, 70, 1, 1, 1
102, 5, 295, 196, 102, 53, 1, 1, 1
1, 6, 671, 188, 41, 29, 1, 1, 1
2, 6, 671, 193, 45, 35, 1, 1, 1
3, 6, 671, 200, 47, 38, 1, 1, 1
4, 6, 667, 211, 46, 37, 1, 1, 1
5, 6, 664, 214, 47, 41, 1, 1, 1
6, 6, 653, 212, 58, 44, 1, 1, 1
7, 6, 653, 216, 56, 36, 1, 1, 1
8, 6, 663, 225, 44, 36, 1, 1, 1
9, 6, 672, 217, 37, 42, 1, 1, 1
10, 6, 651, 214, 50, 44, 1, 1, 1
11, 6, 636, 207, 58, 38, 1, 1, 1
72, 6, 580, 243, 24, 16, 1, 1, 1
73, 6, 559, 245, 43, 27, 1, 1, 1
74, 6, 543, 252, 66, 29, 1, 1, 1
75, 6, 537, 251, 71, 39, 1, 1, 1
76, 6, 526, 248, 76, 61, 1, 1, 1
77, 6, 519, 247, 83, 54, 1, 1, 1
78, 6, 496, 246, 103, 54, 1, 1, 1
79, 6, 473, 246, 88, 60, 1, 1, 1
80, 6, 446, 243, 98, 75, 1, 1, 1
81, 6, 430, 237, 100, 67, 1, 1, 1
82, 6, 414, 240, 78, 52, 1, 1, 1
83, 6, 384, 235, 83, 63, 1, 1, 1
84, 6, 345, 234, 91, 60, 1, 1, 1
85, 6, 332, 238, 79, 60, 1, 1, 1
86, 6, 320, 247, 73, 62, 1, 1, 1
87, 6, 297, 233, 81, 70, 1, 1, 1
88, 6, 277, 250, 63, 52, 1, 1, 1
89, 6, 268, 242, 57, 49, 1, 1, 1
90, 6, 258, 236, 40, 43, 1, 1, 1
91, 6, 248, 237, 38, 43, 1, 1, 1
92, 6, 154, 228, 102, 46, 1, 1, 1
93, 6, 169, 210, 70, 67, 1, 1, 1
94, 6, 166, 241, 28, 32, 1, 1, 1
95, 6, 148, 229, 62, 37, 1, 1, 1
96, 6, 105, 219, 104, 45, 1, 1, 1
97, 6, 117, 231, 102, 43, 1, 1, 1
98, 6, 129, 228, 93, 58, 1, 1, 1
99, 6, 118, 224, 101, 66, 1, 1, 1
100, 6, 108, 234, 97, 62, 1, 1, 1
101, 6, 97, 247, 74, 65, 1, 1, 1
102, 6, 89, 244, 66, 58, 1, 1, 1
63, 7, 723, 239, 76, 37, 1, 1, 1
64, 7, 712, 239, 83, 40, 1, 1, 1
65, 7, 703, 247, 82, 33, 1, 1, 1
66, 7, 692, 242, 87, 29, 1, 1, 1
67, 7, 679, 250, 51, 28, 1, 1, 1
68, 7, 683, 247, 63, 29, 1, 1, 1
69, 7, 664, 238, 91, 34, 1, 1, 1
70, 7, 656, 238, 89, 22, 1, 1, 1
71, 7, 653, 233, 85, 29, 1, 1, 1
72, 7, 655, 232, 79, 26, 1, 1, 1
73, 7, 638, 239, 86, 44, 1, 1, 1
74, 7, 637, 236, 74, 45, 1, 1, 1
75, 7, 634, 254, 66, 14, 1, 1, 1
76, 7, 633, 247, 74, 25, 1, 1, 1
77, 7, 639, 243, 63, 20, 1, 1, 1
78, 7, 641, 248, 50, 16, 1, 1, 1
79, 7, 635, 249, 51, 14, 1, 1, 1
80, 7, 611, 242, 65, 17, 1, 1, 1
81, 7, 590, 232, 82, 26, 1, 1, 1
82, 7, 588, 229, 71, 30, 1, 1, 1
83, 7, 568, 233, 80, 24, 1, 1, 1
84, 7, 559, 236, 61, 26, 1, 1, 1
85, 7, 542, 239, 77, 31, 1, 1, 1
86, 7, 531, 239, 69, 37, 1, 1, 1
87, 7, 511, 229, 89, 54, 1, 1, 1
88, 7, 495, 228, 89, 52, 1, 1, 1
89, 7, 468, 219, 96, 63, 1, 1, 1
90, 7, 433, 225, 117, 51, 1, 1, 1
91, 7, 418, 219, 104, 57, 1, 1, 1
92, 7, 406, 215, 101, 52, 1, 1, 1
93, 7, 393, 209, 102, 53, 1, 1, 1
94, 7, 373, 217, 90, 48, 1, 1, 1
95, 7, 383, 204, 81, 55, 1, 1, 1
96, 7, 378, 211, 81, 54, 1, 1, 1
97, 7, 390, 207, 89, 58, 1, 1, 1
98, 7, 400, 218, 89, 54, 1, 1, 1
99, 7, 381, 209, 75, 68, 1, 1, 1
100, 7, 365, 216, 76, 56, 1, 1, 1
101, 7, 362, 218, 68, 70, 1, 1, 1
102, 7, 329, 228, 86, 57, 1, 1, 1
