1, 1, 193, 220, 558, 306, 1, 1, 1
2, 1, 178, 219, 575, 310, 1, 1, 1
3, 1, 171, 216, 575, 315, 1, 1, 1
4, 1, 176, 216, 571, 318, 1, 1, 1
5, 1, 168, 214, 563, 322, 1, 1, 1
6, 1, 136, 215, 570, 322, 1, 1, 1
7, 1, 110, 217, 572, 321, 1, 1, 1
8, 1, 166, 216, 504, 343, 1, 1, 1
9, 1, 101, 212, 561, 344, 1, 1, 1
10, 1, 144, 210, 500, 348, 1, 1, 1
11, 1, 124, 211, 508, 346, 1, 1, 1
12, 1, 79, 210, 540, 366, 1, 1, 1
13, 1, 71, 209, 526, 369, 1, 1, 1
14, 1, 56, 203, 488, 375, 1, 1, 1
15, 1, 4, 202, 465, 376, 1, 1, 1
16, 1, 0, 198, 410, 384, 1, 1, 1
17, 1, 0, 195, 372, 387, 1, 1, 1
18, 1, 0, 196, 336, 383, 1, 1, 1
19, 1, 0, 191, 321, 393, 1, 1, 1
20, 1, 0, 192, 376, 389, 1, 1, 1
21, 1, 0, 191, 425, 393, 1, 1, 1
22, 1, 0, 191, 461, 391, 1, 1, 1
23, 1, 0, 191, 484, 374, 1, 1, 1
24, 1, 0, 191, 485, 389, 1, 1, 1
25, 1, 0, 187, 496, 406, 1, 1, 1
26, 1, 0, 182, 514, 402, 1, 1, 1
27, 1, 0, 183, 524, 412, 1, 1, 1
28, 1, 0, 181, 529, 413, 1, 1, 1
29, 1, 0, 180, 535, 412, 1, 1, 1
30, 1, 0, 179, 540, 408, 1, 1, 1
31, 1, 0, 182, 550, 415, 1, 1, 1
32, 1, 0, 183, 565, 412, 1, 1, 1
33, 1, 20, 181, 567, 422, 1, 1, 1
34, 1, 31, 179, 578, 422, 1, 1, 1
35, 1, 7, 175, 629, 426, 1, 1, 1
36, 1, 0, 178, 664, 420, 1, 1, 1
37, 1, 0, 177, 701, 428, 1, 1, 1
38, 1, 21, 178, 706, 417, 1, 1, 1
39, 1, 24, 179, 715, 417, 1, 1, 1
40, 1, 27, 179, 720, 434, 1, 1, 1
41, 1, 34, 179, 722, 432, 1, 1, 1
42, 1, 44, 179, 728, 426, 1, 1, 1
43, 1, 75, 174, 717, 435, 1, 1, 1
44, 1, 76, 176, 744, 433, 1, 1, 1
45, 1, 77, 180, 768, 431, 1, 1, 1
46, 1, 102, 180, 762, 431, 1, 1, 1
47, 1, 159, 182, 716, 426, 1, 1, 1
48, 1, 181, 179, 703, 429, 1, 1, 1
1, 3, 401, 163, 459, 360, 1, 1, 1
2, 3, 365, 158, 500, 372, 1, 1, 1
3, 3, 370, 155, 487, 372, 1, 1, 1
4, 3, 359, 159, 487, 367, 1, 1, 1
5, 3, 375, 162, 449, 366, 1, 1, 1
6, 3, 402, 163, 410, 367, 1, 1, 1
7, 3, 402, 166, 403, 378, 1, 1, 1
8, 3, 362, 166, 426, 372, 1, 1, 1
9, 3, 332, 168, 452, 369, 1, 1, 1
10, 3, 309, 163, 438, 385, 1, 1, 1
11, 3, 281, 159, 442, 385, 1, 1, 1
12, 3, 255, 154, 455, 391, 1, 1, 1
13, 3, 212, 156, 477, 387, 1, 1, 1
14, 3, 152, 154, 507, 389, 1, 1, 1
15, 3, 123, 143, 502, 403, 1, 1, 1
16, 3, 142, 138, 452, 406, 1, 1, 1
17, 3, 107, 132, 461, 420, 1, 1, 1
18, 3, 54, 127, 484, 421, 1, 1, 1
19, 3, 9, 128, 505, 423, 1, 1, 1
20, 3, 11, 140, 533, 420, 1, 1, 1
21, 3, 39, 149, 543, 405, 1, 1, 1
22, 3, 50, 158, 536, 397, 1, 1, 1
23, 3, 62, 156, 536, 404, 1, 1, 1
24, 3, 65, 155, 544, 405, 1, 1, 1
25, 3, 71, 153, 581, 403, 1, 1, 1
26, 3, 97, 155, 607, 402, 1, 1, 1
27, 3, 117, 157, 619, 394, 1, 1, 1
28, 3, 179, 159, 595, 400, 1, 1, 1
29, 3, 268, 155, 548, 401, 1, 1, 1
30, 3, 282, 154, 573, 406, 1, 1, 1
31, 3, 266, 150, 633, 410, 1, 1, 1
32, 3, 279, 150, 677, 439, 1, 1, 1
33, 3, 332, 153, 663, 440, 1, 1, 1
34, 3, 339, 152, 679, 443, 1, 1, 1
35, 3, 336, 150, 706, 447, 1, 1, 1
36, 3, 338, 152, 742, 447, 1, 1, 1
37, 3, 347, 155, 800, 453, 1, 1, 1
38, 3, 466, 148, 765, 461, 1, 1, 1
39, 3, 503, 150, 777, 461, 1, 1, 1
40, 3, 533, 158, 747, 455, 1, 1, 1
41, 3, 560, 156, 720, 458, 1, 1, 1
42, 3, 580, 152, 700, 461, 1, 1, 1
43, 3, 625, 151, 655, 464, 1, 1, 1
44, 3, 641, 147, 639, 468, 1, 1, 1
45, 3, 660, 141, 620, 474, 1, 1, 1
46, 3, 736, 141, 544, 474, 1, 1, 1
47, 3, 835, 147, 445, 465, 1, 1, 1
48, 3, 852, 147, 428, 462, 1, 1, 1
