26, 4, 908, 493, 10, 21, 1, 1, 1
27, 4, 912, 491, 7, 12, 1, 1, 1
28, 4, 905, 495, 9, 12, 1, 1, 1
31, 4, 890, 352, 7, 12, 1, 1, 1
32, 4, 875, 264, 12, 15, 1, 1, 1
33, 4, 896, 275, 11, 12, 1, 1, 1
34, 4, 902, 292, 12, 17, 1, 1, 1
35, 4, 922, 348, 13, 18, 1, 1, 1
36, 4, 926, 405, 17, 21, 1, 1, 1
37, 4, 924, 406, 17, 21, 1, 1, 1
26, 3, 923, 496, 18, 25, 1, 1, 1
27, 3, 922, 495, 19, 24, 1, 1, 1
28, 3, 919, 502, 15, 23, 1, 1, 1
29, 3, 902, 502, 18, 22, 1, 1, 1
30, 3, 910, 510, 16, 25, 1, 1, 1
31, 3, 877, 371, 15, 20, 1, 1, 1
32, 3, 855, 283, 15, 25, 1, 1, 1
33, 3, 870, 294, 14, 24, 1, 1, 1
34, 3, 874, 308, 21, 31, 1, 1, 1
35, 3, 895, 357, 25, 36, 1, 1, 1
36, 3, 904, 422, 21, 33, 1, 1, 1
37, 3, 899, 421, 25, 33, 1, 1, 1
76, 4, 788, 396, 17, 22, 1, 1, 1
77, 4, 825, 427, 15, 18, 1, 1, 1
78, 4, 840, 438, 15, 20, 1, 1, 1
79, 4, 860, 441, 16, 18, 1, 1, 1
80, 4, 888, 427, 15, 19, 1, 1, 1
81, 4, 920, 391, 20, 28, 1, 1, 1
82, 4, 957, 397, 19, 23, 1, 1, 1
83, 4, 950, 401, 18, 26, 1, 1, 1
84, 4, 953, 415, 11, 14, 1, 1, 1
76, 3, 774, 413, 21, 27, 1, 1, 1
77, 3, 800, 446, 18, 25, 1, 1, 1
78, 3, 805, 459, 18, 25, 1, 1, 1
79, 3, 818, 469, 15, 24, 1, 1, 1
80, 3, 840, 455, 16, 25, 1, 1, 1
81, 3, 864, 422, 26, 35, 1, 1, 1
82, 3, 900, 416, 29, 42, 1, 1, 1
83, 3, 895, 425, 28, 43, 1, 1, 1
84, 3, 901, 431, 27, 42, 1, 1, 1
85, 3, 931, 431, 30, 39, 1, 1, 1
86, 3, 959, 412, 28, 42, 1, 1, 1
87, 3, 963, 395, 30, 42, 1, 1, 1
88, 3, 957, 404, 24, 29, 1, 1, 1
89, 3, 967, 412, 20, 25, 1, 1, 1
90, 3, 983, 405, 18, 25, 1, 1, 1
