3, 4, 1233, 553, 208, 88, 1, 1, 1
4, 4, 1229, 542, 207, 98, 1, 1, 1
6, 4, 1132, 543, 195, 72, 1, 1, 1
7, 4, 1142, 536, 203, 74, 1, 1, 1
8, 4, 1144, 542, 202, 66, 1, 1, 1
9, 4, 1139, 547, 202, 50, 1, 1, 1
10, 4, 1146, 546, 200, 45, 1, 1, 1
11, 4, 1148, 545, 193, 31, 1, 1, 1
12, 4, 1134, 544, 209, 30, 1, 1, 1
13, 4, 1110, 548, 116, 41, 1, 1, 1
19, 1, 179, 243, 1193, 364, 1, 1, 1
20, 1, 179, 238, 1193, 360, 1, 1, 1
21, 1, 176, 224, 1193, 365, 1, 1, 1
22, 1, 179, 220, 1192, 369, 1, 1, 1
23, 1, 183, 219, 1193, 370, 1, 1, 1
24, 1, 188, 215, 1187, 374, 1, 1, 1
25, 1, 190, 207, 1192, 376, 1, 1, 1
26, 1, 190, 201, 1193, 368, 1, 1, 1
27, 1, 191, 196, 1198, 362, 1, 1, 1
28, 1, 199, 191, 1197, 358, 1, 1, 1
29, 1, 201, 190, 1196, 355, 1, 1, 1
30, 1, 199, 185, 1202, 354, 1, 1, 1
31, 1, 184, 183, 1208, 352, 1, 1, 1
32, 1, 164, 181, 1206, 354, 1, 1, 1
33, 1, 140, 189, 1202, 355, 1, 1, 1
34, 1, 124, 192, 1203, 362, 1, 1, 1
35, 1, 123, 199, 1205, 362, 1, 1, 1
36, 1, 135, 202, 1208, 363, 1, 1, 1
37, 1, 170, 205, 1203, 360, 1, 1, 1
38, 1, 190, 214, 1204, 355, 1, 1, 1
39, 1, 196, 222, 1201, 350, 1, 1, 1
40, 1, 186, 220, 1189, 343, 1, 1, 1
41, 1, 145, 213, 1190, 339, 1, 1, 1
42, 1, 129, 191, 1191, 339, 1, 1, 1
