5, 4, 809, 1194, 271, 297, 1, 1, 1
6, 4, 537, 540, 543, 907, 1, 1, 1
7, 4, 165, 553, 915, 1367, 1, 1, 1
8, 4, 0, 508, 949, 1412, 1, 1, 1
9, 4, 0, 528, 800, 1392, 1, 1, 1
10, 4, 0, 529, 584, 1329, 1, 1, 1
11, 4, 0, 731, 418, 183, 1, 1, 1
12, 4, 0, 802, 273, 85, 1, 1, 1
13, 4, 0, 859, 113, 67, 1, 1, 1
14, 4, 0, 945, 21, 48, 1, 1, 1
14, 5, 0, 623, 60, 216, 1, 1, 1
15, 5, 96, 686, 66, 175, 1, 1, 1
18, 5, 376, 713, 28, 31, 1, 1, 1
19, 5, 438, 732, 30, 21, 1, 1, 1
20, 5, 467, 735, 68, 186, 1, 1, 1
21, 5, 513, 746, 80, 199, 1, 1, 1
22, 5, 556, 750, 70, 201, 1, 1, 1
23, 5, 589, 807, 63, 148, 1, 1, 1
24, 5, 613, 803, 64, 155, 1, 1, 1
25, 5, 632, 793, 54, 167, 1, 1, 1
29, 5, 575, 755, 27, 21, 1, 1, 1
30, 5, 553, 750, 31, 35, 1, 1, 1
31, 5, 529, 749, 38, 38, 1, 1, 1
32, 5, 500, 746, 44, 47, 1, 1, 1
33, 5, 497, 737, 30, 40, 1, 1, 1
34, 5, 495, 732, 49, 44, 1, 1, 1
19, 8, 0, 738, 24, 28, 1, 1, 1
20, 8, 38, 753, 26, 9, 1, 1, 1
21, 8, 101, 756, 33, 20, 1, 1, 1
22, 8, 106, 763, 78, 295, 1, 1, 1
23, 8, 154, 766, 69, 271, 1, 1, 1
24, 8, 177, 767, 61, 277, 1, 1, 1
25, 8, 186, 767, 61, 268, 1, 1, 1
26, 8, 188, 772, 56, 227, 1, 1, 1
27, 8, 205, 765, 39, 255, 1, 1, 1
28, 8, 188, 762, 50, 247, 1, 1, 1
29, 8, 150, 762, 49, 236, 1, 1, 1
30, 8, 134, 757, 109, 235, 1, 1, 1
31, 8, 118, 751, 89, 233, 1, 1, 1
32, 8, 104, 749, 110, 203, 1, 1, 1
33, 8, 89, 748, 103, 219, 1, 1, 1
34, 8, 77, 767, 119, 193, 1, 1, 1
35, 8, 71, 740, 96, 209, 1, 1, 1
36, 8, 91, 734, 100, 204, 1, 1, 1
29, 3, 1048, 864, 32, 22, 1, 1, 1
30, 3, 934, 847, 146, 439, 1, 1, 1
31, 3, 820, 727, 260, 553, 1, 1, 1
32, 3, 734, 707, 346, 598, 1, 1, 1
33, 3, 622, 729, 325, 577, 1, 1, 1
34, 3, 507, 707, 290, 587, 1, 1, 1
35, 3, 392, 703, 303, 579, 1, 1, 1
36, 3, 341, 692, 222, 591, 1, 1, 1
3, 3, 361, 655, 74, 305, 1, 1, 1
4, 3, 290, 693, 107, 258, 1, 1, 1
5, 3, 274, 675, 66, 272, 1, 1, 1
6, 3, 217, 664, 111, 319, 1, 1, 1
7, 3, 187, 916, 63, 85, 1, 1, 1
8, 3, 187, 916, 105, 76, 1, 1, 1
11, 3, 412, 844, 107, 115, 1, 1, 1
12, 3, 483, 824, 121, 117, 1, 1, 1
13, 3, 579, 855, 74, 117, 1, 1, 1
15, 3, 854, 655, 46, 23, 1, 1, 1
17, 3, 1012, 755, 68, 297, 1, 1, 1
