1, 6, 657, 764, 149, 147, 1, 1, 1
2, 6, 584, 754, 258, 172, 1, 1, 1
3, 6, 542, 733, 332, 152, 1, 1, 1
4, 6, 517, 720, 367, 114, 1, 1, 1
5, 6, 528, 688, 353, 129, 1, 1, 1
6, 6, 620, 711, 230, 101, 1, 1, 1
7, 6, 633, 688, 271, 128, 1, 1, 1
8, 6, 643, 721, 302, 116, 1, 1, 1
9, 6, 623, 719, 374, 133, 1, 1, 1
10, 6, 569, 717, 487, 150, 1, 1, 1
11, 6, 512, 725, 563, 203, 1, 1, 1
12, 6, 568, 719, 465, 253, 1, 1, 1
13, 6, 635, 723, 357, 249, 1, 1, 1
14, 6, 619, 730, 362, 242, 1, 1, 1
15, 6, 592, 729, 416, 243, 1, 1, 1
16, 6, 556, 721, 493, 251, 1, 1, 1
17, 6, 520, 707, 572, 265, 1, 1, 1
18, 6, 458, 671, 681, 301, 1, 1, 1
19, 6, 178, 621, 1017, 351, 1, 1, 1
20, 6, 0, 548, 1252, 304, 1, 1, 1
21, 6, 0, 402, 1317, 362, 1, 1, 1
22, 6, 0, 184, 1395, 491, 1, 1, 1
23, 6, 0, 0, 1584, 571, 1, 1, 1
24, 6, 0, 0, 1800, 512, 1, 1, 1
25, 6, 0, 0, 1920, 474, 1, 1, 1
