1, 2, 786, 92, 158, 187, 1, 1, 1
2, 2, 780, 103, 171, 243, 1, 1, 1
3, 2, 791, 107, 178, 234, 1, 1, 1
4, 2, 772, 126, 197, 201, 1, 1, 1
5, 2, 750, 152, 209, 174, 1, 1, 1
6, 2, 751, 153, 243, 232, 1, 1, 1
7, 2, 701, 163, 257, 217, 1, 1, 1
8, 2, 769, 194, 267, 208, 1, 1, 1
9, 2, 755, 235, 203, 146, 1, 1, 1
10, 2, 887, 315, 218, 157, 1, 1, 1
11, 2, 826, 351, 216, 111, 1, 1, 1
12, 2, 994, 394, 96, 89, 1, 1, 1
12, 3, 1174, 103, 205, 219, 1, 1, 1
13, 3, 1187, 109, 166, 219, 1, 1, 1
14, 3, 1211, 116, 150, 213, 1, 1, 1
15, 3, 1187, 101, 183, 229, 1, 1, 1
16, 3, 1204, 111, 166, 227, 1, 1, 1
17, 3, 1198, 137, 166, 220, 1, 1, 1
18, 3, 1207, 143, 183, 206, 1, 1, 1
19, 3, 1219, 161, 178, 229, 1, 1, 1
20, 3, 1226, 177, 190, 228, 1, 1, 1
21, 3, 1239, 180, 202, 242, 1, 1, 1
22, 3, 1232, 195, 223, 253, 1, 1, 1
23, 3, 1256, 209, 217, 300, 1, 1, 1
24, 3, 1262, 210, 221, 302, 1, 1, 1
25, 3, 1277, 232, 197, 287, 1, 1, 1
26, 3, 1272, 226, 252, 309, 1, 1, 1
12, 4, 1151, 22, 162, 249, 1, 1, 1
13, 4, 1175, 5, 134, 185, 1, 1, 1
14, 4, 1158, 14, 131, 261, 1, 1, 1
15, 4, 1173, 10, 134, 216, 1, 1, 1
16, 4, 1156, 6, 133, 293, 1, 1, 1
17, 4, 1157, 5, 187, 245, 1, 1, 1
18, 4, 1162, 5, 214, 261, 1, 1, 1
19, 4, 1183, 16, 231, 262, 1, 1, 1
20, 4, 1189, 26, 232, 243, 1, 1, 1
21, 4, 1209, 53, 234, 228, 1, 1, 1
22, 4, 1309, 58, 160, 239, 1, 1, 1
23, 4, 1333, 51, 180, 247, 1, 1, 1
24, 4, 1384, 63, 179, 330, 1, 1, 1
25, 4, 1427, 80, 193, 346, 1, 1, 1
26, 4, 1471, 80, 226, 406, 1, 1, 1
27, 4, 1484, 129, 284, 474, 1, 1, 1
28, 4, 1536, 187, 271, 493, 1, 1, 1
29, 4, 1512, 233, 300, 549, 1, 1, 1
30, 4, 1443, 274, 352, 544, 1, 1, 1
