28, 10, 939, 101, 21, 75, 1, 1, 1
29, 10, 912, 48, 48, 138, 1, 1, 1
30, 10, 886, 41, 74, 183, 1, 1, 1
31, 10, 878, 43, 82, 223, 1, 1, 1
32, 10, 858, 30, 100, 234, 1, 1, 1
33, 10, 833, 22, 104, 219, 1, 1, 1
34, 10, 807, 15, 104, 230, 1, 1, 1
35, 10, 777, 21, 111, 231, 1, 1, 1
36, 10, 771, 26, 106, 230, 1, 1, 1
37, 10, 754, 25, 105, 229, 1, 1, 1
38, 10, 727, 23, 106, 224, 1, 1, 1
39, 10, 695, 22, 126, 233, 1, 1, 1
40, 10, 683, 23, 121, 241, 1, 1, 1
41, 10, 674, 30, 111, 235, 1, 1, 1
42, 10, 660, 26, 109, 230, 1, 1, 1
43, 10, 640, 22, 111, 234, 1, 1, 1
44, 10, 612, 19, 125, 239, 1, 1, 1
45, 10, 604, 23, 118, 241, 1, 1, 1
46, 10, 599, 27, 110, 241, 1, 1, 1
47, 10, 591, 27, 107, 229, 1, 1, 1
48, 10, 577, 22, 112, 235, 1, 1, 1
49, 10, 565, 17, 110, 243, 1, 1, 1
50, 10, 551, 15, 116, 246, 1, 1, 1
51, 10, 551, 16, 111, 239, 1, 1, 1
52, 10, 543, 12, 103, 236, 1, 1, 1
53, 10, 531, 9, 110, 248, 1, 1, 1
54, 10, 511, 11, 122, 246, 1, 1, 1
55, 10, 516, 18, 105, 244, 1, 1, 1
56, 10, 513, 22, 100, 237, 1, 1, 1
57, 10, 502, 12, 101, 242, 1, 1, 1
58, 10, 484, 9, 112, 243, 1, 1, 1
59, 10, 469, 18, 119, 252, 1, 1, 1
60, 10, 472, 38, 106, 252, 1, 1, 1
61, 10, 465, 41, 102, 249, 1, 1, 1
62, 10, 444, 28, 109, 250, 1, 1, 1
63, 10, 432, 18, 116, 257, 1, 1, 1
64, 10, 412, 16, 125, 263, 1, 1, 1
65, 10, 420, 22, 106, 261, 1, 1, 1
66, 10, 411, 22, 103, 254, 1, 1, 1
67, 10, 380, 13, 120, 253, 1, 1, 1
68, 10, 363, 11, 122, 260, 1, 1, 1
69, 10, 335, 14, 125, 263, 1, 1, 1
70, 10, 321, 18, 129, 258, 1, 1, 1
71, 10, 299, 5, 127, 263, 1, 1, 1
72, 10, 280, 0, 121, 262, 1, 1, 1
73, 10, 249, 0, 136, 268, 1, 1, 1
74, 10, 219, 0, 148, 274, 1, 1, 1
75, 10, 211, 5, 145, 269, 1, 1, 1
76, 10, 199, 0, 132, 270, 1, 1, 1
77, 10, 168, 0, 144, 269, 1, 1, 1
78, 10, 133, 0, 160, 278, 1, 1, 1
79, 10, 115, 0, 169, 282, 1, 1, 1
80, 10, 116, 0, 150, 283, 1, 1, 1
81, 10, 90, 0, 143, 277, 1, 1, 1
82, 10, 55, 0, 152, 267, 1, 1, 1
83, 10, 24, 0, 166, 275, 1, 1, 1
84, 10, 0, 0, 169, 281, 1, 1, 1
85, 10, 0, 0, 144, 279, 1, 1, 1
86, 10, 0, 0, 123, 272, 1, 1, 1
87, 10, 0, 0, 95, 259, 1, 1, 1
88, 10, 0, 0, 61, 193, 1, 1, 1
89, 10, 0, 0, 31, 149, 1, 1, 1
6, 8, 904, 164, 56, 38, 1, 1, 1
7, 8, 896, 151, 63, 64, 1, 1, 1
8, 8, 903, 134, 57, 78, 1, 1, 1
9, 8, 854, 121, 106, 118, 1, 1, 1
10, 8, 833, 123, 119, 137, 1, 1, 1
11, 8, 826, 118, 112, 137, 1, 1, 1
12, 8, 823, 115, 102, 144, 1, 1, 1
13, 8, 796, 118, 105, 148, 1, 1, 1
14, 8, 765, 119, 145, 141, 1, 1, 1
15, 8, 748, 131, 141, 134, 1, 1, 1
16, 8, 745, 122, 119, 137, 1, 1, 1
17, 8, 728, 121, 102, 153, 1, 1, 1
18, 8, 681, 122, 137, 140, 1, 1, 1
19, 8, 661, 126, 121, 145, 1, 1, 1
20, 8, 653, 124, 106, 152, 1, 1, 1
21, 8, 638, 119, 99, 148, 1, 1, 1
22, 8, 612, 116, 96, 142, 1, 1, 1
23, 8, 566, 117, 120, 153, 1, 1, 1
24, 8, 557, 121, 105, 149, 1, 1, 1
25, 8, 537, 117, 110, 151, 1, 1, 1
26, 8, 537, 112, 86, 144, 1, 1, 1
27, 8, 492, 112, 105, 150, 1, 1, 1
28, 8, 461, 110, 111, 148, 1, 1, 1
29, 8, 443, 115, 103, 155, 1, 1, 1
30, 8, 431, 112, 114, 143, 1, 1, 1
31, 8, 429, 109, 90, 155, 1, 1, 1
32, 8, 392, 104, 117, 154, 1, 1, 1
33, 8, 370, 108, 112, 150, 1, 1, 1
34, 8, 352, 113, 110, 151, 1, 1, 1
35, 8, 331, 112, 117, 153, 1, 1, 1
36, 8, 335, 110, 97, 150, 1, 1, 1
37, 8, 303, 107, 111, 159, 1, 1, 1
38, 8, 294, 109, 104, 163, 1, 1, 1
39, 8, 255, 114, 129, 157, 1, 1, 1
40, 8, 255, 113, 112, 141, 1, 1, 1
41, 8, 233, 113, 120, 147, 1, 1, 1
42, 8, 215, 114, 122, 152, 1, 1, 1
43, 8, 230, 119, 94, 160, 1, 1, 1
44, 8, 215, 121, 94, 151, 1, 1, 1
45, 8, 215, 115, 82, 146, 1, 1, 1
46, 8, 168, 115, 120, 153, 1, 1, 1
47, 8, 152, 119, 126, 156, 1, 1, 1
48, 8, 151, 120, 114, 155, 1, 1, 1
49, 8, 142, 116, 112, 150, 1, 1, 1
50, 8, 145, 107, 99, 150, 1, 1, 1
51, 8, 126, 104, 107, 155, 1, 1, 1
52, 8, 124, 105, 96, 156, 1, 1, 1
53, 8, 115, 116, 95, 150, 1, 1, 1
54, 8, 104, 114, 100, 150, 1, 1, 1
55, 8, 94, 112, 103, 151, 1, 1, 1
56, 8, 71, 114, 115, 153, 1, 1, 1
57, 8, 57, 116, 120, 158, 1, 1, 1
58, 8, 42, 122, 120, 150, 1, 1, 1
59, 8, 36, 127, 118, 150, 1, 1, 1
60, 8, 18, 136, 125, 155, 1, 1, 1
61, 8, 0, 135, 129, 161, 1, 1, 1
62, 8, 0, 141, 107, 159, 1, 1, 1
63, 8, 0, 137, 94, 151, 1, 1, 1
64, 8, 0, 130, 82, 152, 1, 1, 1
65, 8, 0, 125, 69, 153, 1, 1, 1
66, 8, 0, 125, 48, 81, 1, 1, 1
67, 8, 0, 129, 23, 74, 1, 1, 1
