133, 5, 1810, 450, 75, 84, 1, 1, 1
134, 5, 1824, 447, 70, 87, 1, 1, 1
135, 5, 1811, 445, 93, 90, 1, 1, 1
136, 5, 1810, 441, 93, 95, 1, 1, 1
137, 5, 1816, 441, 92, 94, 1, 1, 1
138, 5, 1822, 441, 91, 95, 1, 1, 1
139, 5, 1823, 439, 84, 101, 1, 1, 1
140, 5, 1828, 441, 83, 98, 1, 1, 1
141, 5, 1826, 440, 85, 102, 1, 1, 1
142, 5, 1835, 440, 84, 103, 1, 1, 1
143, 5, 1837, 440, 83, 104, 1, 1, 1
144, 5, 1835, 443, 85, 102, 1, 1, 1
145, 5, 1833, 445, 87, 102, 1, 1, 1
146, 5, 1846, 442, 74, 103, 1, 1, 1
147, 5, 1859, 442, 61, 104, 1, 1, 1
148, 5, 1864, 441, 56, 103, 1, 1, 1
149, 5, 1870, 437, 50, 104, 1, 1, 1
150, 5, 1868, 433, 52, 106, 1, 1, 1
