5, 3, 890, 273, 74, 32, 1, 1, 1
6, 3, 945, 260, 48, 38, 1, 1, 1
7, 3, 935, 256, 86, 57, 1, 1, 1
8, 3, 937, 249, 95, 67, 1, 1, 1
9, 3, 943, 239, 87, 86, 1, 1, 1
10, 3, 948, 242, 78, 74, 1, 1, 1
11, 3, 950, 240, 72, 77, 1, 1, 1
12, 3, 952, 240, 65, 77, 1, 1, 1
13, 3, 953, 237, 62, 79, 1, 1, 1
14, 3, 954, 236, 57, 79, 1, 1, 1
15, 3, 956, 234, 51, 79, 1, 1, 1
16, 3, 957, 233, 45, 78, 1, 1, 1
16, 2, 796, 286, 41, 18, 1, 1, 1
17, 2, 815, 286, 12, 19, 1, 1, 1
18, 2, 866, 261, 23, 26, 1, 1, 1
19, 2, 858, 261, 40, 34, 1, 1, 1
20, 2, 852, 247, 42, 48, 1, 1, 1
21, 2, 847, 242, 57, 52, 1, 1, 1
22, 2, 843, 235, 77, 72, 1, 1, 1
23, 2, 856, 233, 66, 75, 1, 1, 1
24, 2, 862, 231, 58, 77, 1, 1, 1
25, 2, 869, 224, 57, 84, 1, 1, 1
26, 2, 877, 222, 50, 85, 1, 1, 1
27, 2, 883, 218, 47, 90, 1, 1, 1
28, 2, 884, 213, 45, 95, 1, 1, 1
29, 2, 883, 214, 38, 95, 1, 1, 1
30, 2, 881, 213, 33, 96, 1, 1, 1
31, 2, 875, 213, 38, 96, 1, 1, 1
14, 1, 701, 304, 44, 17, 1, 1, 1
15, 1, 712, 305, 30, 27, 1, 1, 1
16, 1, 718, 289, 75, 34, 1, 1, 1
17, 1, 724, 280, 61, 48, 1, 1, 1
18, 1, 765, 276, 26, 35, 1, 1, 1
19, 1, 757, 276, 31, 35, 1, 1, 1
20, 1, 749, 274, 42, 37, 1, 1, 1
21, 1, 745, 272, 57, 36, 1, 1, 1
22, 1, 740, 271, 57, 40, 1, 1, 1
23, 1, 745, 280, 48, 31, 1, 1, 1
24, 1, 750, 284, 39, 22, 1, 1, 1
25, 1, 761, 284, 26, 17, 1, 1, 1
26, 1, 768, 252, 80, 49, 1, 1, 1
27, 1, 773, 245, 79, 47, 1, 1, 1
28, 1, 821, 239, 45, 53, 1, 1, 1
29, 1, 817, 236, 56, 57, 1, 1, 1
30, 1, 813, 228, 65, 65, 1, 1, 1
31, 1, 809, 219, 72, 70, 1, 1, 1
32, 1, 807, 220, 74, 85, 1, 1, 1
33, 1, 808, 216, 69, 89, 1, 1, 1
34, 1, 814, 225, 52, 74, 1, 1, 1
35, 1, 818, 220, 61, 73, 1, 1, 1
36, 1, 820, 210, 58, 79, 1, 1, 1
37, 1, 820, 205, 54, 88, 1, 1, 1
38, 1, 822, 210, 48, 83, 1, 1, 1
39, 1, 829, 209, 37, 51, 1, 1, 1
40, 1, 830, 207, 36, 50, 1, 1, 1
41, 1, 834, 208, 31, 100, 1, 1, 1
42, 1, 835, 207, 29, 59, 1, 1, 1
