75, 11, 583, 599, 296, 91, 1, 1, 1
76, 11, 492, 585, 297, 88, 1, 1, 1
77, 11, 459, 554, 302, 72, 1, 1, 1
78, 11, 442, 524, 306, 72, 1, 1, 1
79, 11, 438, 520, 303, 84, 1, 1, 1
80, 11, 434, 521, 299, 83, 1, 1, 1
81, 11, 459, 510, 293, 84, 1, 1, 1
82, 11, 489, 510, 287, 82, 1, 1, 1
83, 11, 526, 516, 263, 80, 1, 1, 1
84, 11, 557, 529, 236, 69, 1, 1, 1
85, 11, 580, 515, 300, 86, 1, 1, 1
86, 11, 612, 519, 299, 70, 1, 1, 1
87, 11, 632, 521, 305, 82, 1, 1, 1
88, 11, 682, 518, 281, 53, 1, 1, 1
89, 11, 706, 514, 272, 55, 1, 1, 1
90, 11, 724, 509, 278, 62, 1, 1, 1
91, 11, 746, 511, 276, 61, 1, 1, 1
92, 11, 766, 510, 277, 62, 1, 1, 1
93, 11, 792, 509, 268, 64, 1, 1, 1
94, 11, 842, 510, 245, 68, 1, 1, 1
95, 11, 837, 509, 266, 70, 1, 1, 1
96, 11, 842, 511, 281, 66, 1, 1, 1
97, 11, 856, 509, 287, 70, 1, 1, 1
98, 11, 875, 507, 293, 71, 1, 1, 1
99, 11, 913, 510, 278, 72, 1, 1, 1
