21, 2, 872, 180, 121, 229, 1, 1, 1
22, 2, 861, 223, 138, 329, 1, 1, 1
23, 2, 824, 175, 147, 349, 1, 1, 1
24, 2, 783, 188, 162, 318, 1, 1, 1
25, 2, 777, 191, 145, 333, 1, 1, 1
26, 2, 797, 205, 138, 347, 1, 1, 1
27, 2, 798, 267, 167, 252, 1, 1, 1
28, 2, 807, 216, 125, 300, 1, 1, 1
29, 2, 809, 189, 129, 325, 1, 1, 1
30, 2, 828, 176, 133, 332, 1, 1, 1
31, 2, 847, 205, 146, 324, 1, 1, 1
32, 2, 883, 225, 146, 329, 1, 1, 1
33, 2, 910, 253, 136, 301, 1, 1, 1
34, 2, 915, 274, 114, 258, 1, 1, 1
35, 2, 944, 264, 99, 229, 1, 1, 1
36, 2, 996, 271, 90, 177, 1, 1, 1
