8, 4, 576, 218, 91, 62, 1, 1, 1
9, 4, 573, 218, 90, 62, 1, 1, 1
10, 4, 569, 216, 90, 64, 1, 1, 1
11, 4, 569, 215, 85, 65, 1, 1, 1
12, 4, 568, 215, 84, 67, 1, 1, 1
13, 4, 567, 214, 85, 67, 1, 1, 1
14, 4, 567, 214, 84, 67, 1, 1, 1
15, 4, 568, 215, 83, 68, 1, 1, 1
16, 4, 569, 215, 80, 67, 1, 1, 1
17, 4, 568, 215, 82, 70, 1, 1, 1
18, 4, 568, 215, 81, 69, 1, 1, 1
19, 4, 569, 216, 82, 70, 1, 1, 1
20, 4, 569, 216, 81, 69, 1, 1, 1
21, 4, 568, 216, 83, 70, 1, 1, 1
22, 4, 568, 216, 82, 71, 1, 1, 1
23, 4, 568, 217, 81, 69, 1, 1, 1
24, 4, 569, 217, 80, 71, 1, 1, 1
25, 4, 568, 217, 81, 69, 1, 1, 1
26, 4, 569, 216, 79, 71, 1, 1, 1
27, 4, 569, 217, 81, 69, 1, 1, 1
28, 4, 570, 217, 80, 69, 1, 1, 1
29, 4, 570, 217, 80, 70, 1, 1, 1
30, 4, 570, 217, 80, 71, 1, 1, 1
31, 4, 571, 217, 77, 71, 1, 1, 1
32, 4, 571, 217, 79, 70, 1, 1, 1
33, 4, 569, 218, 80, 70, 1, 1, 1
34, 4, 570, 217, 80, 72, 1, 1, 1
35, 4, 571, 218, 81, 72, 1, 1, 1
36, 4, 572, 218, 79, 72, 1, 1, 1
