1, 3, 527, 371, 89, 85, 1, 1, 1
2, 3, 532, 395, 109, 86, 1, 1, 1
3, 3, 565, 430, 109, 65, 1, 1, 1
4, 3, 571, 443, 25, 25, 1, 1, 1
6, 3, 589, 387, 112, 82, 1, 1, 1
7, 3, 642, 386, 32, 68, 1, 1, 1
8, 3, 682, 334, 101, 98, 1, 1, 1
9, 3, 659, 304, 103, 105, 1, 1, 1
10, 3, 656, 221, 101, 123, 1, 1, 1
11, 3, 722, 159, 100, 118, 1, 1, 1
12, 3, 782, 139, 98, 96, 1, 1, 1
13, 3, 799, 147, 93, 80, 1, 1, 1
14, 3, 774, 176, 88, 101, 1, 1, 1
15, 3, 736, 222, 86, 90, 1, 1, 1
15, 5, 327, 297, 97, 120, 1, 1, 1
16, 5, 335, 233, 100, 123, 1, 1, 1
17, 5, 386, 206, 97, 76, 1, 1, 1
18, 5, 444, 193, 97, 102, 1, 1, 1
19, 5, 485, 207, 74, 70, 1, 1, 1
20, 5, 536, 268, 76, 75, 1, 1, 1
37, 3, 737, 244, 108, 74, 1, 1, 1
38, 3, 760, 233, 107, 81, 1, 1, 1
30, 10, 522, 284, 87, 76, 1, 1, 1
31, 10, 497, 273, 89, 83, 1, 1, 1
