1, 4, 0, 81, 234, 216, 1, 1, 1
2, 4, 0, 85, 288, 219, 1, 1, 1
3, 4, 72, 87, 233, 219, 1, 1, 1
4, 4, 75, 103, 228, 190, 1, 1, 1
5, 4, 171, 81, 184, 221, 1, 1, 1
6, 4, 191, 84, 206, 210, 1, 1, 1
7, 4, 217, 78, 208, 215, 1, 1, 1
8, 4, 178, 77, 326, 206, 1, 1, 1
9, 4, 204, 88, 346, 208, 1, 1, 1
10, 4, 168, 83, 375, 212, 1, 1, 1
11, 4, 161, 78, 383, 228, 1, 1, 1
12, 4, 204, 89, 293, 220, 1, 1, 1
13, 4, 209, 90, 330, 203, 1, 1, 1
14, 4, 206, 81, 314, 206, 1, 1, 1
15, 4, 204, 86, 308, 202, 1, 1, 1
16, 4, 213, 83, 310, 196, 1, 1, 1
17, 4, 214, 81, 319, 187, 1, 1, 1
18, 4, 215, 80, 311, 189, 1, 1, 1
19, 4, 212, 81, 293, 185, 1, 1, 1
20, 4, 196, 81, 293, 188, 1, 1, 1
