5, 4, 1156, 326, 25, 44, 1, 1, 1
6, 4, 1155, 326, 37, 45, 1, 1, 1
7, 4, 1156, 327, 34, 44, 1, 1, 1
8, 4, 1158, 326, 35, 47, 1, 1, 1
9, 4, 1179, 335, 14, 38, 1, 1, 1
10, 4, 1180, 329, 15, 47, 1, 1, 1
11, 4, 1188, 352, 14, 15, 1, 1, 1
16, 4, 1355, 351, 35, 20, 1, 1, 1
17, 4, 1370, 352, 11, 14, 1, 1, 1
18, 4, 1377, 352, 7, 19, 1, 1, 1
19, 4, 1377, 351, 12, 21, 1, 1, 1
20, 4, 1378, 352, 11, 21, 1, 1, 1
21, 4, 1359, 352, 34, 20, 1, 1, 1
39, 4, 1367, 360, 14, 18, 1, 1, 1
40, 4, 1363, 359, 13, 22, 1, 1, 1
41, 4, 1367, 352, 13, 20, 1, 1, 1
42, 4, 1352, 355, 35, 21, 1, 1, 1
43, 4, 1350, 360, 12, 15, 1, 1, 1
45, 4, 1191, 326, 10, 22, 1, 1, 1
46, 4, 1165, 327, 10, 20, 1, 1, 1
47, 4, 1135, 301, 49, 64, 1, 1, 1
48, 4, 1121, 292, 64, 74, 1, 1, 1
49, 4, 1112, 295, 75, 76, 1, 1, 1
50, 4, 1116, 302, 75, 71, 1, 1, 1
51, 4, 1133, 302, 54, 79, 1, 1, 1
52, 4, 1135, 303, 44, 72, 1, 1, 1
53, 4, 1133, 310, 53, 65, 1, 1, 1
54, 4, 1136, 310, 47, 66, 1, 1, 1
55, 4, 1149, 310, 44, 64, 1, 1, 1
56, 4, 1168, 326, 20, 48, 1, 1, 1
57, 4, 1176, 353, 16, 24, 1, 1, 1
63, 4, 1361, 351, 15, 18, 1, 1, 1
64, 4, 1361, 353, 24, 18, 1, 1, 1
65, 4, 1366, 352, 14, 16, 1, 1, 1
74, 4, 1359, 351, 18, 22, 1, 1, 1
75, 4, 1370, 358, 14, 21, 1, 1, 1
76, 4, 1372, 354, 12, 28, 1, 1, 1
77, 4, 1350, 353, 14, 14, 1, 1, 1
78, 4, 1356, 354, 26, 24, 1, 1, 1
79, 4, 1352, 354, 12, 21, 1, 1, 1
81, 4, 1171, 351, 14, 16, 1, 1, 1
82, 4, 1155, 327, 13, 39, 1, 1, 1
83, 4, 1135, 301, 45, 74, 1, 1, 1
84, 4, 1118, 301, 59, 71, 1, 1, 1
85, 4, 1112, 303, 69, 72, 1, 1, 1
86, 4, 1119, 300, 65, 76, 1, 1, 1
87, 4, 1131, 300, 46, 75, 1, 1, 1
88, 4, 1131, 307, 54, 72, 1, 1, 1
89, 4, 1129, 308, 52, 69, 1, 1, 1
90, 4, 1129, 310, 55, 66, 1, 1, 1
91, 4, 1143, 311, 52, 65, 1, 1, 1
92, 4, 1170, 326, 29, 52, 1, 1, 1
93, 4, 1188, 339, 25, 29, 1, 1, 1
98, 4, 1364, 349, 18, 25, 1, 1, 1
99, 4, 1376, 353, 12, 21, 1, 1, 1
