26, 1, 456, 308, 154, 43, 1, 1, 1
27, 1, 465, 307, 154, 44, 1, 1, 1
28, 1, 471, 309, 154, 43, 1, 1, 1
29, 1, 474, 308, 154, 45, 1, 1, 1
30, 1, 482, 306, 153, 46, 1, 1, 1
31, 1, 490, 308, 153, 44, 1, 1, 1
32, 1, 495, 308, 152, 43, 1, 1, 1
33, 1, 503, 306, 152, 43, 1, 1, 1
34, 1, 508, 306, 149, 42, 1, 1, 1
35, 1, 516, 306, 150, 43, 1, 1, 1
36, 1, 519, 305, 154, 43, 1, 1, 1
37, 1, 525, 306, 149, 42, 1, 1, 1
38, 1, 532, 305, 146, 43, 1, 1, 1
39, 1, 541, 304, 146, 43, 1, 1, 1
40, 1, 544, 304, 144, 44, 1, 1, 1
41, 1, 553, 304, 145, 42, 1, 1, 1
42, 1, 554, 304, 141, 42, 1, 1, 1
43, 1, 562, 304, 141, 42, 1, 1, 1
44, 1, 568, 304, 140, 42, 1, 1, 1
45, 1, 574, 304, 145, 42, 1, 1, 1
46, 1, 577, 303, 150, 43, 1, 1, 1
47, 1, 584, 302, 145, 41, 1, 1, 1
48, 1, 589, 301, 148, 43, 1, 1, 1
49, 1, 592, 301, 148, 41, 1, 1, 1
50, 1, 599, 300, 145, 43, 1, 1, 1
51, 1, 603, 300, 152, 43, 1, 1, 1
52, 1, 610, 302, 146, 41, 1, 1, 1
53, 1, 615, 301, 147, 43, 1, 1, 1
54, 1, 622, 303, 147, 41, 1, 1, 1
55, 1, 626, 303, 150, 43, 1, 1, 1
56, 1, 633, 304, 152, 43, 1, 1, 1
57, 1, 636, 305, 150, 42, 1, 1, 1
58, 1, 643, 307, 152, 42, 1, 1, 1
59, 1, 648, 307, 146, 42, 1, 1, 1
60, 1, 650, 306, 151, 45, 1, 1, 1
61, 1, 656, 307, 149, 43, 1, 1, 1
62, 1, 660, 307, 151, 40, 1, 1, 1
63, 1, 663, 306, 153, 43, 1, 1, 1
64, 1, 670, 305, 150, 43, 1, 1, 1
65, 1, 678, 303, 147, 43, 1, 1, 1
66, 1, 682, 303, 150, 42, 1, 1, 1
67, 1, 686, 303, 148, 42, 1, 1, 1
68, 1, 689, 301, 151, 44, 1, 1, 1
69, 1, 695, 303, 146, 42, 1, 1, 1
70, 1, 700, 303, 148, 44, 1, 1, 1
71, 1, 706, 303, 149, 44, 1, 1, 1
72, 1, 712, 305, 147, 42, 1, 1, 1
73, 1, 717, 305, 147, 43, 1, 1, 1
74, 1, 721, 304, 147, 44, 1, 1, 1
75, 1, 727, 306, 148, 44, 1, 1, 1
76, 1, 732, 306, 146, 44, 1, 1, 1
77, 1, 739, 305, 143, 43, 1, 1, 1
78, 1, 742, 303, 141, 45, 1, 1, 1
79, 1, 748, 303, 144, 41, 1, 1, 1
80, 1, 752, 301, 144, 44, 1, 1, 1
81, 1, 758, 301, 144, 42, 1, 1, 1
82, 1, 761, 300, 143, 41, 1, 1, 1
83, 1, 768, 300, 143, 42, 1, 1, 1
84, 1, 770, 300, 144, 42, 1, 1, 1
85, 1, 776, 300, 144, 43, 1, 1, 1
86, 1, 781, 300, 144, 42, 1, 1, 1
87, 1, 787, 301, 142, 40, 1, 1, 1
