65, 9, 1068, 743, 201, 172, 1, 1, 1
66, 9, 1080, 744, 194, 166, 1, 1, 1
67, 9, 1088, 738, 189, 162, 1, 1, 1
68, 9, 1096, 731, 181, 155, 1, 1, 1
69, 9, 1109, 727, 168, 148, 1, 1, 1
70, 9, 1111, 724, 158, 140, 1, 1, 1
71, 9, 1105, 718, 150, 136, 1, 1, 1
72, 9, 1091, 708, 144, 133, 1, 1, 1
73, 9, 1070, 693, 135, 133, 1, 1, 1
74, 9, 1037, 676, 136, 132, 1, 1, 1
75, 9, 1011, 665, 117, 128, 1, 1, 1
76, 9, 977, 660, 111, 120, 1, 1, 1
77, 9, 938, 651, 113, 114, 1, 1, 1
78, 9, 910, 643, 106, 109, 1, 1, 1
79, 9, 889, 631, 93, 101, 1, 1, 1
80, 9, 847, 615, 100, 97, 1, 1, 1
81, 9, 816, 599, 95, 93, 1, 1, 1
82, 9, 787, 582, 95, 92, 1, 1, 1
83, 9, 759, 568, 78, 92, 1, 1, 1
84, 9, 712, 558, 87, 89, 1, 1, 1
85, 9, 673, 554, 85, 85, 1, 1, 1
86, 9, 639, 552, 86, 81, 1, 1, 1
87, 9, 616, 539, 86, 91, 1, 1, 1
88, 9, 615, 568, 82, 61, 1, 1, 1
89, 9, 618, 586, 73, 41, 1, 1, 1
90, 9, 623, 588, 70, 43, 1, 1, 1
91, 9, 623, 542, 71, 93, 1, 1, 1
