32, 3, 1233, 489, 411, 227, 1, 1, 1
33, 3, 1246, 427, 412, 288, 1, 1, 1
34, 3, 1281, 480, 366, 230, 1, 1, 1
35, 3, 1256, 453, 361, 254, 1, 1, 1
36, 3, 1296, 490, 365, 249, 1, 1, 1
37, 3, 1341, 501, 267, 237, 1, 1, 1
38, 3, 1403, 526, 194, 226, 1, 1, 1
39, 3, 1383, 548, 217, 211, 1, 1, 1
40, 3, 1366, 552, 190, 201, 1, 1, 1
41, 3, 1296, 534, 266, 223, 1, 1, 1
42, 3, 1260, 531, 341, 232, 1, 1, 1
43, 3, 1220, 531, 437, 240, 1, 1, 1
44, 3, 1141, 543, 510, 227, 1, 1, 1
45, 3, 1089, 574, 487, 187, 1, 1, 1
46, 3, 1035, 569, 567, 194, 1, 1, 1
47, 3, 976, 569, 631, 197, 1, 1, 1
48, 3, 919, 559, 611, 207, 1, 1, 1
49, 3, 865, 584, 598, 185, 1, 1, 1
50, 3, 813, 583, 620, 185, 1, 1, 1
51, 3, 768, 544, 623, 221, 1, 1, 1
52, 3, 732, 543, 596, 214, 1, 1, 1
53, 3, 699, 561, 570, 198, 1, 1, 1
54, 3, 686, 575, 530, 184, 1, 1, 1
55, 3, 670, 583, 506, 178, 1, 1, 1
56, 3, 635, 572, 501, 184, 1, 1, 1
57, 3, 604, 568, 505, 187, 1, 1, 1
58, 3, 583, 578, 481, 180, 1, 1, 1
59, 3, 559, 570, 416, 172, 1, 1, 1
