1, 2, 1357, 143, 436, 399, 1, 1, 1
2, 2, 1367, 166, 452, 364, 1, 1, 1
3, 2, 1372, 175, 459, 336, 1, 1, 1
4, 2, 1379, 167, 466, 314, 1, 1, 1
5, 2, 1383, 160, 479, 306, 1, 1, 1
6, 2, 1382, 154, 496, 325, 1, 1, 1
7, 2, 1410, 144, 456, 326, 1, 1, 1
8, 2, 1369, 159, 498, 327, 1, 1, 1
9, 2, 1386, 199, 492, 286, 1, 1, 1
10, 2, 1404, 198, 432, 287, 1, 1, 1
11, 2, 1426, 194, 408, 270, 1, 1, 1
12, 2, 1411, 203, 417, 170, 1, 1, 1
13, 2, 1374, 182, 446, 232, 1, 1, 1
14, 2, 1373, 196, 444, 198, 1, 1, 1
15, 2, 1351, 201, 459, 207, 1, 1, 1
16, 2, 1351, 191, 460, 291, 1, 1, 1
17, 2, 1348, 198, 464, 355, 1, 1, 1
18, 2, 1349, 219, 473, 358, 1, 1, 1
19, 2, 1381, 217, 443, 325, 1, 1, 1
20, 2, 1415, 202, 410, 320, 1, 1, 1
21, 2, 1416, 211, 411, 307, 1, 1, 1
22, 2, 1416, 199, 409, 285, 1, 1, 1
23, 2, 1419, 189, 409, 293, 1, 1, 1
24, 2, 1421, 186, 410, 298, 1, 1, 1
25, 2, 1417, 167, 413, 313, 1, 1, 1
26, 2, 1413, 177, 422, 302, 1, 1, 1
27, 2, 1409, 187, 429, 290, 1, 1, 1
28, 2, 1403, 188, 437, 285, 1, 1, 1
29, 2, 1400, 188, 437, 275, 1, 1, 1
30, 2, 1410, 188, 425, 257, 1, 1, 1
31, 2, 1472, 179, 364, 231, 1, 1, 1
32, 2, 1395, 178, 440, 233, 1, 1, 1
33, 2, 1395, 177, 444, 240, 1, 1, 1
34, 2, 1389, 186, 447, 240, 1, 1, 1
35, 2, 1391, 189, 447, 243, 1, 1, 1
36, 2, 1403, 192, 434, 246, 1, 1, 1
37, 2, 1405, 200, 436, 258, 1, 1, 1
38, 2, 1409, 193, 439, 350, 1, 1, 1
39, 2, 1422, 204, 434, 350, 1, 1, 1
40, 2, 1429, 199, 420, 360, 1, 1, 1
41, 2, 1437, 198, 430, 352, 1, 1, 1
42, 2, 1481, 178, 391, 362, 1, 1, 1
43, 2, 1528, 178, 349, 307, 1, 1, 1
44, 2, 1453, 179, 429, 336, 1, 1, 1
45, 2, 1464, 193, 419, 299, 1, 1, 1
46, 2, 1458, 197, 430, 275, 1, 1, 1
47, 2, 1459, 191, 432, 266, 1, 1, 1
48, 2, 1471, 215, 411, 154, 1, 1, 1
49, 2, 1484, 191, 419, 225, 1, 1, 1
50, 2, 1489, 192, 418, 234, 1, 1, 1
51, 2, 1507, 197, 407, 204, 1, 1, 1
52, 2, 1517, 205, 402, 192, 1, 1, 1
53, 2, 1538, 211, 382, 202, 1, 1, 1
54, 2, 1559, 224, 352, 192, 1, 1, 1
55, 2, 1626, 222, 284, 162, 1, 1, 1
56, 2, 1677, 215, 241, 181, 1, 1, 1
57, 2, 1579, 210, 317, 258, 1, 1, 1
58, 2, 1596, 200, 323, 282, 1, 1, 1
59, 2, 1630, 202, 290, 190, 1, 1, 1
60, 2, 1607, 214, 313, 202, 1, 1, 1
61, 2, 1618, 217, 302, 195, 1, 1, 1
62, 2, 1633, 227, 287, 181, 1, 1, 1
63, 2, 1643, 225, 277, 194, 1, 1, 1
64, 2, 1656, 217, 263, 218, 1, 1, 1
65, 2, 1660, 212, 260, 220, 1, 1, 1
66, 2, 1765, 213, 154, 139, 1, 1, 1
67, 2, 1698, 241, 222, 111, 1, 1, 1
68, 2, 1689, 230, 231, 120, 1, 1, 1
69, 2, 1729, 209, 191, 154, 1, 1, 1
70, 2, 1737, 220, 183, 162, 1, 1, 1
71, 2, 1738, 239, 182, 163, 1, 1, 1
72, 2, 1790, 240, 130, 127, 1, 1, 1
73, 2, 1831, 242, 89, 104, 1, 1, 1
74, 2, 1831, 249, 89, 88, 1, 1, 1
75, 2, 1829, 259, 91, 91, 1, 1, 1
76, 2, 1837, 261, 83, 112, 1, 1, 1
77, 2, 1842, 270, 78, 80, 1, 1, 1
78, 2, 1858, 266, 62, 74, 1, 1, 1
79, 2, 1845, 269, 75, 77, 1, 1, 1
80, 2, 1809, 277, 111, 73, 1, 1, 1
81, 2, 1820, 290, 100, 102, 1, 1, 1
82, 2, 1790, 295, 130, 119, 1, 1, 1
83, 2, 1767, 271, 153, 99, 1, 1, 1
84, 2, 1768, 240, 152, 108, 1, 1, 1
85, 2, 1840, 232, 80, 33, 1, 1, 1
3, 5, 1789, 334, 72, 274, 1, 1, 1
4, 5, 1788, 262, 89, 281, 1, 1, 1
5, 5, 1794, 301, 85, 237, 1, 1, 1
6, 5, 1770, 316, 106, 260, 1, 1, 1
7, 5, 1784, 360, 82, 173, 1, 1, 1
8, 5, 1764, 339, 108, 229, 1, 1, 1
9, 5, 1755, 319, 117, 250, 1, 1, 1
10, 5, 1756, 337, 111, 237, 1, 1, 1
11, 5, 1748, 385, 97, 177, 1, 1, 1
12, 5, 1746, 350, 107, 227, 1, 1, 1
13, 5, 1765, 301, 103, 283, 1, 1, 1
14, 5, 1743, 320, 117, 260, 1, 1, 1
15, 5, 1738, 323, 120, 265, 1, 1, 1
16, 5, 1750, 289, 115, 300, 1, 1, 1
17, 5, 1745, 268, 116, 394, 1, 1, 1
18, 5, 1741, 300, 119, 374, 1, 1, 1
19, 5, 1739, 296, 119, 355, 1, 1, 1
20, 5, 1709, 291, 149, 385, 1, 1, 1
21, 5, 1760, 351, 89, 244, 1, 1, 1
22, 5, 1711, 456, 94, 215, 1, 1, 1
23, 5, 1719, 279, 142, 387, 1, 1, 1
24, 5, 1722, 280, 140, 375, 1, 1, 1
25, 5, 1729, 273, 135, 376, 1, 1, 1
26, 5, 1727, 265, 136, 372, 1, 1, 1
27, 5, 1726, 263, 144, 348, 1, 1, 1
28, 5, 1747, 263, 124, 324, 1, 1, 1
29, 5, 1792, 265, 78, 195, 1, 1, 1
30, 5, 1786, 267, 82, 165, 1, 1, 1
31, 5, 1782, 287, 70, 155, 1, 1, 1
32, 5, 1788, 284, 72, 161, 1, 1, 1
33, 5, 1785, 283, 78, 169, 1, 1, 1
34, 5, 1755, 281, 113, 152, 1, 1, 1
35, 5, 1744, 294, 115, 141, 1, 1, 1
36, 5, 1722, 297, 138, 135, 1, 1, 1
37, 5, 1719, 297, 149, 133, 1, 1, 1
38, 5, 1725, 298, 146, 166, 1, 1, 1
39, 5, 1727, 295, 150, 160, 1, 1, 1
40, 5, 1716, 292, 165, 200, 1, 1, 1
41, 5, 1709, 303, 175, 192, 1, 1, 1
42, 5, 1744, 300, 145, 217, 1, 1, 1
43, 5, 1766, 311, 124, 222, 1, 1, 1
44, 5, 1758, 302, 139, 182, 1, 1, 1
45, 5, 1762, 308, 137, 183, 1, 1, 1
46, 5, 1766, 311, 138, 189, 1, 1, 1
47, 5, 1776, 311, 127, 141, 1, 1, 1
48, 5, 1778, 347, 115, 118, 1, 1, 1
49, 5, 1824, 317, 89, 158, 1, 1, 1
50, 5, 1850, 321, 69, 124, 1, 1, 1
51, 5, 1822, 323, 98, 176, 1, 1, 1
52, 5, 1826, 320, 90, 179, 1, 1, 1
53, 5, 1828, 327, 91, 175, 1, 1, 1
54, 5, 1831, 347, 89, 155, 1, 1, 1
55, 5, 1841, 347, 78, 144, 1, 1, 1
56, 5, 1852, 342, 68, 124, 1, 1, 1
