84, 1, 0, 438, 357, 384, 1, 1, 1
85, 1, 0, 455, 381, 385, 1, 1, 1
86, 1, 0, 465, 392, 396, 1, 1, 1
87, 1, 0, 507, 398, 406, 1, 1, 1
88, 1, 0, 536, 393, 404, 1, 1, 1
89, 1, 0, 545, 386, 390, 1, 1, 1
90, 1, 0, 554, 385, 382, 1, 1, 1
91, 1, 0, 544, 380, 391, 1, 1, 1
92, 1, 0, 528, 382, 403, 1, 1, 1
93, 1, 0, 513, 370, 413, 1, 1, 1
94, 1, 0, 502, 380, 422, 1, 1, 1
95, 1, 0, 491, 384, 435, 1, 1, 1
96, 1, 0, 474, 371, 454, 1, 1, 1
97, 1, 0, 472, 358, 466, 1, 1, 1
98, 1, 0, 480, 365, 478, 1, 1, 1
99, 1, 0, 480, 372, 496, 1, 1, 1
100, 1, 0, 482, 368, 509, 1, 1, 1
101, 1, 0, 485, 368, 518, 1, 1, 1
102, 1, 0, 486, 360, 529, 1, 1, 1
103, 1, 0, 488, 355, 534, 1, 1, 1
104, 1, 0, 494, 357, 543, 1, 1, 1
105, 1, 0, 495, 364, 561, 1, 1, 1
106, 1, 0, 487, 381, 572, 1, 1, 1
107, 1, 0, 477, 383, 577, 1, 1, 1
108, 1, 0, 477, 380, 589, 1, 1, 1
109, 1, 0, 483, 344, 602, 1, 1, 1
110, 1, 0, 495, 345, 613, 1, 1, 1
111, 1, 0, 504, 352, 621, 1, 1, 1
112, 1, 0, 480, 353, 644, 1, 1, 1
113, 1, 0, 466, 346, 660, 1, 1, 1
114, 1, 0, 485, 355, 667, 1, 1, 1
115, 1, 0, 474, 372, 677, 1, 1, 1
116, 1, 0, 446, 359, 664, 1, 1, 1
117, 1, 0, 447, 352, 656, 1, 1, 1
118, 1, 0, 422, 343, 653, 1, 1, 1
119, 1, 0, 426, 348, 649, 1, 1, 1
120, 1, 0, 412, 346, 646, 1, 1, 1
121, 1, 0, 403, 343, 640, 1, 1, 1
122, 1, 0, 396, 341, 643, 1, 1, 1
123, 1, 0, 408, 346, 641, 1, 1, 1
124, 1, 0, 419, 354, 636, 1, 1, 1
125, 1, 0, 425, 354, 630, 1, 1, 1
126, 1, 0, 422, 359, 635, 1, 1, 1
127, 1, 0, 417, 365, 633, 1, 1, 1
128, 1, 0, 412, 360, 635, 1, 1, 1
129, 1, 0, 421, 354, 631, 1, 1, 1
130, 1, 0, 431, 414, 614, 1, 1, 1
131, 1, 0, 450, 429, 587, 1, 1, 1
132, 1, 0, 510, 454, 535, 1, 1, 1
133, 1, 0, 571, 458, 591, 1, 1, 1
134, 1, 0, 620, 488, 536, 1, 1, 1
135, 1, 0, 662, 538, 499, 1, 1, 1
136, 1, 0, 602, 608, 557, 1, 1, 1
137, 1, 0, 574, 608, 577, 1, 1, 1
138, 1, 0, 655, 574, 508, 1, 1, 1
139, 1, 0, 696, 572, 468, 1, 1, 1
140, 1, 0, 684, 522, 375, 1, 1, 1
141, 1, 0, 661, 481, 374, 1, 1, 1
142, 1, 0, 606, 382, 425, 1, 1, 1
143, 1, 0, 539, 221, 522, 1, 1, 1
144, 1, 0, 527, 217, 300, 1, 1, 1
145, 1, 0, 545, 197, 415, 1, 1, 1
146, 1, 0, 472, 222, 414, 1, 1, 1
147, 1, 0, 409, 231, 380, 1, 1, 1
148, 1, 0, 368, 275, 483, 1, 1, 1
149, 1, 0, 360, 282, 500, 1, 1, 1
150, 1, 0, 367, 240, 502, 1, 1, 1
151, 1, 0, 385, 194, 482, 1, 1, 1
152, 1, 0, 449, 259, 412, 1, 1, 1
153, 1, 0, 501, 318, 370, 1, 1, 1
154, 1, 0, 503, 366, 366, 1, 1, 1
155, 1, 0, 478, 454, 385, 1, 1, 1
156, 1, 0, 418, 431, 435, 1, 1, 1
157, 1, 14, 375, 394, 408, 1, 1, 1
158, 1, 19, 373, 447, 469, 1, 1, 1
159, 1, 0, 292, 547, 609, 1, 1, 1
160, 1, 94, 420, 454, 557, 1, 1, 1
161, 1, 239, 425, 288, 565, 1, 1, 1
162, 1, 234, 406, 334, 537, 1, 1, 1
84, 2, 199, 471, 416, 306, 1, 1, 1
85, 2, 180, 498, 469, 300, 1, 1, 1
86, 2, 211, 505, 465, 305, 1, 1, 1
87, 2, 239, 537, 453, 311, 1, 1, 1
88, 2, 199, 577, 495, 324, 1, 1, 1
89, 2, 188, 592, 514, 340, 1, 1, 1
90, 2, 182, 605, 532, 352, 1, 1, 1
91, 2, 174, 601, 546, 373, 1, 1, 1
92, 2, 172, 585, 548, 384, 1, 1, 1
93, 2, 155, 581, 565, 389, 1, 1, 1
94, 2, 163, 584, 556, 389, 1, 1, 1
95, 2, 166, 576, 554, 399, 1, 1, 1
96, 2, 147, 568, 573, 406, 1, 1, 1
97, 2, 144, 573, 576, 411, 1, 1, 1
98, 2, 154, 584, 566, 427, 1, 1, 1
99, 2, 187, 586, 533, 430, 1, 1, 1
100, 2, 192, 588, 528, 443, 1, 1, 1
101, 2, 194, 592, 526, 444, 1, 1, 1
102, 2, 187, 591, 533, 440, 1, 1, 1
103, 2, 179, 592, 541, 448, 1, 1, 1
104, 2, 178, 600, 542, 441, 1, 1, 1
105, 2, 181, 608, 539, 435, 1, 1, 1
106, 2, 190, 625, 530, 413, 1, 1, 1
107, 2, 191, 594, 529, 441, 1, 1, 1
108, 2, 191, 605, 529, 432, 1, 1, 1
109, 2, 154, 627, 565, 434, 1, 1, 1
110, 2, 119, 625, 601, 455, 1, 1, 1
111, 2, 148, 622, 572, 479, 1, 1, 1
112, 2, 138, 587, 582, 496, 1, 1, 1
113, 2, 139, 555, 581, 529, 1, 1, 1
114, 2, 137, 585, 583, 532, 1, 1, 1
115, 2, 151, 596, 569, 544, 1, 1, 1
116, 2, 143, 579, 576, 494, 1, 1, 1
117, 2, 137, 573, 583, 502, 1, 1, 1
118, 2, 141, 550, 579, 490, 1, 1, 1
119, 2, 142, 551, 578, 476, 1, 1, 1
120, 2, 142, 540, 578, 482, 1, 1, 1
121, 2, 144, 528, 576, 488, 1, 1, 1
122, 2, 140, 523, 580, 482, 1, 1, 1
123, 2, 147, 535, 573, 489, 1, 1, 1
124, 2, 161, 548, 558, 479, 1, 1, 1
125, 2, 152, 544, 568, 468, 1, 1, 1
126, 2, 161, 521, 559, 486, 1, 1, 1
127, 2, 173, 468, 547, 527, 1, 1, 1
128, 2, 169, 428, 551, 566, 1, 1, 1
129, 2, 156, 417, 539, 581, 1, 1, 1
130, 2, 173, 418, 537, 575, 1, 1, 1
131, 2, 177, 466, 543, 534, 1, 1, 1
132, 2, 137, 474, 536, 540, 1, 1, 1
133, 2, 91, 488, 579, 530, 1, 1, 1
134, 2, 59, 530, 566, 480, 1, 1, 1
135, 2, 252, 506, 333, 466, 1, 1, 1
136, 2, 0, 422, 571, 559, 1, 1, 1
137, 2, 0, 436, 642, 530, 1, 1, 1
138, 2, 0, 544, 641, 434, 1, 1, 1
139, 2, 0, 620, 686, 377, 1, 1, 1
140, 2, 0, 633, 695, 347, 1, 1, 1
141, 2, 0, 638, 592, 318, 1, 1, 1
142, 2, 126, 608, 354, 337, 1, 1, 1
143, 2, 50, 529, 367, 511, 1, 1, 1
144, 2, 0, 533, 327, 636, 1, 1, 1
145, 2, 0, 564, 356, 608, 1, 1, 1
146, 2, 0, 601, 415, 553, 1, 1, 1
147, 2, 14, 578, 469, 542, 1, 1, 1
148, 2, 102, 592, 537, 534, 1, 1, 1
149, 2, 94, 592, 576, 687, 1, 1, 1
150, 2, 102, 590, 540, 690, 1, 1, 1
151, 2, 126, 609, 447, 653, 1, 1, 1
152, 2, 131, 590, 410, 642, 1, 1, 1
153, 2, 127, 606, 421, 666, 1, 1, 1
154, 2, 109, 469, 466, 810, 1, 1, 1
155, 2, 1, 406, 577, 874, 1, 1, 1
156, 2, 0, 390, 534, 890, 1, 1, 1
157, 2, 2, 421, 532, 859, 1, 1, 1
158, 2, 163, 526, 424, 754, 1, 1, 1
159, 2, 190, 792, 404, 488, 1, 1, 1
160, 2, 131, 822, 450, 458, 1, 1, 1
161, 2, 112, 845, 451, 435, 1, 1, 1
162, 2, 117, 799, 431, 481, 1, 1, 1
