45, 10, 0, 29, 336, 580, 1, 1, 1
46, 10, 0, 20, 313, 586, 1, 1, 1
47, 10, 0, 24, 300, 581, 1, 1, 1
48, 10, 0, 11, 294, 574, 1, 1, 1
49, 10, 0, 4, 271, 518, 1, 1, 1
50, 10, 0, 23, 262, 519, 1, 1, 1
51, 10, 0, 38, 268, 515, 1, 1, 1
52, 10, 0, 53, 280, 500, 1, 1, 1
53, 10, 0, 65, 276, 489, 1, 1, 1
54, 10, 0, 50, 249, 505, 1, 1, 1
55, 10, 0, 8, 252, 541, 1, 1, 1
56, 10, 0, 0, 252, 552, 1, 1, 1
57, 10, 0, 0, 252, 546, 1, 1, 1
58, 10, 0, 0, 254, 551, 1, 1, 1
59, 10, 0, 0, 252, 553, 1, 1, 1
60, 10, 0, 0, 253, 553, 1, 1, 1
61, 10, 0, 0, 254, 552, 1, 1, 1
62, 10, 0, 0, 256, 553, 1, 1, 1
63, 10, 0, 0, 253, 554, 1, 1, 1
64, 10, 0, 0, 253, 554, 1, 1, 1
65, 10, 0, 0, 253, 552, 1, 1, 1
66, 10, 0, 0, 250, 554, 1, 1, 1
67, 10, 0, 0, 253, 552, 1, 1, 1
68, 10, 0, 0, 254, 554, 1, 1, 1
69, 10, 0, 0, 256, 554, 1, 1, 1
70, 10, 0, 0, 253, 552, 1, 1, 1
71, 10, 0, 0, 255, 552, 1, 1, 1
72, 10, 0, 0, 252, 553, 1, 1, 1
73, 10, 0, 0, 256, 553, 1, 1, 1
74, 10, 0, 0, 255, 553, 1, 1, 1
75, 10, 0, 0, 253, 552, 1, 1, 1
