303, 14, 243, 319, 227, 761, 1, 1, 1
304, 14, 261, 319, 250, 761, 1, 1, 1
305, 14, 285, 317, 246, 763, 1, 1, 1
306, 14, 305, 319, 258, 761, 1, 1, 1
307, 14, 326, 320, 255, 760, 1, 1, 1
308, 14, 348, 320, 249, 760, 1, 1, 1
309, 14, 366, 322, 240, 758, 1, 1, 1
310, 14, 383, 320, 237, 760, 1, 1, 1
311, 14, 396, 320, 238, 752, 1, 1, 1
312, 14, 416, 321, 230, 746, 1, 1, 1
313, 14, 423, 319, 234, 743, 1, 1, 1
314, 14, 440, 319, 226, 740, 1, 1, 1
315, 14, 446, 319, 223, 738, 1, 1, 1
316, 14, 448, 317, 223, 738, 1, 1, 1
317, 14, 446, 313, 224, 738, 1, 1, 1
318, 14, 443, 313, 222, 735, 1, 1, 1
319, 14, 446, 312, 218, 735, 1, 1, 1
320, 14, 442, 311, 219, 734, 1, 1, 1
321, 14, 440, 308, 217, 735, 1, 1, 1
322, 14, 437, 309, 216, 732, 1, 1, 1
323, 14, 434, 307, 217, 734, 1, 1, 1
324, 14, 434, 307, 215, 733, 1, 1, 1
325, 14, 432, 307, 214, 733, 1, 1, 1
326, 14, 432, 305, 213, 733, 1, 1, 1
327, 14, 431, 304, 212, 734, 1, 1, 1
