25, 2, 320, 323, 264, 113, 1, 1, 1
26, 2, 326, 320, 253, 110, 1, 1, 1
27, 2, 333, 321, 244, 123, 1, 1, 1
28, 2, 336, 320, 239, 141, 1, 1, 1
29, 2, 338, 319, 238, 140, 1, 1, 1
30, 2, 344, 320, 231, 137, 1, 1, 1
31, 2, 353, 319, 229, 143, 1, 1, 1
32, 2, 366, 313, 211, 150, 1, 1, 1
33, 2, 372, 307, 222, 158, 1, 1, 1
34, 2, 369, 301, 223, 162, 1, 1, 1
35, 2, 371, 299, 214, 165, 1, 1, 1
36, 2, 363, 299, 202, 163, 1, 1, 1
37, 2, 354, 302, 199, 140, 1, 1, 1
38, 2, 345, 306, 209, 133, 1, 1, 1
39, 2, 338, 308, 209, 129, 1, 1, 1
40, 2, 339, 308, 207, 132, 1, 1, 1
41, 2, 337, 307, 207, 135, 1, 1, 1
42, 2, 336, 306, 219, 131, 1, 1, 1
43, 2, 339, 304, 202, 113, 1, 1, 1
44, 2, 338, 305, 203, 98, 1, 1, 1
45, 2, 338, 301, 202, 132, 1, 1, 1
46, 2, 339, 295, 213, 138, 1, 1, 1
47, 2, 340, 293, 229, 109, 1, 1, 1
48, 2, 342, 291, 239, 118, 1, 1, 1
49, 2, 342, 289, 248, 128, 1, 1, 1
50, 2, 342, 292, 247, 132, 1, 1, 1
51, 2, 346, 293, 242, 97, 1, 1, 1
52, 2, 343, 291, 250, 99, 1, 1, 1
53, 2, 350, 292, 247, 100, 1, 1, 1
54, 2, 364, 296, 241, 101, 1, 1, 1
55, 2, 369, 299, 243, 105, 1, 1, 1
56, 2, 375, 302, 249, 105, 1, 1, 1
