1, 1, 286, 146, 517, 516, 1, 1, 1
2, 1, 333, 234, 513, 428, 1, 1, 1
3, 1, 357, 249, 509, 413, 1, 1, 1
4, 1, 316, 244, 541, 418, 1, 1, 1
5, 1, 284, 229, 555, 433, 1, 1, 1
6, 1, 297, 224, 543, 438, 1, 1, 1
7, 1, 313, 218, 519, 444, 1, 1, 1
8, 1, 324, 193, 518, 469, 1, 1, 1
9, 1, 319, 191, 521, 471, 1, 1, 1
10, 1, 324, 218, 534, 444, 1, 1, 1
11, 1, 338, 239, 533, 423, 1, 1, 1
12, 1, 386, 242, 501, 420, 1, 1, 1
13, 1, 415, 250, 486, 383, 1, 1, 1
14, 1, 410, 259, 498, 355, 1, 1, 1
15, 1, 411, 246, 506, 360, 1, 1, 1
16, 1, 398, 220, 522, 393, 1, 1, 1
17, 1, 393, 196, 535, 422, 1, 1, 1
18, 1, 384, 183, 559, 421, 1, 1, 1
19, 1, 385, 190, 572, 410, 1, 1, 1
20, 1, 416, 180, 555, 392, 1, 1, 1
21, 1, 428, 172, 569, 386, 1, 1, 1
22, 1, 440, 192, 571, 375, 1, 1, 1
23, 1, 461, 217, 576, 332, 1, 1, 1
24, 1, 461, 218, 589, 331, 1, 1, 1
25, 1, 480, 220, 604, 350, 1, 1, 1
26, 1, 496, 255, 617, 331, 1, 1, 1
27, 1, 510, 278, 611, 307, 1, 1, 1
28, 1, 514, 282, 624, 298, 1, 1, 1
29, 1, 521, 267, 617, 296, 1, 1, 1
30, 1, 518, 246, 619, 298, 1, 1, 1
31, 1, 528, 252, 611, 296, 1, 1, 1
32, 1, 535, 259, 608, 303, 1, 1, 1
33, 1, 531, 249, 606, 332, 1, 1, 1
34, 1, 541, 262, 602, 352, 1, 1, 1
35, 1, 561, 281, 562, 335, 1, 1, 1
36, 1, 514, 252, 579, 357, 1, 1, 1
37, 1, 591, 308, 581, 354, 1, 1, 1
38, 1, 642, 305, 557, 357, 1, 1, 1
39, 1, 681, 318, 536, 344, 1, 1, 1
40, 1, 692, 313, 511, 349, 1, 1, 1
41, 1, 689, 319, 516, 343, 1, 1, 1
42, 1, 704, 325, 532, 337, 1, 1, 1
43, 1, 705, 327, 534, 335, 1, 1, 1
44, 1, 702, 336, 536, 326, 1, 1, 1
45, 1, 718, 334, 536, 328, 1, 1, 1
46, 1, 734, 337, 546, 325, 1, 1, 1
47, 1, 719, 334, 561, 328, 1, 1, 1
48, 1, 737, 333, 543, 329, 1, 1, 1
49, 1, 739, 326, 541, 336, 1, 1, 1
50, 1, 751, 339, 529, 323, 1, 1, 1
51, 1, 785, 350, 436, 312, 1, 1, 1
52, 1, 776, 351, 440, 311, 1, 1, 1
53, 1, 762, 371, 460, 291, 1, 1, 1
54, 1, 751, 391, 482, 271, 1, 1, 1
55, 1, 747, 411, 494, 251, 1, 1, 1
56, 1, 760, 430, 504, 232, 1, 1, 1
57, 1, 779, 446, 501, 216, 1, 1, 1
58, 1, 781, 488, 499, 174, 1, 1, 1
59, 1, 799, 495, 481, 167, 1, 1, 1
60, 1, 818, 479, 462, 183, 1, 1, 1
61, 1, 822, 485, 458, 177, 1, 1, 1
62, 1, 804, 512, 476, 150, 1, 1, 1
