1, 1, 333, 0, 498, 732, 1, 1, 1
2, 1, 345, 0, 472, 788, 1, 1, 1
3, 1, 367, 0, 440, 833, 1, 1, 1
4, 1, 340, 85, 475, 637, 1, 1, 1
5, 1, 361, 221, 358, 425, 1, 1, 1
6, 1, 395, 344, 432, 269, 1, 1, 1
7, 1, 336, 250, 589, 363, 1, 1, 1
8, 1, 351, 355, 674, 271, 1, 1, 1
9, 1, 436, 368, 684, 245, 1, 1, 1
10, 1, 496, 327, 716, 279, 1, 1, 1
11, 1, 900, 229, 357, 322, 1, 1, 1
12, 1, 948, 96, 342, 389, 1, 1, 1
13, 1, 899, 0, 390, 449, 1, 1, 1
14, 1, 946, 0, 370, 467, 1, 1, 1
15, 1, 867, 0, 377, 394, 1, 1, 1
16, 1, 850, 0, 384, 208, 1, 1, 1
17, 1, 778, 0, 415, 189, 1, 1, 1
18, 1, 699, 1, 428, 183, 1, 1, 1
19, 1, 639, 0, 458, 267, 1, 1, 1
20, 1, 610, 0, 390, 422, 1, 1, 1
21, 1, 550, 0, 397, 501, 1, 1, 1
22, 1, 506, 0, 408, 576, 1, 1, 1
23, 1, 448, 0, 579, 602, 1, 1, 1
24, 1, 413, 0, 592, 641, 1, 1, 1
25, 1, 370, 0, 604, 693, 1, 1, 1
26, 1, 341, 20, 600, 753, 1, 1, 1
27, 1, 335, 97, 541, 738, 1, 1, 1
28, 1, 336, 164, 503, 741, 1, 1, 1
29, 1, 341, 142, 454, 798, 1, 1, 1
30, 1, 342, 193, 461, 771, 1, 1, 1
31, 1, 311, 373, 466, 519, 1, 1, 1
32, 1, 354, 404, 324, 446, 1, 1, 1
33, 1, 367, 356, 261, 456, 1, 1, 1
34, 1, 328, 382, 332, 405, 1, 1, 1
35, 1, 292, 343, 371, 447, 1, 1, 1
