1, 2, 246, 112, 250, 242, 1, 1, 1
2, 2, 288, 105, 262, 251, 1, 1, 1
3, 2, 329, 115, 238, 249, 1, 1, 1
4, 2, 317, 95, 255, 273, 1, 1, 1
5, 2, 337, 127, 205, 241, 1, 1, 1
6, 2, 345, 134, 175, 234, 1, 1, 1
7, 2, 378, 115, 145, 241, 1, 1, 1
8, 2, 370, 92, 167, 257, 1, 1, 1
9, 2, 332, 81, 210, 264, 1, 1, 1
10, 2, 317, 78, 236, 273, 1, 1, 1
11, 2, 301, 84, 286, 263, 1, 1, 1
12, 2, 270, 89, 338, 260, 1, 1, 1
13, 2, 221, 98, 395, 261, 1, 1, 1
14, 2, 210, 106, 381, 259, 1, 1, 1
15, 2, 210, 111, 385, 257, 1, 1, 1
16, 2, 196, 114, 399, 254, 1, 1, 1
17, 2, 167, 124, 421, 244, 1, 1, 1
18, 2, 151, 119, 418, 249, 1, 1, 1
19, 2, 125, 107, 389, 261, 1, 1, 1
