50, 3, 1078, 324, 157, 112, 1, 1, 1
51, 3, 1057, 321, 171, 122, 1, 1, 1
52, 3, 1039, 323, 189, 116, 1, 1, 1
53, 3, 1000, 320, 220, 131, 1, 1, 1
54, 3, 995, 310, 190, 141, 1, 1, 1
55, 3, 971, 316, 183, 141, 1, 1, 1
56, 3, 941, 319, 177, 140, 1, 1, 1
57, 3, 909, 328, 188, 131, 1, 1, 1
58, 3, 880, 337, 189, 123, 1, 1, 1
59, 3, 851, 340, 202, 126, 1, 1, 1
60, 3, 805, 343, 221, 114, 1, 1, 1
61, 3, 777, 336, 212, 113, 1, 1, 1
62, 3, 757, 342, 197, 116, 1, 1, 1
63, 3, 726, 349, 211, 116, 1, 1, 1
64, 3, 710, 353, 205, 124, 1, 1, 1
65, 3, 702, 353, 207, 130, 1, 1, 1
66, 3, 696, 367, 199, 130, 1, 1, 1
67, 3, 693, 376, 195, 129, 1, 1, 1
68, 3, 684, 387, 194, 128, 1, 1, 1
69, 3, 675, 400, 197, 123, 1, 1, 1
70, 3, 659, 400, 196, 126, 1, 1, 1
71, 3, 630, 398, 210, 130, 1, 1, 1
72, 3, 608, 401, 213, 127, 1, 1, 1
73, 3, 604, 407, 200, 126, 1, 1, 1
74, 3, 586, 406, 200, 129, 1, 1, 1
75, 3, 578, 410, 197, 129, 1, 1, 1
76, 3, 573, 411, 183, 133, 1, 1, 1
77, 3, 563, 415, 182, 134, 1, 1, 1
78, 3, 548, 420, 187, 142, 1, 1, 1
