1, 3, 575, 210, 126, 157, 1, 1, 1
2, 3, 573, 210, 125, 159, 1, 1, 1
3, 3, 563, 208, 127, 159, 1, 1, 1
4, 3, 556, 205, 132, 159, 1, 1, 1
5, 3, 554, 204, 128, 161, 1, 1, 1
6, 3, 547, 201, 132, 163, 1, 1, 1
7, 3, 539, 201, 133, 164, 1, 1, 1
8, 3, 527, 199, 144, 167, 1, 1, 1
9, 3, 520, 199, 152, 168, 1, 1, 1
10, 3, 500, 199, 165, 169, 1, 1, 1
11, 3, 482, 193, 174, 168, 1, 1, 1
12, 3, 456, 190, 191, 171, 1, 1, 1
13, 3, 436, 187, 198, 173, 1, 1, 1
14, 3, 410, 187, 209, 174, 1, 1, 1
15, 3, 389, 185, 212, 176, 1, 1, 1
16, 3, 361, 182, 219, 179, 1, 1, 1
17, 3, 344, 179, 219, 179, 1, 1, 1
18, 3, 326, 175, 217, 182, 1, 1, 1
19, 3, 316, 170, 218, 184, 1, 1, 1
20, 3, 298, 167, 223, 186, 1, 1, 1
21, 3, 287, 165, 223, 189, 1, 1, 1
22, 3, 284, 162, 226, 191, 1, 1, 1
23, 3, 280, 159, 218, 195, 1, 1, 1
24, 3, 271, 156, 214, 199, 1, 1, 1
25, 3, 274, 154, 194, 205, 1, 1, 1
26, 3, 282, 152, 176, 210, 1, 1, 1
27, 3, 288, 148, 155, 216, 1, 1, 1
28, 3, 301, 145, 143, 222, 1, 1, 1
29, 3, 320, 142, 139, 227, 1, 1, 1
30, 3, 321, 143, 164, 230, 1, 1, 1
31, 3, 332, 144, 188, 233, 1, 1, 1
32, 3, 342, 144, 203, 236, 1, 1, 1
33, 3, 356, 141, 220, 240, 1, 1, 1
34, 3, 372, 143, 240, 241, 1, 1, 1
35, 3, 383, 146, 265, 240, 1, 1, 1
36, 3, 404, 148, 272, 239, 1, 1, 1
37, 3, 431, 149, 270, 238, 1, 1, 1
38, 3, 459, 150, 266, 236, 1, 1, 1
39, 3, 480, 156, 268, 233, 1, 1, 1
40, 3, 503, 160, 260, 232, 1, 1, 1
41, 3, 533, 168, 244, 227, 1, 1, 1
42, 3, 564, 173, 231, 222, 1, 1, 1
43, 3, 587, 182, 218, 216, 1, 1, 1
