48, 1, 604, 679, 192, 252, 1, 1, 1
49, 1, 603, 681, 189, 252, 1, 1, 1
50, 1, 588, 683, 196, 250, 1, 1, 1
51, 1, 547, 674, 205, 253, 1, 1, 1
52, 1, 470, 602, 222, 244, 1, 1, 1
53, 1, 402, 532, 236, 252, 1, 1, 1
54, 1, 400, 512, 241, 251, 1, 1, 1
55, 1, 368, 415, 244, 253, 1, 1, 1
56, 1, 368, 386, 245, 251, 1, 1, 1
57, 1, 376, 358, 245, 253, 1, 1, 1
58, 1, 290, 372, 265, 260, 1, 1, 1
59, 1, 234, 410, 270, 261, 1, 1, 1
60, 1, 210, 434, 271, 264, 1, 1, 1
61, 1, 217, 438, 275, 264, 1, 1, 1
62, 1, 229, 440, 277, 262, 1, 1, 1
63, 1, 240, 470, 278, 260, 1, 1, 1
64, 1, 240, 496, 278, 262, 1, 1, 1
65, 1, 234, 512, 280, 263, 1, 1, 1
66, 1, 233, 522, 276, 262, 1, 1, 1
67, 1, 225, 529, 282, 262, 1, 1, 1
68, 1, 231, 535, 272, 262, 1, 1, 1
69, 1, 231, 549, 273, 262, 1, 1, 1
70, 1, 218, 555, 273, 264, 1, 1, 1
71, 1, 221, 562, 266, 263, 1, 1, 1
72, 1, 230, 566, 257, 263, 1, 1, 1
73, 1, 250, 569, 240, 261, 1, 1, 1
74, 1, 251, 565, 240, 262, 1, 1, 1
75, 1, 248, 562, 239, 259, 1, 1, 1
