456, 10, 1169, 236, 367, 844, 1, 1, 1
457, 10, 1094, 237, 442, 843, 1, 1, 1
458, 10, 1092, 248, 444, 832, 1, 1, 1
459, 10, 1164, 246, 372, 834, 1, 1, 1
460, 10, 1147, 240, 380, 840, 1, 1, 1
461, 10, 1173, 240, 334, 840, 1, 1, 1
462, 10, 1169, 226, 340, 854, 1, 1, 1
463, 10, 1163, 251, 339, 829, 1, 1, 1
464, 10, 1155, 245, 337, 835, 1, 1, 1
465, 10, 1133, 251, 366, 829, 1, 1, 1
466, 10, 1108, 232, 428, 848, 1, 1, 1
467, 10, 1092, 259, 444, 821, 1, 1, 1
468, 10, 1097, 235, 439, 845, 1, 1, 1
469, 10, 1080, 206, 456, 874, 1, 1, 1
470, 10, 1033, 157, 503, 923, 1, 1, 1
471, 10, 979, 126, 557, 954, 1, 1, 1
472, 10, 923, 112, 613, 968, 1, 1, 1
473, 10, 815, 105, 701, 975, 1, 1, 1
474, 10, 530, 88, 827, 992, 1, 1, 1
475, 10, 88, 39, 1012, 1041, 1, 1, 1
476, 10, 0, 25, 1045, 1055, 1, 1, 1
477, 10, 0, 169, 1018, 911, 1, 1, 1
478, 10, 0, 367, 932, 713, 1, 1, 1
479, 10, 0, 494, 957, 586, 1, 1, 1
480, 10, 0, 305, 949, 775, 1, 1, 1
