1, 4, 216, 253, 522, 719, 1, 1, 1
2, 4, 302, 256, 709, 716, 1, 1, 1
3, 4, 317, 299, 555, 673, 1, 1, 1
4, 4, 321, 151, 733, 821, 1, 1, 1
5, 4, 311, 256, 690, 716, 1, 1, 1
6, 4, 380, 173, 716, 799, 1, 1, 1
7, 4, 360, 244, 497, 693, 1, 1, 1
8, 4, 0, 272, 874, 679, 1, 1, 1
9, 4, 100, 252, 855, 635, 1, 1, 1
10, 4, 325, 95, 615, 734, 1, 1, 1
11, 4, 453, 246, 587, 616, 1, 1, 1
12, 4, 544, 7, 503, 754, 1, 1, 1
13, 4, 527, 95, 492, 585, 1, 1, 1
14, 4, 422, 248, 526, 617, 1, 1, 1
15, 4, 423, 177, 481, 597, 1, 1, 1
16, 4, 388, 198, 594, 551, 1, 1, 1
17, 4, 335, 179, 528, 463, 1, 1, 1
18, 4, 351, 133, 541, 508, 1, 1, 1
19, 4, 296, 2, 568, 665, 1, 1, 1
20, 4, 288, 33, 481, 632, 1, 1, 1
21, 4, 355, 395, 441, 226, 1, 1, 1
22, 4, 287, 68, 518, 513, 1, 1, 1
23, 4, 381, 271, 463, 254, 1, 1, 1
24, 4, 484, 61, 279, 444, 1, 1, 1
25, 4, 164, 140, 731, 359, 1, 1, 1
26, 4, 456, 0, 467, 373, 1, 1, 1
27, 4, 253, 0, 563, 280, 1, 1, 1
28, 4, 519, 0, 250, 223, 1, 1, 1
29, 4, 420, 0, 210, 104, 1, 1, 1
30, 4, 700, 45, 353, 241, 1, 1, 1
31, 4, 229, 0, 592, 186, 1, 1, 1
32, 4, 106, 0, 909, 196, 1, 1, 1
33, 4, 0, 0, 1065, 271, 1, 1, 1
34, 4, 106, 0, 884, 238, 1, 1, 1
35, 4, 575, 0, 402, 284, 1, 1, 1
36, 4, 632, 0, 228, 292, 1, 1, 1
37, 4, 173, 0, 803, 315, 1, 1, 1
38, 4, 134, 0, 753, 340, 1, 1, 1
39, 4, 554, 0, 312, 345, 1, 1, 1
40, 4, 493, 55, 502, 435, 1, 1, 1
41, 4, 608, 0, 453, 535, 1, 1, 1
42, 4, 624, 0, 459, 539, 1, 1, 1
43, 4, 297, 0, 775, 537, 1, 1, 1
44, 4, 688, 0, 449, 565, 1, 1, 1
45, 4, 418, 0, 843, 615, 1, 1, 1
46, 4, 418, 199, 983, 548, 1, 1, 1
47, 4, 396, 128, 1030, 445, 1, 1, 1
48, 4, 793, 147, 550, 566, 1, 1, 1
49, 4, 463, 183, 701, 559, 1, 1, 1
50, 4, 672, 0, 530, 921, 1, 1, 1
51, 4, 618, 264, 1112, 496, 1, 1, 1
52, 4, 186, 0, 967, 939, 1, 1, 1
53, 4, 99, 213, 1068, 759, 1, 1, 1
54, 4, 238, 0, 880, 972, 1, 1, 1
55, 4, 1, 35, 808, 937, 1, 1, 1
56, 4, 135, 320, 1071, 652, 1, 1, 1
57, 4, 0, 121, 722, 850, 1, 1, 1
58, 4, 0, 0, 1032, 943, 1, 1, 1
59, 4, 0, 0, 709, 872, 1, 1, 1
60, 4, 0, 0, 651, 716, 1, 1, 1
