16, 3, 906, 314, 890, 582, 1, 1, 1
17, 3, 836, 292, 917, 604, 1, 1, 1
18, 3, 842, 236, 1028, 660, 1, 1, 1
19, 3, 803, 200, 1117, 696, 1, 1, 1
20, 3, 838, 158, 1082, 738, 1, 1, 1
21, 3, 1068, 101, 783, 794, 1, 1, 1
22, 3, 1110, 87, 765, 809, 1, 1, 1
23, 3, 1171, 75, 749, 812, 1, 1, 1
24, 3, 881, 74, 1039, 808, 1, 1, 1
25, 3, 880, 74, 1040, 822, 1, 1, 1
26, 3, 1247, 93, 673, 802, 1, 1, 1
27, 3, 995, 111, 925, 785, 1, 1, 1
28, 3, 961, 147, 959, 749, 1, 1, 1
29, 3, 1017, 150, 903, 746, 1, 1, 1
30, 3, 1217, 133, 703, 763, 1, 1, 1
