44, 3, 725, 385, 244, 260, 1, 1, 1
45, 3, 726, 386, 237, 260, 1, 1, 1
46, 3, 722, 388, 230, 256, 1, 1, 1
47, 3, 727, 386, 211, 258, 1, 1, 1
48, 3, 700, 390, 226, 255, 1, 1, 1
49, 3, 690, 398, 216, 247, 1, 1, 1
50, 3, 680, 382, 210, 263, 1, 1, 1
51, 3, 679, 382, 192, 263, 1, 1, 1
52, 3, 645, 392, 213, 257, 1, 1, 1
53, 3, 624, 382, 205, 267, 1, 1, 1
54, 3, 606, 383, 199, 263, 1, 1, 1
55, 3, 585, 392, 196, 255, 1, 1, 1
56, 3, 574, 381, 183, 266, 1, 1, 1
57, 3, 566, 383, 171, 265, 1, 1, 1
58, 3, 554, 389, 168, 257, 1, 1, 1
59, 3, 546, 378, 165, 264, 1, 1, 1
60, 3, 536, 375, 149, 269, 1, 1, 1
61, 3, 529, 385, 142, 259, 1, 1, 1
62, 3, 524, 379, 135, 269, 1, 1, 1
63, 3, 517, 373, 141, 276, 1, 1, 1
64, 3, 512, 383, 139, 265, 1, 1, 1
65, 3, 497, 380, 145, 270, 1, 1, 1
66, 3, 487, 374, 146, 272, 1, 1, 1
67, 3, 473, 381, 152, 266, 1, 1, 1
