1, 3, 791, 191, 322, 206, 1, 1, 1
2, 3, 880, 234, 241, 160, 1, 1, 1
3, 3, 762, 178, 359, 207, 1, 1, 1
4, 3, 830, 225, 283, 153, 1, 1, 1
5, 3, 832, 170, 289, 206, 1, 1, 1
6, 3, 839, 163, 293, 205, 1, 1, 1
7, 3, 816, 122, 328, 244, 1, 1, 1
8, 3, 831, 217, 323, 145, 1, 1, 1
9, 3, 848, 199, 316, 156, 1, 1, 1
10, 3, 868, 205, 318, 152, 1, 1, 1
11, 3, 893, 202, 318, 149, 1, 1, 1
12, 3, 992, 207, 235, 154, 1, 1, 1
13, 3, 990, 212, 249, 159, 1, 1, 1
14, 3, 998, 216, 252, 161, 1, 1, 1
15, 3, 997, 216, 250, 164, 1, 1, 1
16, 3, 989, 220, 247, 156, 1, 1, 1
17, 3, 982, 224, 250, 153, 1, 1, 1
18, 3, 987, 214, 237, 167, 1, 1, 1
19, 3, 946, 200, 283, 190, 1, 1, 1
20, 3, 951, 197, 290, 192, 1, 1, 1
21, 3, 960, 194, 289, 182, 1, 1, 1
22, 3, 980, 195, 285, 193, 1, 1, 1
23, 3, 1005, 196, 275, 192, 1, 1, 1
24, 3, 1029, 204, 251, 193, 1, 1, 1
25, 3, 1053, 203, 227, 201, 1, 1, 1
26, 3, 1072, 209, 208, 203, 1, 1, 1
27, 3, 1092, 224, 188, 205, 1, 1, 1
28, 3, 1098, 225, 182, 205, 1, 1, 1
29, 3, 1097, 233, 183, 200, 1, 1, 1
30, 3, 1093, 242, 187, 198, 1, 1, 1
