15, 2, 1526, 500, 394, 330, 1, 1, 1
16, 2, 1563, 526, 335, 307, 1, 1, 1
17, 2, 1578, 572, 306, 306, 1, 1, 1
18, 2, 1587, 566, 317, 325, 1, 1, 1
19, 2, 1633, 587, 253, 287, 1, 1, 1
20, 2, 1638, 561, 282, 324, 1, 1, 1
21, 2, 1579, 568, 341, 326, 1, 1, 1
22, 2, 1548, 574, 372, 321, 1, 1, 1
23, 2, 1518, 570, 401, 322, 1, 1, 1
24, 2, 1481, 566, 438, 299, 1, 1, 1
25, 2, 1452, 559, 468, 311, 1, 1, 1
26, 2, 1441, 567, 479, 293, 1, 1, 1
27, 2, 1422, 586, 498, 293, 1, 1, 1
28, 2, 1409, 596, 511, 290, 1, 1, 1
