1, 4, 230, 36, 162, 132, 1, 1, 1
2, 4, 236, 25, 135, 165, 1, 1, 1
3, 4, 262, 1, 103, 191, 1, 1, 1
4, 4, 266, 0, 89, 231, 1, 1, 1
5, 4, 277, 5, 82, 231, 1, 1, 1
6, 4, 276, 5, 79, 229, 1, 1, 1
7, 4, 288, 5, 71, 258, 1, 1, 1
8, 4, 280, 3, 72, 238, 1, 1, 1
9, 4, 286, 0, 69, 239, 1, 1, 1
10, 4, 280, 0, 74, 227, 1, 1, 1
11, 4, 283, 0, 63, 149, 1, 1, 1
12, 4, 253, 0, 65, 155, 1, 1, 1
13, 4, 229, 0, 95, 152, 1, 1, 1
14, 4, 228, 0, 106, 153, 1, 1, 1
15, 4, 223, 0, 106, 151, 1, 1, 1
16, 4, 219, 0, 114, 139, 1, 1, 1
17, 4, 223, 0, 120, 147, 1, 1, 1
18, 4, 215, 2, 133, 144, 1, 1, 1
19, 4, 180, 17, 183, 129, 1, 1, 1
20, 4, 184, 7, 210, 223, 1, 1, 1
21, 4, 188, 12, 210, 222, 1, 1, 1
22, 4, 195, 4, 205, 226, 1, 1, 1
23, 4, 192, 1, 207, 232, 1, 1, 1
24, 4, 191, 3, 219, 230, 1, 1, 1
25, 4, 197, 0, 246, 187, 1, 1, 1
26, 4, 197, 5, 244, 151, 1, 1, 1
27, 4, 183, 0, 259, 158, 1, 1, 1
28, 4, 177, 0, 266, 192, 1, 1, 1
29, 4, 171, 0, 217, 231, 1, 1, 1
30, 4, 172, 0, 223, 188, 1, 1, 1
31, 4, 171, 1, 197, 172, 1, 1, 1
32, 4, 169, 8, 192, 171, 1, 1, 1
33, 4, 167, 10, 185, 171, 1, 1, 1
34, 4, 183, 9, 162, 163, 1, 1, 1
35, 4, 192, 14, 154, 169, 1, 1, 1
36, 4, 201, 17, 144, 164, 1, 1, 1
37, 4, 205, 13, 136, 176, 1, 1, 1
38, 4, 206, 12, 131, 175, 1, 1, 1
39, 4, 211, 6, 124, 186, 1, 1, 1
40, 4, 212, 2, 112, 190, 1, 1, 1
41, 4, 206, 11, 119, 184, 1, 1, 1
1, 3, 167, 27, 207, 298, 1, 1, 1
2, 3, 169, 28, 194, 299, 1, 1, 1
3, 3, 167, 46, 188, 278, 1, 1, 1
4, 3, 169, 47, 171, 280, 1, 1, 1
5, 3, 177, 49, 157, 280, 1, 1, 1
6, 3, 176, 47, 151, 281, 1, 1, 1
7, 3, 173, 49, 146, 272, 1, 1, 1
8, 3, 172, 46, 146, 259, 1, 1, 1
9, 3, 184, 48, 133, 265, 1, 1, 1
10, 3, 198, 45, 130, 268, 1, 1, 1
11, 3, 204, 49, 146, 268, 1, 1, 1
12, 3, 187, 53, 180, 268, 1, 1, 1
13, 3, 167, 51, 235, 282, 1, 1, 1
14, 3, 158, 54, 240, 274, 1, 1, 1
15, 3, 174, 59, 221, 280, 1, 1, 1
16, 3, 182, 55, 221, 274, 1, 1, 1
17, 3, 193, 61, 217, 253, 1, 1, 1
18, 3, 206, 66, 205, 243, 1, 1, 1
19, 3, 223, 72, 184, 261, 1, 1, 1
20, 3, 240, 70, 168, 258, 1, 1, 1
21, 3, 262, 68, 143, 260, 1, 1, 1
22, 3, 274, 59, 126, 264, 1, 1, 1
23, 3, 236, 56, 157, 269, 1, 1, 1
24, 3, 242, 57, 147, 269, 1, 1, 1
25, 3, 246, 59, 162, 267, 1, 1, 1
26, 3, 207, 76, 209, 253, 1, 1, 1
27, 3, 206, 71, 218, 259, 1, 1, 1
28, 3, 231, 75, 200, 258, 1, 1, 1
