1, 4, 757, 478, 400, 435, 1, 1, 1
2, 4, 774, 467, 395, 433, 1, 1, 1
3, 4, 789, 460, 394, 425, 1, 1, 1
4, 4, 802, 449, 397, 423, 1, 1, 1
5, 4, 829, 430, 383, 416, 1, 1, 1
6, 4, 839, 419, 392, 407, 1, 1, 1
7, 4, 848, 406, 395, 402, 1, 1, 1
8, 4, 870, 398, 381, 404, 1, 1, 1
9, 4, 875, 386, 388, 407, 1, 1, 1
10, 4, 899, 379, 378, 391, 1, 1, 1
11, 4, 914, 376, 373, 379, 1, 1, 1
12, 4, 919, 365, 372, 384, 1, 1, 1
13, 4, 931, 367, 370, 370, 1, 1, 1
14, 4, 939, 362, 381, 378, 1, 1, 1
15, 4, 949, 353, 391, 375, 1, 1, 1
16, 4, 965, 349, 400, 367, 1, 1, 1
17, 4, 979, 344, 396, 366, 1, 1, 1
18, 4, 985, 342, 409, 359, 1, 1, 1
19, 4, 989, 335, 419, 361, 1, 1, 1
20, 4, 996, 333, 430, 358, 1, 1, 1
21, 4, 1002, 332, 442, 351, 1, 1, 1
22, 4, 1006, 325, 442, 352, 1, 1, 1
23, 4, 1013, 325, 455, 349, 1, 1, 1
24, 4, 1019, 325, 446, 347, 1, 1, 1
25, 4, 1025, 325, 444, 349, 1, 1, 1
26, 4, 1027, 327, 445, 348, 1, 1, 1
27, 4, 1025, 330, 448, 358, 1, 1, 1
28, 4, 1026, 332, 442, 360, 1, 1, 1
29, 4, 1028, 337, 443, 365, 1, 1, 1
30, 4, 1030, 343, 445, 365, 1, 1, 1
31, 4, 1040, 347, 434, 369, 1, 1, 1
32, 4, 1054, 349, 424, 377, 1, 1, 1
33, 4, 1062, 351, 416, 383, 1, 1, 1
34, 4, 1065, 353, 416, 380, 1, 1, 1
35, 4, 1075, 354, 409, 385, 1, 1, 1
36, 4, 1074, 353, 414, 393, 1, 1, 1
37, 4, 1073, 355, 407, 392, 1, 1, 1
38, 4, 1064, 353, 422, 390, 1, 1, 1
39, 4, 1064, 354, 424, 393, 1, 1, 1
40, 4, 1063, 357, 425, 388, 1, 1, 1
41, 4, 1060, 356, 424, 386, 1, 1, 1
42, 4, 1064, 357, 419, 386, 1, 1, 1
43, 4, 1061, 357, 423, 385, 1, 1, 1
44, 4, 1068, 358, 418, 381, 1, 1, 1
45, 4, 1090, 361, 405, 376, 1, 1, 1
46, 4, 1092, 362, 417, 369, 1, 1, 1
47, 4, 1103, 362, 412, 367, 1, 1, 1
48, 4, 1098, 364, 421, 366, 1, 1, 1
49, 4, 1101, 373, 427, 336, 1, 1, 1
50, 4, 1092, 368, 443, 354, 1, 1, 1
51, 4, 1095, 376, 470, 343, 1, 1, 1
52, 4, 1107, 373, 463, 339, 1, 1, 1
53, 4, 1117, 383, 474, 327, 1, 1, 1
54, 4, 1123, 384, 479, 321, 1, 1, 1
55, 4, 1133, 387, 483, 316, 1, 1, 1
56, 4, 1142, 390, 482, 313, 1, 1, 1
57, 4, 1156, 394, 486, 314, 1, 1, 1
58, 4, 1177, 409, 466, 306, 1, 1, 1
59, 4, 1194, 411, 454, 304, 1, 1, 1
60, 4, 1204, 419, 447, 292, 1, 1, 1
61, 4, 1205, 421, 445, 286, 1, 1, 1
62, 4, 1232, 424, 420, 283, 1, 1, 1
63, 4, 1271, 423, 381, 285, 1, 1, 1
64, 4, 1309, 424, 343, 270, 1, 1, 1
65, 4, 1353, 427, 299, 263, 1, 1, 1
66, 4, 1377, 445, 275, 227, 1, 1, 1
67, 4, 1409, 443, 243, 204, 1, 1, 1
68, 4, 1432, 445, 210, 200, 1, 1, 1
69, 4, 1489, 452, 158, 107, 1, 1, 1
70, 4, 1491, 451, 160, 108, 1, 1, 1
1, 5, 1099, 571, 335, 286, 1, 1, 1
2, 5, 1110, 571, 340, 283, 1, 1, 1
3, 5, 1108, 573, 350, 273, 1, 1, 1
4, 5, 1116, 572, 350, 275, 1, 1, 1
5, 5, 1130, 569, 333, 278, 1, 1, 1
6, 5, 1137, 570, 331, 275, 1, 1, 1
7, 5, 1145, 567, 316, 276, 1, 1, 1
8, 5, 1111, 567, 357, 276, 1, 1, 1
9, 5, 1112, 565, 357, 279, 1, 1, 1
10, 5, 1106, 563, 366, 282, 1, 1, 1
11, 5, 1106, 560, 367, 285, 1, 1, 1
12, 5, 1107, 560, 358, 283, 1, 1, 1
13, 5, 1113, 558, 361, 285, 1, 1, 1
14, 5, 1119, 560, 358, 287, 1, 1, 1
15, 5, 1117, 559, 364, 282, 1, 1, 1
16, 5, 1120, 559, 365, 280, 1, 1, 1
17, 5, 1115, 558, 360, 278, 1, 1, 1
18, 5, 1115, 565, 355, 266, 1, 1, 1
19, 5, 1113, 563, 356, 266, 1, 1, 1
20, 5, 1085, 553, 378, 283, 1, 1, 1
21, 5, 1082, 553, 383, 261, 1, 1, 1
22, 5, 1079, 559, 386, 284, 1, 1, 1
23, 5, 1075, 559, 394, 289, 1, 1, 1
24, 5, 1071, 564, 398, 280, 1, 1, 1
25, 5, 1069, 564, 381, 279, 1, 1, 1
26, 5, 1077, 562, 374, 248, 1, 1, 1
27, 5, 1088, 564, 358, 242, 1, 1, 1
28, 5, 1094, 561, 355, 274, 1, 1, 1
29, 5, 1098, 565, 351, 229, 1, 1, 1
30, 5, 1101, 563, 382, 234, 1, 1, 1
31, 5, 1102, 563, 313, 237, 1, 1, 1
32, 5, 1038, 567, 378, 242, 1, 1, 1
33, 5, 1035, 571, 375, 244, 1, 1, 1
34, 5, 1027, 569, 363, 235, 1, 1, 1
35, 5, 1013, 565, 383, 234, 1, 1, 1
36, 5, 1007, 555, 389, 239, 1, 1, 1
37, 5, 998, 547, 401, 240, 1, 1, 1
38, 5, 987, 541, 434, 244, 1, 1, 1
39, 5, 980, 535, 444, 242, 1, 1, 1
40, 5, 992, 532, 429, 244, 1, 1, 1
41, 5, 1009, 525, 409, 245, 1, 1, 1
42, 5, 1026, 522, 389, 239, 1, 1, 1
43, 5, 1021, 491, 382, 266, 1, 1, 1
44, 5, 1013, 493, 379, 256, 1, 1, 1
45, 5, 987, 478, 399, 263, 1, 1, 1
46, 5, 964, 489, 413, 251, 1, 1, 1
47, 5, 935, 495, 438, 244, 1, 1, 1
48, 5, 920, 496, 453, 233, 1, 1, 1
49, 5, 924, 491, 454, 235, 1, 1, 1
50, 5, 951, 492, 444, 235, 1, 1, 1
51, 5, 970, 492, 432, 241, 1, 1, 1
52, 5, 983, 491, 432, 249, 1, 1, 1
53, 5, 999, 480, 436, 268, 1, 1, 1
54, 5, 1024, 474, 425, 270, 1, 1, 1
55, 5, 1045, 467, 412, 277, 1, 1, 1
56, 5, 1057, 467, 396, 277, 1, 1, 1
57, 5, 1064, 463, 389, 280, 1, 1, 1
58, 5, 1064, 467, 387, 284, 1, 1, 1
59, 5, 1065, 468, 320, 289, 1, 1, 1
60, 5, 1078, 461, 309, 299, 1, 1, 1
61, 5, 1107, 459, 279, 305, 1, 1, 1
62, 5, 1165, 452, 223, 299, 1, 1, 1
63, 5, 1205, 446, 220, 282, 1, 1, 1
64, 5, 1250, 450, 211, 211, 1, 1, 1
65, 5, 1291, 451, 189, 184, 1, 1, 1
66, 5, 1312, 458, 182, 182, 1, 1, 1
67, 5, 1333, 461, 180, 187, 1, 1, 1
68, 5, 1338, 462, 185, 183, 1, 1, 1
69, 5, 1338, 465, 182, 184, 1, 1, 1
70, 5, 1339, 468, 182, 177, 1, 1, 1
