10, 1, 557, 111, 378, 265, 1, 1, 1
11, 1, 637, 121, 359, 255, 1, 1, 1
12, 1, 625, 125, 385, 234, 1, 1, 1
13, 1, 651, 123, 354, 253, 1, 1, 1
14, 1, 625, 135, 351, 251, 1, 1, 1
15, 1, 703, 128, 249, 253, 1, 1, 1
16, 1, 690, 120, 282, 249, 1, 1, 1
17, 1, 685, 115, 280, 249, 1, 1, 1
18, 1, 679, 123, 287, 255, 1, 1, 1
19, 1, 780, 116, 199, 260, 1, 1, 1
20, 1, 762, 119, 279, 262, 1, 1, 1
21, 1, 766, 135, 304, 253, 1, 1, 1
22, 1, 768, 126, 289, 262, 1, 1, 1
23, 1, 773, 121, 302, 261, 1, 1, 1
24, 1, 778, 120, 320, 263, 1, 1, 1
25, 1, 780, 104, 332, 269, 1, 1, 1
26, 1, 762, 99, 330, 273, 1, 1, 1
27, 1, 742, 97, 353, 267, 1, 1, 1
28, 1, 699, 91, 371, 268, 1, 1, 1
