1, 7, 1248, 374, 110, 105, 1, 1, 1
2, 7, 1240, 400, 122, 89, 1, 1, 1
3, 7, 1253, 391, 147, 77, 1, 1, 1
4, 7, 1285, 326, 154, 122, 1, 1, 1
5, 7, 1341, 393, 171, 103, 1, 1, 1
6, 7, 1400, 306, 190, 143, 1, 1, 1
7, 7, 1399, 369, 200, 83, 1, 1, 1
8, 7, 1296, 297, 218, 118, 1, 1, 1
9, 7, 1162, 213, 214, 221, 1, 1, 1
10, 7, 1112, 313, 245, 147, 1, 1, 1
11, 7, 1095, 172, 274, 243, 1, 1, 1
12, 7, 1044, 281, 295, 141, 1, 1, 1
13, 7, 991, 267, 248, 162, 1, 1, 1
14, 7, 936, 252, 335, 167, 1, 1, 1
15, 7, 1134, 303, 303, 154, 1, 1, 1
16, 7, 1345, 171, 324, 212, 1, 1, 1
17, 7, 1280, 267, 348, 108, 1, 1, 1
18, 7, 1111, 77, 363, 281, 1, 1, 1
19, 7, 956, 170, 346, 156, 1, 1, 1
20, 7, 939, 153, 289, 154, 1, 1, 1
21, 7, 952, 57, 378, 233, 1, 1, 1
22, 7, 954, 153, 325, 168, 1, 1, 1
23, 7, 954, 0, 396, 271, 1, 1, 1
24, 7, 831, 56, 467, 156, 1, 1, 1
25, 7, 887, 0, 370, 204, 1, 1, 1
26, 7, 872, 0, 441, 151, 1, 1, 1
27, 7, 777, 0, 424, 176, 1, 1, 1
28, 7, 1060, 0, 134, 68, 1, 1, 1
