7, 2, 284, 255, 34, 47, 1, 1, 1
8, 2, 283, 251, 21, 53, 1, 1, 1
9, 2, 291, 250, 48, 47, 1, 1, 1
10, 2, 294, 253, 51, 46, 1, 1, 1
11, 2, 312, 267, 39, 30, 1, 1, 1
12, 2, 327, 253, 23, 43, 1, 1, 1
13, 2, 323, 254, 41, 16, 1, 1, 1
14, 2, 345, 256, 48, 19, 1, 1, 1
15, 2, 361, 256, 46, 39, 1, 1, 1
16, 2, 375, 259, 43, 40, 1, 1, 1
17, 2, 385, 257, 48, 47, 1, 1, 1
18, 2, 396, 260, 51, 47, 1, 1, 1
19, 2, 408, 259, 59, 48, 1, 1, 1
20, 2, 419, 255, 61, 47, 1, 1, 1
21, 2, 434, 253, 60, 49, 1, 1, 1
22, 2, 444, 252, 60, 45, 1, 1, 1
23, 2, 453, 253, 61, 49, 1, 1, 1
24, 2, 453, 255, 60, 49, 1, 1, 1
25, 2, 460, 253, 64, 46, 1, 1, 1
26, 2, 466, 255, 61, 49, 1, 1, 1
27, 2, 467, 257, 59, 51, 1, 1, 1
28, 2, 476, 256, 56, 51, 1, 1, 1
29, 2, 495, 253, 54, 51, 1, 1, 1
30, 2, 514, 251, 53, 54, 1, 1, 1
