1, 2, 353, 159, 271, 211, 1, 1, 1
2, 2, 349, 159, 274, 213, 1, 1, 1
3, 2, 350, 158, 273, 213, 1, 1, 1
4, 2, 353, 160, 269, 212, 1, 1, 1
5, 2, 354, 159, 266, 212, 1, 1, 1
6, 2, 351, 157, 266, 213, 1, 1, 1
7, 2, 355, 158, 256, 212, 1, 1, 1
8, 2, 354, 159, 253, 212, 1, 1, 1
9, 2, 359, 160, 248, 211, 1, 1, 1
10, 2, 360, 161, 245, 209, 1, 1, 1
11, 2, 359, 161, 246, 208, 1, 1, 1
12, 2, 357, 160, 249, 209, 1, 1, 1
13, 2, 360, 161, 247, 208, 1, 1, 1
14, 2, 357, 162, 251, 207, 1, 1, 1
15, 2, 360, 162, 248, 206, 1, 1, 1
16, 2, 361, 163, 248, 208, 1, 1, 1
17, 2, 360, 163, 246, 206, 1, 1, 1
18, 2, 359, 162, 242, 207, 1, 1, 1
19, 2, 360, 163, 236, 207, 1, 1, 1
20, 2, 360, 162, 234, 206, 1, 1, 1
21, 2, 360, 164, 234, 204, 1, 1, 1
22, 2, 360, 165, 227, 204, 1, 1, 1
23, 2, 360, 165, 228, 204, 1, 1, 1
24, 2, 359, 165, 234, 204, 1, 1, 1
25, 2, 359, 164, 240, 204, 1, 1, 1
26, 2, 356, 166, 246, 203, 1, 1, 1
27, 2, 358, 168, 236, 200, 1, 1, 1
28, 2, 357, 165, 245, 203, 1, 1, 1
29, 2, 356, 165, 254, 205, 1, 1, 1
30, 2, 353, 165, 261, 204, 1, 1, 1
31, 2, 355, 166, 259, 203, 1, 1, 1
32, 2, 356, 166, 255, 203, 1, 1, 1
33, 2, 355, 167, 255, 202, 1, 1, 1
34, 2, 351, 168, 257, 201, 1, 1, 1
35, 2, 357, 167, 250, 201, 1, 1, 1
36, 2, 356, 168, 251, 201, 1, 1, 1
37, 2, 357, 167, 249, 201, 1, 1, 1
38, 2, 357, 166, 249, 203, 1, 1, 1
39, 2, 356, 166, 255, 202, 1, 1, 1
40, 2, 357, 167, 259, 201, 1, 1, 1
41, 2, 355, 166, 267, 202, 1, 1, 1
42, 2, 352, 165, 272, 203, 1, 1, 1
43, 2, 353, 163, 272, 205, 1, 1, 1
44, 2, 355, 158, 264, 211, 1, 1, 1
45, 2, 354, 156, 258, 212, 1, 1, 1
46, 2, 355, 155, 247, 212, 1, 1, 1
47, 2, 354, 155, 238, 212, 1, 1, 1
48, 2, 353, 155, 233, 213, 1, 1, 1
49, 2, 351, 154, 229, 213, 1, 1, 1
50, 2, 354, 152, 231, 217, 1, 1, 1
51, 2, 352, 153, 237, 214, 1, 1, 1
52, 2, 351, 155, 229, 213, 1, 1, 1
53, 2, 346, 168, 246, 193, 1, 1, 1
54, 2, 343, 175, 258, 184, 1, 1, 1
55, 2, 350, 184, 230, 185, 1, 1, 1
56, 2, 361, 183, 194, 199, 1, 1, 1
57, 2, 369, 175, 177, 202, 1, 1, 1
58, 2, 375, 172, 179, 227, 1, 1, 1
59, 2, 390, 175, 184, 237, 1, 1, 1
60, 2, 399, 184, 193, 230, 1, 1, 1
61, 2, 357, 182, 211, 247, 1, 1, 1
62, 2, 305, 181, 245, 248, 1, 1, 1
63, 2, 247, 180, 283, 244, 1, 1, 1
64, 2, 215, 177, 296, 243, 1, 1, 1
65, 2, 153, 173, 338, 240, 1, 1, 1
66, 2, 116, 167, 356, 239, 1, 1, 1
67, 2, 104, 151, 345, 250, 1, 1, 1
68, 2, 81, 138, 345, 254, 1, 1, 1
69, 2, 62, 135, 347, 252, 1, 1, 1
70, 2, 66, 132, 344, 255, 1, 1, 1
71, 2, 69, 130, 341, 257, 1, 1, 1
72, 2, 58, 128, 341, 256, 1, 1, 1
73, 2, 58, 128, 333, 250, 1, 1, 1
74, 2, 60, 127, 319, 250, 1, 1, 1
75, 2, 50, 128, 317, 248, 1, 1, 1
76, 2, 46, 127, 332, 246, 1, 1, 1
77, 2, 37, 129, 340, 241, 1, 1, 1
1, 5, 524, 145, 177, 36, 1, 1, 1
2, 5, 522, 147, 42, 181, 1, 1, 1
3, 5, 519, 146, 39, 35, 1, 1, 1
4, 5, 519, 145, 115, 170, 1, 1, 1
5, 5, 516, 148, 117, 170, 1, 1, 1
6, 5, 517, 148, 157, 169, 1, 1, 1
7, 5, 514, 149, 156, 168, 1, 1, 1
8, 5, 511, 150, 149, 167, 1, 1, 1
9, 5, 510, 152, 131, 164, 1, 1, 1
10, 5, 509, 151, 93, 166, 1, 1, 1
11, 5, 513, 150, 95, 165, 1, 1, 1
12, 5, 518, 152, 92, 166, 1, 1, 1
13, 5, 514, 150, 78, 168, 1, 1, 1
14, 5, 463, 150, 118, 167, 1, 1, 1
15, 5, 441, 151, 150, 164, 1, 1, 1
16, 5, 423, 151, 164, 167, 1, 1, 1
17, 5, 442, 149, 144, 165, 1, 1, 1
18, 5, 443, 150, 147, 165, 1, 1, 1
19, 5, 362, 149, 236, 168, 1, 1, 1
20, 5, 371, 151, 241, 165, 1, 1, 1
21, 5, 415, 150, 184, 168, 1, 1, 1
22, 5, 445, 150, 153, 179, 1, 1, 1
23, 5, 430, 149, 146, 180, 1, 1, 1
24, 5, 435, 149, 120, 180, 1, 1, 1
25, 5, 438, 149, 101, 175, 1, 1, 1
26, 5, 437, 151, 104, 185, 1, 1, 1
27, 5, 451, 150, 150, 188, 1, 1, 1
28, 5, 453, 151, 176, 185, 1, 1, 1
29, 5, 454, 149, 191, 188, 1, 1, 1
30, 5, 452, 151, 208, 189, 1, 1, 1
31, 5, 449, 152, 227, 189, 1, 1, 1
32, 5, 446, 152, 247, 189, 1, 1, 1
33, 5, 456, 151, 254, 190, 1, 1, 1
34, 5, 480, 149, 248, 193, 1, 1, 1
35, 5, 486, 150, 258, 193, 1, 1, 1
36, 5, 488, 154, 268, 186, 1, 1, 1
37, 5, 494, 153, 279, 184, 1, 1, 1
38, 5, 500, 152, 282, 194, 1, 1, 1
39, 5, 507, 149, 283, 201, 1, 1, 1
40, 5, 496, 150, 302, 201, 1, 1, 1
41, 5, 519, 150, 291, 200, 1, 1, 1
42, 5, 528, 151, 290, 198, 1, 1, 1
43, 5, 528, 150, 310, 200, 1, 1, 1
44, 5, 529, 149, 308, 200, 1, 1, 1
45, 5, 536, 148, 305, 201, 1, 1, 1
46, 5, 548, 150, 302, 204, 1, 1, 1
47, 5, 550, 148, 300, 211, 1, 1, 1
48, 5, 559, 151, 284, 213, 1, 1, 1
49, 5, 563, 150, 276, 213, 1, 1, 1
50, 5, 563, 151, 277, 213, 1, 1, 1
51, 5, 561, 153, 295, 210, 1, 1, 1
52, 5, 564, 156, 312, 215, 1, 1, 1
53, 5, 598, 150, 292, 222, 1, 1, 1
54, 5, 617, 153, 290, 218, 1, 1, 1
55, 5, 625, 160, 310, 211, 1, 1, 1
56, 5, 614, 157, 346, 234, 1, 1, 1
57, 5, 660, 159, 300, 233, 1, 1, 1
58, 5, 674, 155, 286, 235, 1, 1, 1
59, 5, 713, 151, 247, 240, 1, 1, 1
60, 5, 724, 152, 236, 236, 1, 1, 1
61, 5, 686, 147, 274, 246, 1, 1, 1
62, 5, 644, 124, 316, 270, 1, 1, 1
63, 5, 591, 118, 333, 269, 1, 1, 1
64, 5, 551, 104, 323, 278, 1, 1, 1
65, 5, 507, 95, 321, 279, 1, 1, 1
66, 5, 454, 88, 341, 279, 1, 1, 1
67, 5, 414, 93, 362, 264, 1, 1, 1
68, 5, 419, 82, 338, 264, 1, 1, 1
69, 5, 406, 76, 335, 273, 1, 1, 1
70, 5, 420, 78, 331, 272, 1, 1, 1
71, 5, 432, 90, 338, 259, 1, 1, 1
72, 5, 471, 94, 298, 254, 1, 1, 1
73, 5, 492, 88, 290, 260, 1, 1, 1
74, 5, 514, 87, 335, 260, 1, 1, 1
75, 5, 536, 88, 335, 254, 1, 1, 1
76, 5, 576, 79, 312, 261, 1, 1, 1
77, 5, 587, 79, 329, 259, 1, 1, 1
