4, 6, 0, 512, 25, 170, 1, 1, 1
5, 6, 0, 513, 53, 164, 1, 1, 1
6, 6, 0, 504, 87, 200, 1, 1, 1
7, 6, 0, 502, 129, 190, 1, 1, 1
8, 6, 0, 512, 172, 202, 1, 1, 1
9, 6, 0, 518, 215, 201, 1, 1, 1
10, 6, 0, 524, 266, 197, 1, 1, 1
11, 6, 0, 522, 316, 199, 1, 1, 1
12, 6, 20, 528, 343, 209, 1, 1, 1
13, 6, 53, 538, 340, 200, 1, 1, 1
14, 6, 0, 542, 444, 175, 1, 1, 1
15, 6, 111, 526, 386, 202, 1, 1, 1
16, 6, 133, 515, 405, 198, 1, 1, 1
17, 6, 158, 514, 409, 209, 1, 1, 1
18, 6, 176, 526, 419, 191, 1, 1, 1
19, 6, 202, 535, 413, 176, 1, 1, 1
20, 6, 220, 537, 411, 180, 1, 1, 1
21, 6, 241, 534, 419, 184, 1, 1, 1
22, 6, 261, 534, 413, 186, 1, 1, 1
23, 6, 284, 533, 398, 186, 1, 1, 1
24, 6, 310, 535, 379, 195, 1, 1, 1
25, 6, 334, 546, 361, 181, 1, 1, 1
26, 6, 354, 553, 348, 154, 1, 1, 1
27, 6, 377, 552, 345, 159, 1, 1, 1
28, 6, 403, 537, 334, 189, 1, 1, 1
29, 6, 422, 533, 316, 192, 1, 1, 1
30, 6, 440, 531, 312, 188, 1, 1, 1
31, 6, 460, 539, 316, 184, 1, 1, 1
32, 6, 474, 540, 299, 185, 1, 1, 1
33, 6, 487, 551, 315, 210, 1, 1, 1
34, 6, 504, 553, 316, 187, 1, 1, 1
35, 6, 507, 555, 332, 186, 1, 1, 1
36, 6, 546, 558, 316, 186, 1, 1, 1
37, 6, 562, 565, 317, 160, 1, 1, 1
38, 6, 581, 574, 336, 186, 1, 1, 1
39, 6, 600, 566, 342, 176, 1, 1, 1
40, 6, 620, 558, 331, 164, 1, 1, 1
41, 6, 640, 542, 336, 190, 1, 1, 1
42, 6, 646, 523, 360, 212, 1, 1, 1
43, 6, 664, 520, 368, 210, 1, 1, 1
44, 6, 670, 523, 383, 204, 1, 1, 1
45, 6, 680, 536, 404, 191, 1, 1, 1
46, 6, 689, 546, 423, 180, 1, 1, 1
47, 6, 700, 545, 432, 175, 1, 1, 1
48, 6, 705, 544, 449, 178, 1, 1, 1
49, 6, 703, 541, 475, 176, 1, 1, 1
50, 6, 740, 538, 458, 167, 1, 1, 1
51, 6, 755, 544, 468, 164, 1, 1, 1
52, 6, 777, 543, 468, 172, 1, 1, 1
53, 6, 789, 542, 483, 155, 1, 1, 1
54, 6, 801, 535, 488, 171, 1, 1, 1
55, 6, 805, 532, 504, 186, 1, 1, 1
56, 6, 809, 525, 497, 190, 1, 1, 1
57, 6, 813, 517, 499, 186, 1, 1, 1
58, 6, 819, 512, 496, 187, 1, 1, 1
59, 6, 825, 508, 492, 195, 1, 1, 1
60, 6, 822, 502, 497, 182, 1, 1, 1
61, 6, 826, 495, 501, 195, 1, 1, 1
62, 6, 828, 493, 498, 171, 1, 1, 1
63, 6, 835, 485, 491, 182, 1, 1, 1
64, 6, 843, 485, 487, 169, 1, 1, 1
65, 6, 850, 483, 497, 171, 1, 1, 1
66, 6, 857, 486, 504, 179, 1, 1, 1
67, 6, 859, 488, 488, 174, 1, 1, 1
68, 6, 864, 484, 485, 162, 1, 1, 1
69, 6, 866, 481, 488, 169, 1, 1, 1
70, 6, 868, 473, 488, 195, 1, 1, 1
71, 6, 870, 462, 482, 202, 1, 1, 1
72, 6, 875, 460, 486, 206, 1, 1, 1
73, 6, 880, 462, 474, 202, 1, 1, 1
74, 6, 889, 471, 465, 185, 1, 1, 1
75, 6, 899, 474, 466, 199, 1, 1, 1
76, 6, 904, 474, 464, 186, 1, 1, 1
77, 6, 913, 477, 475, 178, 1, 1, 1
78, 6, 918, 475, 483, 203, 1, 1, 1
79, 6, 926, 474, 481, 202, 1, 1, 1
80, 6, 932, 473, 478, 205, 1, 1, 1
