1, 4, 1807, 481, 112, 317, 1, 1, 1
2, 4, 1788, 486, 124, 309, 1, 1, 1
3, 4, 1776, 466, 117, 317, 1, 1, 1
4, 4, 1767, 457, 111, 323, 1, 1, 1
5, 4, 1763, 463, 114, 321, 1, 1, 1
6, 4, 1768, 464, 105, 325, 1, 1, 1
7, 4, 1772, 453, 101, 337, 1, 1, 1
8, 4, 1775, 439, 113, 346, 1, 1, 1
9, 4, 1774, 422, 122, 349, 1, 1, 1
10, 4, 1775, 434, 114, 345, 1, 1, 1
11, 4, 1779, 443, 106, 330, 1, 1, 1
12, 4, 1783, 449, 103, 323, 1, 1, 1
13, 4, 1779, 456, 129, 314, 1, 1, 1
14, 4, 1784, 447, 110, 312, 1, 1, 1
15, 4, 1797, 430, 104, 323, 1, 1, 1
16, 4, 1811, 418, 97, 334, 1, 1, 1
17, 4, 1804, 398, 111, 333, 1, 1, 1
18, 4, 1790, 399, 108, 330, 1, 1, 1
19, 4, 1790, 404, 99, 322, 1, 1, 1
20, 4, 1796, 409, 93, 325, 1, 1, 1
21, 4, 1787, 406, 102, 325, 1, 1, 1
22, 4, 1786, 401, 113, 326, 1, 1, 1
23, 4, 1782, 409, 105, 319, 1, 1, 1
24, 4, 1783, 407, 98, 323, 1, 1, 1
25, 4, 1782, 415, 95, 326, 1, 1, 1
26, 4, 1781, 417, 113, 318, 1, 1, 1
27, 4, 1785, 411, 106, 323, 1, 1, 1
28, 4, 1779, 413, 97, 314, 1, 1, 1
29, 4, 1769, 404, 95, 316, 1, 1, 1
30, 4, 1768, 398, 95, 322, 1, 1, 1
31, 4, 1768, 395, 109, 317, 1, 1, 1
