5, 2, 107, 205, 381, 315, 1, 1, 1
6, 2, 14, 138, 438, 388, 1, 1, 1
7, 2, 0, 136, 458, 411, 1, 1, 1
8, 2, 0, 146, 475, 409, 1, 1, 1
9, 2, 79, 148, 479, 411, 1, 1, 1
10, 2, 137, 152, 434, 407, 1, 1, 1
11, 2, 255, 165, 378, 398, 1, 1, 1
12, 2, 319, 191, 386, 371, 1, 1, 1
13, 2, 429, 187, 215, 375, 1, 1, 1
14, 2, 399, 174, 326, 387, 1, 1, 1
15, 2, 379, 188, 465, 366, 1, 1, 1
16, 2, 383, 183, 542, 363, 1, 1, 1
17, 2, 477, 154, 505, 380, 1, 1, 1
18, 2, 504, 146, 512, 385, 1, 1, 1
19, 2, 640, 192, 376, 332, 1, 1, 1
