84, 4, 734, 676, 482, 222, 1, 1, 1
85, 4, 734, 675, 491, 222, 1, 1, 1
86, 4, 717, 675, 509, 221, 1, 1, 1
87, 4, 703, 678, 518, 211, 1, 1, 1
88, 4, 699, 686, 506, 203, 1, 1, 1
89, 4, 687, 697, 512, 197, 1, 1, 1
90, 4, 681, 695, 516, 204, 1, 1, 1
91, 4, 677, 695, 526, 202, 1, 1, 1
92, 4, 681, 697, 528, 197, 1, 1, 1
93, 4, 677, 701, 531, 196, 1, 1, 1
94, 4, 683, 701, 526, 195, 1, 1, 1
95, 4, 677, 701, 532, 196, 1, 1, 1
96, 4, 678, 702, 532, 193, 1, 1, 1
97, 4, 698, 706, 506, 178, 1, 1, 1
98, 4, 692, 710, 490, 176, 1, 1, 1
99, 4, 683, 706, 485, 181, 1, 1, 1
100, 4, 682, 713, 482, 175, 1, 1, 1
101, 4, 682, 708, 481, 180, 1, 1, 1
102, 4, 668, 706, 479, 184, 1, 1, 1
103, 4, 670, 711, 483, 180, 1, 1, 1
104, 4, 672, 707, 477, 182, 1, 1, 1
105, 4, 677, 705, 468, 185, 1, 1, 1
106, 4, 676, 703, 468, 186, 1, 1, 1
107, 4, 672, 700, 471, 191, 1, 1, 1
108, 4, 673, 692, 468, 198, 1, 1, 1
109, 4, 666, 696, 472, 195, 1, 1, 1
110, 4, 664, 692, 470, 200, 1, 1, 1
111, 4, 649, 682, 467, 215, 1, 1, 1
112, 4, 625, 679, 462, 223, 1, 1, 1
113, 4, 622, 679, 455, 226, 1, 1, 1
114, 4, 599, 679, 469, 226, 1, 1, 1
115, 4, 601, 681, 441, 222, 1, 1, 1
116, 4, 609, 679, 424, 224, 1, 1, 1
117, 4, 616, 678, 418, 225, 1, 1, 1
118, 4, 601, 679, 428, 225, 1, 1, 1
119, 4, 599, 682, 409, 221, 1, 1, 1
120, 4, 605, 686, 400, 216, 1, 1, 1
121, 4, 603, 683, 416, 218, 1, 1, 1
122, 4, 605, 685, 442, 216, 1, 1, 1
123, 4, 595, 673, 450, 229, 1, 1, 1
124, 4, 583, 669, 461, 230, 1, 1, 1
125, 4, 590, 675, 362, 223, 1, 1, 1
126, 4, 585, 671, 433, 230, 1, 1, 1
127, 4, 598, 669, 415, 230, 1, 1, 1
128, 4, 593, 637, 400, 262, 1, 1, 1
129, 4, 608, 571, 367, 329, 1, 1, 1
130, 4, 605, 555, 359, 343, 1, 1, 1
131, 4, 608, 559, 329, 342, 1, 1, 1
132, 4, 610, 532, 327, 365, 1, 1, 1
133, 4, 611, 518, 318, 377, 1, 1, 1
134, 4, 608, 508, 307, 387, 1, 1, 1
135, 4, 608, 501, 299, 394, 1, 1, 1
136, 4, 604, 496, 269, 402, 1, 1, 1
137, 4, 621, 498, 254, 401, 1, 1, 1
138, 4, 602, 497, 280, 399, 1, 1, 1
