22, 6, 187, 98, 142, 177, 1, 1, 1
23, 6, 204, 102, 130, 181, 1, 1, 1
24, 6, 212, 109, 129, 178, 1, 1, 1
25, 6, 218, 116, 128, 174, 1, 1, 1
26, 6, 218, 118, 135, 174, 1, 1, 1
27, 6, 223, 118, 133, 176, 1, 1, 1
28, 6, 231, 121, 129, 177, 1, 1, 1
29, 6, 236, 119, 129, 183, 1, 1, 1
30, 6, 242, 122, 130, 178, 1, 1, 1
31, 6, 243, 121, 133, 177, 1, 1, 1
32, 6, 247, 119, 130, 176, 1, 1, 1
33, 6, 250, 118, 131, 176, 1, 1, 1
34, 6, 255, 116, 133, 176, 1, 1, 1
35, 6, 261, 116, 127, 177, 1, 1, 1
36, 6, 267, 112, 128, 181, 1, 1, 1
37, 6, 272, 111, 130, 176, 1, 1, 1
38, 6, 278, 108, 129, 145, 1, 1, 1
39, 6, 283, 108, 129, 164, 1, 1, 1
40, 6, 289, 107, 128, 174, 1, 1, 1
41, 6, 297, 104, 128, 177, 1, 1, 1
42, 6, 303, 105, 130, 171, 1, 1, 1
43, 6, 309, 92, 130, 176, 1, 1, 1
44, 6, 311, 89, 130, 176, 1, 1, 1
45, 6, 312, 86, 130, 144, 1, 1, 1
46, 6, 314, 81, 128, 147, 1, 1, 1
47, 6, 314, 79, 129, 147, 1, 1, 1
48, 6, 315, 78, 131, 142, 1, 1, 1
49, 6, 314, 73, 132, 145, 1, 1, 1
50, 6, 316, 71, 130, 144, 1, 1, 1
51, 6, 320, 66, 129, 143, 1, 1, 1
52, 6, 322, 62, 127, 126, 1, 1, 1
53, 6, 323, 58, 131, 120, 1, 1, 1
54, 6, 323, 53, 132, 109, 1, 1, 1
55, 6, 326, 48, 129, 109, 1, 1, 1
56, 6, 330, 44, 129, 107, 1, 1, 1
57, 6, 335, 41, 129, 110, 1, 1, 1
58, 6, 340, 37, 129, 111, 1, 1, 1
59, 6, 346, 31, 129, 112, 1, 1, 1
60, 6, 347, 26, 132, 109, 1, 1, 1
61, 6, 352, 21, 129, 109, 1, 1, 1
62, 6, 355, 14, 131, 111, 1, 1, 1
63, 6, 362, 11, 132, 107, 1, 1, 1
64, 6, 368, 7, 134, 105, 1, 1, 1
65, 6, 375, 2, 132, 103, 1, 1, 1
66, 6, 381, 0, 132, 122, 1, 1, 1
67, 6, 363, 0, 134, 104, 1, 1, 1
68, 6, 338, 17, 135, 105, 1, 1, 1
69, 6, 314, 45, 136, 105, 1, 1, 1
70, 6, 295, 75, 132, 102, 1, 1, 1
71, 6, 278, 99, 132, 102, 1, 1, 1
72, 6, 268, 125, 131, 105, 1, 1, 1
73, 6, 262, 135, 133, 105, 1, 1, 1
74, 6, 266, 141, 132, 103, 1, 1, 1
75, 6, 271, 137, 134, 107, 1, 1, 1
76, 6, 284, 138, 132, 104, 1, 1, 1
77, 6, 289, 133, 133, 105, 1, 1, 1
78, 6, 292, 131, 134, 106, 1, 1, 1
79, 6, 297, 125, 132, 109, 1, 1, 1
80, 6, 301, 119, 132, 107, 1, 1, 1
81, 6, 304, 114, 132, 109, 1, 1, 1
82, 6, 309, 105, 133, 110, 1, 1, 1
83, 6, 312, 101, 134, 107, 1, 1, 1
