1, 2, 693, 313, 127, 608, 1, 1, 1
2, 2, 691, 305, 133, 614, 1, 1, 1
3, 2, 691, 300, 145, 620, 1, 1, 1
4, 2, 689, 292, 163, 634, 1, 1, 1
5, 2, 688, 293, 188, 635, 1, 1, 1
6, 2, 688, 308, 209, 637, 1, 1, 1
7, 2, 692, 329, 244, 638, 1, 1, 1
8, 2, 693, 349, 284, 634, 1, 1, 1
9, 2, 701, 366, 310, 624, 1, 1, 1
10, 2, 714, 380, 362, 614, 1, 1, 1
11, 2, 738, 398, 400, 603, 1, 1, 1
12, 2, 768, 412, 425, 596, 1, 1, 1
13, 2, 829, 420, 414, 588, 1, 1, 1
14, 2, 856, 411, 434, 570, 1, 1, 1
15, 2, 881, 384, 459, 563, 1, 1, 1
16, 2, 914, 353, 478, 575, 1, 1, 1
17, 2, 963, 336, 507, 590, 1, 1, 1
18, 2, 966, 320, 581, 603, 1, 1, 1
19, 2, 1027, 321, 565, 596, 1, 1, 1
20, 2, 1110, 323, 501, 593, 1, 1, 1
21, 2, 1087, 342, 485, 580, 1, 1, 1
22, 2, 1043, 359, 477, 556, 1, 1, 1
23, 2, 1000, 366, 464, 559, 1, 1, 1
24, 2, 979, 373, 435, 544, 1, 1, 1
25, 2, 1012, 375, 368, 545, 1, 1, 1
26, 2, 1026, 380, 328, 527, 1, 1, 1
27, 2, 1016, 386, 310, 520, 1, 1, 1
28, 2, 1007, 388, 295, 509, 1, 1, 1
29, 2, 1011, 391, 277, 511, 1, 1, 1
30, 2, 1028, 388, 249, 505, 1, 1, 1
31, 2, 1038, 385, 229, 497, 1, 1, 1
32, 2, 1027, 386, 227, 492, 1, 1, 1
33, 2, 1038, 390, 197, 472, 1, 1, 1
