17, 1, 333, 85, 145, 199, 1, 1, 1
18, 1, 191, 127, 319, 221, 1, 1, 1
19, 1, 0, 108, 568, 286, 1, 1, 1
20, 1, 102, 107, 521, 396, 1, 1, 1
21, 1, 266, 152, 410, 375, 1, 1, 1
22, 1, 373, 98, 419, 392, 1, 1, 1
23, 1, 596, 105, 214, 296, 1, 1, 1
24, 1, 636, 107, 151, 239, 1, 1, 1
25, 1, 583, 113, 286, 200, 1, 1, 1
26, 1, 570, 144, 256, 153, 1, 1, 1
27, 1, 578, 113, 254, 160, 1, 1, 1
28, 1, 559, 140, 236, 120, 1, 1, 1
29, 1, 617, 132, 142, 94, 1, 1, 1
30, 1, 347, 97, 96, 122, 1, 1, 1
31, 1, 209, 84, 236, 126, 1, 1, 1
32, 1, 103, 86, 198, 182, 1, 1, 1
33, 1, 0, 124, 256, 193, 1, 1, 1
34, 1, 16, 132, 257, 225, 1, 1, 1
15, 2, 449, 161, 176, 266, 1, 1, 1
16, 2, 424, 217, 304, 319, 1, 1, 1
17, 2, 325, 260, 575, 275, 1, 1, 1
18, 2, 721, 352, 179, 184, 1, 1, 1
21, 2, 836, 4, 64, 224, 1, 1, 1
22, 2, 684, 19, 216, 209, 1, 1, 1
23, 2, 536, 85, 230, 101, 1, 1, 1
24, 2, 368, 90, 210, 124, 1, 1, 1
25, 2, 375, 143, 80, 88, 1, 1, 1
26, 2, 160, 148, 89, 136, 1, 1, 1
27, 2, 40, 168, 201, 175, 1, 1, 1
28, 2, 1, 168, 145, 210, 1, 1, 1
29, 2, 0, 192, 196, 230, 1, 1, 1
30, 2, 0, 124, 362, 387, 1, 1, 1
31, 2, 84, 149, 454, 341, 1, 1, 1
32, 2, 285, 135, 607, 401, 1, 1, 1
33, 2, 715, 81, 185, 455, 1, 1, 1
