1, 1, 0, 33, 1442, 1047, 1, 1, 1
2, 1, 155, 74, 1285, 1006, 1, 1, 1
3, 1, 238, 80, 1188, 1000, 1, 1, 1
4, 1, 134, 111, 1239, 969, 1, 1, 1
5, 1, 100, 93, 1260, 987, 1, 1, 1
6, 1, 149, 80, 1176, 1000, 1, 1, 1
7, 1, 119, 54, 1245, 1026, 1, 1, 1
8, 1, 10, 60, 1469, 1020, 1, 1, 1
9, 1, 234, 2, 1328, 1078, 1, 1, 1
10, 1, 153, 5, 1490, 1075, 1, 1, 1
11, 1, 311, 17, 1376, 1026, 1, 1, 1
12, 1, 304, 210, 1508, 728, 1, 1, 1
13, 1, 807, 129, 1113, 951, 1, 1, 1
14, 1, 916, 10, 1004, 1070, 1, 1, 1
15, 1, 687, 57, 1084, 1023, 1, 1, 1
16, 1, 584, 0, 1010, 1080, 1, 1, 1
17, 1, 129, 0, 1393, 1080, 1, 1, 1
18, 1, 0, 0, 1418, 1072, 1, 1, 1
19, 1, 0, 0, 1344, 1060, 1, 1, 1
20, 1, 0, 0, 1287, 1080, 1, 1, 1
21, 1, 0, 0, 1206, 1080, 1, 1, 1
22, 1, 0, 0, 1184, 864, 1, 1, 1
23, 1, 0, 0, 1186, 461, 1, 1, 1
24, 1, 0, 0, 950, 680, 1, 1, 1
25, 1, 0, 0, 995, 231, 1, 1, 1
26, 1, 0, 0, 1101, 698, 1, 1, 1
27, 1, 0, 0, 1202, 1080, 1, 1, 1
28, 1, 0, 0, 1248, 417, 1, 1, 1
29, 1, 0, 0, 1229, 426, 1, 1, 1
30, 1, 0, 0, 1208, 959, 1, 1, 1
31, 1, 0, 0, 1185, 1066, 1, 1, 1
32, 1, 0, 0, 1164, 1080, 1, 1, 1
33, 1, 0, 0, 1207, 966, 1, 1, 1
34, 1, 0, 0, 1143, 1080, 1, 1, 1
35, 1, 0, 0, 1217, 1080, 1, 1, 1
36, 1, 0, 0, 1200, 1080, 1, 1, 1
37, 1, 0, 0, 1267, 1080, 1, 1, 1
38, 1, 0, 0, 1253, 1080, 1, 1, 1
39, 1, 0, 0, 1131, 1080, 1, 1, 1
40, 1, 0, 0, 884, 1080, 1, 1, 1
41, 1, 0, 0, 953, 1080, 1, 1, 1
42, 1, 0, 0, 883, 1080, 1, 1, 1
43, 1, 0, 0, 1079, 1037, 1, 1, 1
44, 1, 293, 0, 928, 903, 1, 1, 1
45, 1, 324, 0, 920, 768, 1, 1, 1
46, 1, 363, 0, 830, 861, 1, 1, 1
47, 1, 500, 0, 830, 737, 1, 1, 1
48, 1, 610, 0, 687, 688, 1, 1, 1
49, 1, 696, 0, 442, 559, 1, 1, 1
50, 1, 742, 0, 382, 468, 1, 1, 1
51, 1, 711, 0, 446, 553, 1, 1, 1
52, 1, 549, 0, 871, 756, 1, 1, 1
53, 1, 500, 0, 809, 896, 1, 1, 1
54, 1, 379, 0, 924, 642, 1, 1, 1
55, 1, 270, 0, 1011, 727, 1, 1, 1
56, 1, 330, 0, 911, 719, 1, 1, 1
57, 1, 364, 0, 956, 718, 1, 1, 1
58, 1, 471, 0, 988, 757, 1, 1, 1
59, 1, 509, 0, 1029, 799, 1, 1, 1
60, 1, 472, 0, 1177, 853, 1, 1, 1
61, 1, 531, 0, 1127, 945, 1, 1, 1
62, 1, 567, 94, 1095, 986, 1, 1, 1
63, 1, 391, 136, 1267, 944, 1, 1, 1
64, 1, 519, 119, 1130, 961, 1, 1, 1
65, 1, 369, 0, 1332, 1080, 1, 1, 1
66, 1, 328, 0, 1445, 1080, 1, 1, 1
67, 1, 189, 0, 1440, 1014, 1, 1, 1
68, 1, 234, 0, 1545, 1024, 1, 1, 1
69, 1, 318, 0, 1443, 1079, 1, 1, 1
70, 1, 486, 0, 1365, 1080, 1, 1, 1
71, 1, 374, 0, 1434, 1078, 1, 1, 1
72, 1, 171, 0, 1469, 987, 1, 1, 1
73, 1, 178, 0, 1414, 1004, 1, 1, 1
74, 1, 0, 0, 1385, 1006, 1, 1, 1
75, 1, 0, 0, 1347, 1080, 1, 1, 1
76, 1, 0, 0, 1344, 1010, 1, 1, 1
77, 1, 0, 0, 1317, 709, 1, 1, 1
78, 1, 0, 0, 1290, 928, 1, 1, 1
79, 1, 0, 0, 1358, 1044, 1, 1, 1
80, 1, 0, 0, 1342, 1046, 1, 1, 1
81, 1, 0, 0, 1189, 1036, 1, 1, 1
82, 1, 0, 0, 1221, 1016, 1, 1, 1
83, 1, 0, 0, 1364, 1080, 1, 1, 1
84, 1, 0, 38, 1503, 1042, 1, 1, 1
85, 1, 0, 0, 1625, 1080, 1, 1, 1
86, 1, 0, 103, 1647, 977, 1, 1, 1
87, 1, 0, 135, 1617, 945, 1, 1, 1
88, 1, 0, 135, 1491, 945, 1, 1, 1
89, 1, 0, 63, 1469, 1017, 1, 1, 1
90, 1, 0, 102, 1265, 978, 1, 1, 1
91, 1, 0, 45, 1327, 1035, 1, 1, 1
92, 1, 0, 77, 1386, 1003, 1, 1, 1
93, 1, 0, 71, 1381, 1009, 1, 1, 1
94, 1, 0, 0, 1304, 1080, 1, 1, 1
95, 1, 0, 0, 1236, 1080, 1, 1, 1
96, 1, 0, 0, 1248, 991, 1, 1, 1
97, 1, 0, 0, 1256, 1004, 1, 1, 1
98, 1, 0, 0, 1332, 987, 1, 1, 1
99, 1, 0, 0, 1373, 918, 1, 1, 1
100, 1, 0, 0, 1410, 487, 1, 1, 1
101, 1, 175, 0, 1263, 531, 1, 1, 1
102, 1, 207, 0, 1234, 507, 1, 1, 1
103, 1, 192, 0, 1220, 475, 1, 1, 1
104, 1, 115, 0, 1165, 518, 1, 1, 1
105, 1, 4, 0, 1273, 484, 1, 1, 1
106, 1, 114, 0, 1157, 502, 1, 1, 1
107, 1, 114, 0, 997, 533, 1, 1, 1
108, 1, 100, 0, 1184, 535, 1, 1, 1
109, 1, 296, 0, 1224, 727, 1, 1, 1
110, 1, 260, 0, 1254, 687, 1, 1, 1
111, 1, 256, 0, 1176, 702, 1, 1, 1
112, 1, 207, 0, 1192, 816, 1, 1, 1
113, 1, 791, 0, 892, 1020, 1, 1, 1
114, 1, 733, 0, 917, 829, 1, 1, 1
115, 1, 896, 0, 826, 879, 1, 1, 1
116, 1, 1058, 0, 862, 1001, 1, 1, 1
117, 1, 1142, 0, 656, 976, 1, 1, 1
118, 1, 1318, 0, 596, 878, 1, 1, 1
119, 1, 1372, 0, 548, 746, 1, 1, 1
120, 1, 1255, 0, 665, 725, 1, 1, 1
121, 1, 1217, 0, 703, 784, 1, 1, 1
122, 1, 1012, 0, 908, 787, 1, 1, 1
123, 1, 964, 0, 956, 811, 1, 1, 1
124, 1, 993, 0, 927, 1080, 1, 1, 1
125, 1, 1066, 0, 854, 1080, 1, 1, 1
126, 1, 1132, 0, 788, 1080, 1, 1, 1
127, 1, 1124, 2, 796, 1078, 1, 1, 1
128, 1, 1150, 131, 770, 949, 1, 1, 1
129, 1, 1360, 33, 560, 1047, 1, 1, 1
130, 1, 1208, 240, 711, 840, 1, 1, 1
131, 1, 1118, 150, 802, 930, 1, 1, 1
132, 1, 1246, 0, 674, 1080, 1, 1, 1
133, 1, 1324, 0, 596, 1080, 1, 1, 1
134, 1, 1191, 0, 729, 1080, 1, 1, 1
135, 1, 979, 0, 941, 1080, 1, 1, 1
136, 1, 1212, 0, 708, 1080, 1, 1, 1
137, 1, 1034, 0, 886, 971, 1, 1, 1
138, 1, 870, 0, 1050, 802, 1, 1, 1
139, 1, 775, 0, 1145, 1080, 1, 1, 1
140, 1, 864, 0, 1056, 1080, 1, 1, 1
141, 1, 911, 0, 1009, 1080, 1, 1, 1
142, 1, 949, 0, 971, 1080, 1, 1, 1
143, 1, 919, 0, 1001, 1080, 1, 1, 1
144, 1, 869, 0, 917, 1080, 1, 1, 1
145, 1, 623, 0, 916, 1080, 1, 1, 1
146, 1, 0, 0, 1087, 1080, 1, 1, 1
147, 1, 0, 0, 1106, 1080, 1, 1, 1
148, 1, 0, 0, 1265, 1077, 1, 1, 1
149, 1, 0, 0, 1282, 1080, 1, 1, 1
150, 1, 0, 0, 1386, 1080, 1, 1, 1
151, 1, 0, 0, 1325, 1080, 1, 1, 1
152, 1, 0, 0, 1315, 1080, 1, 1, 1
153, 1, 0, 0, 1427, 1080, 1, 1, 1
154, 1, 0, 8, 1430, 1072, 1, 1, 1
155, 1, 0, 138, 1393, 942, 1, 1, 1
156, 1, 0, 85, 1425, 995, 1, 1, 1
157, 1, 67, 0, 1457, 1080, 1, 1, 1
158, 1, 151, 0, 1239, 1080, 1, 1, 1
159, 1, 216, 31, 1517, 1049, 1, 1, 1
160, 1, 270, 189, 1222, 891, 1, 1, 1
161, 1, 174, 254, 1259, 826, 1, 1, 1
162, 1, 2, 165, 1502, 915, 1, 1, 1
163, 1, 3, 74, 1624, 1006, 1, 1, 1
164, 1, 0, 52, 1653, 1028, 1, 1, 1
165, 1, 0, 167, 1583, 913, 1, 1, 1
166, 1, 0, 0, 1492, 1080, 1, 1, 1
167, 1, 0, 0, 1492, 1080, 1, 1, 1
168, 1, 0, 0, 1398, 1080, 1, 1, 1
169, 1, 219, 0, 910, 1080, 1, 1, 1
170, 1, 421, 0, 709, 1080, 1, 1, 1
171, 1, 471, 0, 981, 1080, 1, 1, 1
172, 1, 463, 0, 1074, 1080, 1, 1, 1
173, 1, 652, 0, 917, 1080, 1, 1, 1
174, 1, 684, 238, 926, 842, 1, 1, 1
175, 1, 916, 272, 786, 808, 1, 1, 1
176, 1, 689, 191, 987, 889, 1, 1, 1
177, 1, 905, 140, 690, 940, 1, 1, 1
178, 1, 958, 122, 629, 958, 1, 1, 1
179, 1, 840, 171, 747, 909, 1, 1, 1
