1, 1, 558, 162, 147, 158, 1, 1, 1
2, 1, 557, 156, 147, 159, 1, 1, 1
3, 1, 561, 116, 148, 157, 1, 1, 1
4, 1, 576, 110, 146, 155, 1, 1, 1
5, 1, 614, 130, 144, 157, 1, 1, 1
6, 1, 603, 127, 145, 156, 1, 1, 1
7, 1, 615, 156, 147, 155, 1, 1, 1
8, 1, 624, 171, 145, 150, 1, 1, 1
9, 1, 618, 189, 147, 156, 1, 1, 1
10, 1, 612, 198, 144, 155, 1, 1, 1
11, 1, 619, 204, 144, 155, 1, 1, 1
12, 1, 608, 211, 144, 154, 1, 1, 1
13, 1, 621, 218, 144, 156, 1, 1, 1
14, 1, 595, 222, 144, 155, 1, 1, 1
15, 1, 583, 216, 145, 153, 1, 1, 1
16, 1, 601, 241, 146, 151, 1, 1, 1
17, 1, 591, 239, 145, 154, 1, 1, 1
18, 1, 591, 245, 146, 154, 1, 1, 1
19, 1, 597, 254, 145, 154, 1, 1, 1
20, 1, 595, 255, 144, 154, 1, 1, 1
21, 1, 574, 262, 144, 151, 1, 1, 1
22, 1, 586, 263, 144, 152, 1, 1, 1
23, 1, 579, 274, 146, 152, 1, 1, 1
24, 1, 580, 274, 143, 158, 1, 1, 1
25, 1, 584, 273, 142, 157, 1, 1, 1
26, 1, 600, 280, 144, 159, 1, 1, 1
27, 1, 606, 294, 143, 150, 1, 1, 1
28, 1, 601, 296, 144, 159, 1, 1, 1
29, 1, 594, 301, 144, 154, 1, 1, 1
30, 1, 599, 311, 144, 154, 1, 1, 1
31, 1, 607, 320, 143, 154, 1, 1, 1
32, 1, 607, 321, 142, 155, 1, 1, 1
33, 1, 609, 318, 144, 160, 1, 1, 1
34, 1, 594, 323, 143, 157, 1, 1, 1
35, 1, 587, 329, 143, 158, 1, 1, 1
