9, 6, 731, 180, 301, 148, 1, 1, 1
10, 6, 737, 176, 272, 145, 1, 1, 1
11, 6, 752, 163, 287, 146, 1, 1, 1
12, 6, 753, 139, 327, 152, 1, 1, 1
13, 6, 779, 113, 301, 170, 1, 1, 1
14, 6, 786, 103, 294, 175, 1, 1, 1
15, 6, 798, 117, 282, 168, 1, 1, 1
16, 6, 797, 116, 283, 172, 1, 1, 1
17, 6, 788, 122, 292, 182, 1, 1, 1
18, 6, 773, 140, 307, 180, 1, 1, 1
19, 6, 750, 152, 330, 179, 1, 1, 1
20, 6, 728, 163, 352, 180, 1, 1, 1
21, 6, 676, 194, 404, 190, 1, 1, 1
22, 6, 646, 229, 420, 204, 1, 1, 1
23, 6, 629, 269, 388, 214, 1, 1, 1
24, 6, 624, 279, 304, 191, 1, 1, 1
