88, 1, 598, 270, 251, 291, 1, 1, 1
89, 1, 395, 236, 427, 332, 1, 1, 1
90, 1, 449, 283, 370, 285, 1, 1, 1
91, 1, 254, 287, 580, 275, 1, 1, 1
92, 1, 243, 265, 577, 301, 1, 1, 1
93, 1, 221, 260, 480, 287, 1, 1, 1
94, 1, 181, 248, 476, 307, 1, 1, 1
95, 1, 163, 239, 444, 317, 1, 1, 1
96, 1, 156, 219, 288, 337, 1, 1, 1
97, 1, 101, 223, 313, 353, 1, 1, 1
98, 1, 145, 227, 217, 350, 1, 1, 1
99, 1, 176, 221, 209, 359, 1, 1, 1
100, 1, 199, 223, 264, 362, 1, 1, 1
101, 1, 200, 255, 331, 336, 1, 1, 1
102, 1, 178, 259, 421, 347, 1, 1, 1
103, 1, 204, 260, 461, 353, 1, 1, 1
104, 1, 194, 242, 534, 376, 1, 1, 1
105, 1, 264, 248, 522, 366, 1, 1, 1
106, 1, 321, 294, 513, 323, 1, 1, 1
107, 1, 390, 287, 508, 330, 1, 1, 1
108, 1, 551, 274, 339, 327, 1, 1, 1
109, 1, 628, 258, 284, 342, 1, 1, 1
110, 1, 716, 268, 182, 328, 1, 1, 1
111, 1, 678, 293, 253, 300, 1, 1, 1
112, 1, 636, 304, 340, 299, 1, 1, 1
88, 2, 289, 224, 409, 347, 1, 1, 1
89, 2, 165, 252, 481, 321, 1, 1, 1
90, 2, 27, 272, 565, 304, 1, 1, 1
91, 2, 0, 279, 554, 298, 1, 1, 1
92, 2, 0, 275, 523, 303, 1, 1, 1
93, 2, 13, 265, 490, 312, 1, 1, 1
94, 2, 39, 247, 476, 326, 1, 1, 1
95, 2, 46, 229, 511, 344, 1, 1, 1
96, 2, 104, 254, 474, 316, 1, 1, 1
97, 2, 218, 262, 401, 319, 1, 1, 1
98, 2, 322, 254, 313, 330, 1, 1, 1
99, 2, 329, 254, 296, 337, 1, 1, 1
100, 2, 339, 248, 340, 330, 1, 1, 1
101, 2, 349, 247, 438, 328, 1, 1, 1
102, 2, 480, 258, 337, 332, 1, 1, 1
103, 2, 388, 272, 499, 326, 1, 1, 1
104, 2, 418, 272, 534, 326, 1, 1, 1
105, 2, 463, 292, 514, 305, 1, 1, 1
106, 2, 503, 286, 434, 299, 1, 1, 1
107, 2, 479, 281, 346, 313, 1, 1, 1
108, 2, 472, 279, 279, 315, 1, 1, 1
109, 2, 465, 270, 253, 323, 1, 1, 1
110, 2, 456, 266, 319, 321, 1, 1, 1
111, 2, 410, 262, 396, 323, 1, 1, 1
112, 2, 343, 269, 464, 323, 1, 1, 1
