1, 2, 1561, 147, 202, 128, 1, 1, 1
2, 2, 1562, 154, 203, 128, 1, 1, 1
3, 2, 1562, 154, 201, 128, 1, 1, 1
4, 2, 1561, 155, 202, 127, 1, 1, 1
5, 2, 1560, 159, 201, 126, 1, 1, 1
6, 2, 1562, 170, 200, 127, 1, 1, 1
7, 2, 1562, 182, 202, 126, 1, 1, 1
8, 2, 1571, 200, 203, 127, 1, 1, 1
9, 2, 1575, 214, 201, 111, 1, 1, 1
10, 2, 1574, 219, 203, 124, 1, 1, 1
11, 2, 1578, 223, 202, 124, 1, 1, 1
12, 2, 1578, 226, 203, 125, 1, 1, 1
13, 2, 1578, 227, 203, 125, 1, 1, 1
14, 2, 1577, 227, 203, 125, 1, 1, 1
15, 2, 1576, 227, 203, 124, 1, 1, 1
16, 2, 1574, 227, 205, 125, 1, 1, 1
17, 2, 1574, 227, 203, 125, 1, 1, 1
18, 2, 1574, 227, 203, 125, 1, 1, 1
19, 2, 1572, 228, 204, 123, 1, 1, 1
20, 2, 1571, 227, 204, 125, 1, 1, 1
21, 2, 1570, 227, 204, 127, 1, 1, 1
22, 2, 1575, 229, 203, 126, 1, 1, 1
23, 2, 1585, 232, 202, 125, 1, 1, 1
24, 2, 1595, 236, 204, 124, 1, 1, 1
25, 2, 1603, 239, 189, 125, 1, 1, 1
26, 2, 1611, 240, 204, 128, 1, 1, 1
27, 2, 1616, 243, 204, 126, 1, 1, 1
28, 2, 1620, 245, 204, 117, 1, 1, 1
29, 2, 1623, 246, 206, 125, 1, 1, 1
30, 2, 1626, 247, 204, 125, 1, 1, 1
31, 2, 1629, 247, 207, 127, 1, 1, 1
32, 2, 1631, 249, 208, 124, 1, 1, 1
33, 2, 1635, 248, 207, 127, 1, 1, 1
34, 2, 1641, 248, 207, 126, 1, 1, 1
35, 2, 1646, 247, 208, 127, 1, 1, 1
36, 2, 1652, 248, 208, 126, 1, 1, 1
37, 2, 1656, 248, 208, 127, 1, 1, 1
38, 2, 1660, 248, 207, 128, 1, 1, 1
39, 2, 1662, 247, 209, 127, 1, 1, 1
40, 2, 1663, 249, 209, 125, 1, 1, 1
41, 2, 1665, 248, 208, 127, 1, 1, 1
42, 2, 1664, 248, 208, 127, 1, 1, 1
43, 2, 1663, 247, 208, 125, 1, 1, 1
44, 2, 1662, 246, 208, 126, 1, 1, 1
45, 2, 1662, 247, 207, 127, 1, 1, 1
46, 2, 1660, 247, 208, 126, 1, 1, 1
47, 2, 1657, 246, 211, 127, 1, 1, 1
48, 2, 1659, 246, 208, 127, 1, 1, 1
49, 2, 1658, 246, 208, 127, 1, 1, 1
50, 2, 1661, 247, 207, 126, 1, 1, 1
51, 2, 1662, 248, 210, 125, 1, 1, 1
52, 2, 1666, 249, 207, 126, 1, 1, 1
53, 2, 1665, 250, 210, 126, 1, 1, 1
1, 3, 1772, 95, 148, 219, 1, 1, 1
2, 3, 1775, 104, 145, 217, 1, 1, 1
3, 3, 1774, 104, 146, 217, 1, 1, 1
4, 3, 1772, 105, 148, 216, 1, 1, 1
5, 3, 1770, 109, 150, 217, 1, 1, 1
6, 3, 1773, 121, 147, 216, 1, 1, 1
7, 3, 1775, 133, 145, 215, 1, 1, 1
8, 3, 1783, 154, 137, 213, 1, 1, 1
9, 3, 1785, 168, 135, 212, 1, 1, 1
10, 3, 1787, 172, 133, 212, 1, 1, 1
11, 3, 1791, 178, 129, 182, 1, 1, 1
12, 3, 1789, 181, 131, 211, 1, 1, 1
13, 3, 1791, 182, 129, 211, 1, 1, 1
14, 3, 1789, 180, 131, 215, 1, 1, 1
15, 3, 1790, 183, 130, 211, 1, 1, 1
16, 3, 1789, 182, 131, 212, 1, 1, 1
17, 3, 1787, 182, 133, 209, 1, 1, 1
18, 3, 1785, 182, 135, 211, 1, 1, 1
19, 3, 1786, 181, 134, 212, 1, 1, 1
20, 3, 1784, 182, 136, 211, 1, 1, 1
21, 3, 1783, 183, 137, 210, 1, 1, 1
22, 3, 1787, 184, 133, 212, 1, 1, 1
23, 3, 1798, 189, 122, 211, 1, 1, 1
24, 3, 1807, 193, 113, 163, 1, 1, 1
25, 3, 1816, 198, 104, 214, 1, 1, 1
26, 3, 1824, 200, 96, 210, 1, 1, 1
27, 3, 1828, 206, 92, 206, 1, 1, 1
28, 3, 1834, 208, 86, 203, 1, 1, 1
29, 3, 1838, 212, 82, 202, 1, 1, 1
30, 3, 1841, 212, 79, 201, 1, 1, 1
31, 3, 1845, 215, 75, 203, 1, 1, 1
32, 3, 1848, 216, 72, 202, 1, 1, 1
33, 3, 1853, 216, 67, 202, 1, 1, 1
34, 3, 1857, 218, 63, 199, 1, 1, 1
35, 3, 1864, 226, 56, 191, 1, 1, 1
36, 3, 1870, 232, 50, 185, 1, 1, 1
37, 3, 1875, 245, 45, 173, 1, 1, 1
38, 3, 1879, 250, 41, 170, 1, 1, 1
39, 3, 1881, 259, 39, 158, 1, 1, 1
40, 3, 1883, 262, 37, 156, 1, 1, 1
41, 3, 1884, 260, 36, 159, 1, 1, 1
42, 3, 1883, 262, 37, 154, 1, 1, 1
43, 3, 1881, 258, 39, 158, 1, 1, 1
44, 3, 1880, 258, 40, 158, 1, 1, 1
45, 3, 1879, 257, 41, 161, 1, 1, 1
46, 3, 1879, 254, 41, 163, 1, 1, 1
47, 3, 1878, 252, 42, 163, 1, 1, 1
48, 3, 1879, 246, 41, 169, 1, 1, 1
49, 3, 1878, 247, 42, 168, 1, 1, 1
50, 3, 1878, 254, 42, 162, 1, 1, 1
51, 3, 1883, 260, 37, 157, 1, 1, 1
52, 3, 1884, 263, 36, 156, 1, 1, 1
53, 3, 1885, 263, 35, 156, 1, 1, 1
1, 4, 998, 398, 352, 432, 1, 1, 1
2, 4, 999, 404, 354, 431, 1, 1, 1
3, 4, 1027, 405, 326, 431, 1, 1, 1
4, 4, 1003, 404, 349, 429, 1, 1, 1
5, 4, 1109, 406, 234, 323, 1, 1, 1
6, 4, 998, 488, 340, 362, 1, 1, 1
7, 4, 1000, 428, 193, 434, 1, 1, 1
8, 4, 1006, 445, 326, 433, 1, 1, 1
9, 4, 1009, 455, 355, 432, 1, 1, 1
10, 4, 1011, 460, 355, 430, 1, 1, 1
11, 4, 1012, 464, 357, 432, 1, 1, 1
12, 4, 1013, 466, 356, 434, 1, 1, 1
13, 4, 1014, 468, 355, 432, 1, 1, 1
14, 4, 1014, 468, 354, 432, 1, 1, 1
15, 4, 1014, 468, 354, 431, 1, 1, 1
16, 4, 1012, 466, 355, 432, 1, 1, 1
17, 4, 1011, 467, 354, 431, 1, 1, 1
18, 4, 1011, 469, 353, 430, 1, 1, 1
19, 4, 1009, 469, 354, 429, 1, 1, 1
20, 4, 1006, 468, 356, 433, 1, 1, 1
21, 4, 1008, 468, 354, 431, 1, 1, 1
22, 4, 1010, 471, 355, 430, 1, 1, 1
23, 4, 1019, 473, 355, 431, 1, 1, 1
24, 4, 1027, 476, 356, 430, 1, 1, 1
25, 4, 1036, 477, 354, 432, 1, 1, 1
26, 4, 1041, 481, 355, 430, 1, 1, 1
27, 4, 1046, 482, 355, 432, 1, 1, 1
28, 4, 1049, 485, 358, 430, 1, 1, 1
29, 4, 1050, 484, 357, 433, 1, 1, 1
30, 4, 1054, 487, 355, 433, 1, 1, 1
31, 4, 1056, 487, 358, 432, 1, 1, 1
32, 4, 1059, 486, 358, 435, 1, 1, 1
33, 4, 1062, 490, 359, 430, 1, 1, 1
34, 4, 1067, 491, 358, 428, 1, 1, 1
35, 4, 1072, 488, 359, 433, 1, 1, 1
36, 4, 1080, 486, 355, 435, 1, 1, 1
37, 4, 1081, 486, 358, 435, 1, 1, 1
38, 4, 1084, 488, 359, 433, 1, 1, 1
39, 4, 1087, 485, 359, 437, 1, 1, 1
40, 4, 1089, 485, 358, 436, 1, 1, 1
41, 4, 1088, 486, 361, 433, 1, 1, 1
42, 4, 1088, 484, 359, 437, 1, 1, 1
43, 4, 1087, 486, 359, 433, 1, 1, 1
44, 4, 1087, 486, 359, 432, 1, 1, 1
45, 4, 1085, 483, 358, 437, 1, 1, 1
46, 4, 1085, 485, 358, 435, 1, 1, 1
47, 4, 1098, 485, 346, 434, 1, 1, 1
48, 4, 1097, 485, 345, 433, 1, 1, 1
49, 4, 1145, 485, 297, 435, 1, 1, 1
50, 4, 1087, 556, 335, 351, 1, 1, 1
51, 4, 1088, 508, 221, 403, 1, 1, 1
52, 4, 1090, 486, 287, 435, 1, 1, 1
53, 4, 1091, 488, 360, 433, 1, 1, 1
