15, 2, 136, 83, 266, 149, 1, 1, 1
16, 2, 245, 85, 234, 147, 1, 1, 1
17, 2, 270, 103, 284, 147, 1, 1, 1
18, 2, 336, 113, 285, 131, 1, 1, 1
19, 2, 545, 100, 102, 142, 1, 1, 1
20, 2, 555, 96, 119, 148, 1, 1, 1
21, 2, 576, 100, 104, 134, 1, 1, 1
22, 2, 585, 86, 116, 153, 1, 1, 1
23, 2, 616, 97, 106, 126, 1, 1, 1
24, 2, 631, 109, 138, 126, 1, 1, 1
25, 2, 710, 98, 129, 144, 1, 1, 1
26, 2, 799, 94, 105, 147, 1, 1, 1
27, 2, 845, 76, 93, 143, 1, 1, 1
28, 2, 832, 27, 142, 155, 1, 1, 1
29, 2, 835, 0, 149, 114, 1, 1, 1
30, 2, 854, 0, 156, 99, 1, 1, 1
