65, 4, 1084, 382, 220, 119, 1, 1, 1
66, 4, 1088, 385, 218, 114, 1, 1, 1
67, 4, 1063, 386, 212, 128, 1, 1, 1
68, 4, 1064, 389, 214, 127, 1, 1, 1
69, 4, 1064, 393, 211, 123, 1, 1, 1
70, 4, 1073, 394, 199, 122, 1, 1, 1
71, 4, 1078, 396, 182, 119, 1, 1, 1
72, 4, 1076, 394, 190, 120, 1, 1, 1
73, 4, 1079, 394, 182, 121, 1, 1, 1
74, 4, 1083, 392, 175, 122, 1, 1, 1
75, 4, 1024, 391, 234, 124, 1, 1, 1
76, 4, 1051, 396, 197, 120, 1, 1, 1
77, 4, 1029, 397, 218, 117, 1, 1, 1
78, 4, 1065, 395, 156, 128, 1, 1, 1
79, 4, 1055, 392, 135, 133, 1, 1, 1
80, 4, 1052, 392, 142, 141, 1, 1, 1
81, 4, 1055, 393, 136, 139, 1, 1, 1
82, 4, 1055, 394, 138, 147, 1, 1, 1
83, 4, 1025, 393, 198, 147, 1, 1, 1
84, 4, 1034, 393, 159, 147, 1, 1, 1
85, 4, 1027, 393, 166, 148, 1, 1, 1
86, 4, 1028, 379, 165, 162, 1, 1, 1
87, 4, 985, 384, 212, 157, 1, 1, 1
88, 4, 1044, 389, 153, 150, 1, 1, 1
89, 4, 1022, 382, 173, 157, 1, 1, 1
90, 4, 1024, 388, 172, 151, 1, 1, 1
91, 4, 1023, 386, 173, 152, 1, 1, 1
92, 4, 1019, 387, 176, 151, 1, 1, 1
93, 4, 1022, 388, 174, 150, 1, 1, 1
94, 4, 1022, 385, 173, 152, 1, 1, 1
95, 4, 1020, 386, 178, 149, 1, 1, 1
96, 4, 1017, 388, 184, 148, 1, 1, 1
97, 4, 1024, 386, 175, 151, 1, 1, 1
98, 4, 1016, 377, 187, 159, 1, 1, 1
99, 4, 1015, 379, 187, 157, 1, 1, 1
100, 4, 1015, 387, 184, 148, 1, 1, 1
101, 4, 1020, 372, 181, 164, 1, 1, 1
102, 4, 1024, 389, 177, 148, 1, 1, 1
103, 4, 1018, 392, 180, 143, 1, 1, 1
104, 4, 1016, 390, 184, 147, 1, 1, 1
105, 4, 1051, 380, 174, 144, 1, 1, 1
106, 4, 1040, 390, 226, 100, 1, 1, 1
107, 4, 1043, 389, 207, 86, 1, 1, 1
