1, 1, 639, 314, 194, 123, 1, 1, 1
2, 1, 653, 307, 184, 128, 1, 1, 1
3, 1, 659, 304, 185, 134, 1, 1, 1
4, 1, 673, 304, 182, 132, 1, 1, 1
5, 1, 684, 301, 181, 135, 1, 1, 1
6, 1, 702, 301, 175, 135, 1, 1, 1
7, 1, 717, 302, 171, 134, 1, 1, 1
8, 1, 733, 299, 172, 139, 1, 1, 1
9, 1, 751, 299, 171, 141, 1, 1, 1
10, 1, 756, 305, 187, 135, 1, 1, 1
11, 1, 764, 315, 196, 128, 1, 1, 1
12, 1, 781, 324, 212, 119, 1, 1, 1
13, 1, 793, 327, 231, 112, 1, 1, 1
14, 1, 807, 333, 217, 110, 1, 1, 1
15, 1, 813, 335, 205, 107, 1, 1, 1
16, 1, 801, 334, 205, 107, 1, 1, 1
17, 1, 796, 334, 210, 108, 1, 1, 1
18, 1, 788, 339, 220, 102, 1, 1, 1
19, 1, 771, 340, 218, 109, 1, 1, 1
20, 1, 753, 342, 224, 102, 1, 1, 1
21, 1, 740, 340, 221, 103, 1, 1, 1
22, 1, 721, 339, 226, 107, 1, 1, 1
23, 1, 702, 340, 231, 107, 1, 1, 1
24, 1, 680, 341, 242, 106, 1, 1, 1
25, 1, 670, 340, 220, 107, 1, 1, 1
26, 1, 656, 342, 205, 103, 1, 1, 1
27, 1, 640, 341, 210, 104, 1, 1, 1
28, 1, 624, 343, 217, 103, 1, 1, 1
29, 1, 604, 342, 218, 104, 1, 1, 1
30, 1, 587, 340, 213, 106, 1, 1, 1
31, 1, 572, 334, 210, 114, 1, 1, 1
32, 1, 558, 332, 210, 111, 1, 1, 1
33, 1, 549, 327, 202, 117, 1, 1, 1
34, 1, 541, 326, 208, 117, 1, 1, 1
35, 1, 540, 331, 201, 118, 1, 1, 1
36, 1, 542, 331, 199, 118, 1, 1, 1
37, 1, 533, 333, 209, 116, 1, 1, 1
38, 1, 545, 334, 191, 115, 1, 1, 1
39, 1, 544, 333, 185, 112, 1, 1, 1
40, 1, 567, 332, 151, 113, 1, 1, 1
41, 1, 572, 334, 146, 112, 1, 1, 1
42, 1, 572, 328, 158, 107, 1, 1, 1
