16, 10, 186, 144, 166, 89, 1, 1, 1
17, 10, 239, 140, 198, 202, 1, 1, 1
18, 10, 317, 135, 93, 221, 1, 1, 1
19, 10, 504, 192, 84, 40, 1, 1, 1
20, 10, 458, 131, 243, 237, 1, 1, 1
21, 10, 520, 134, 260, 245, 1, 1, 1
22, 10, 582, 130, 257, 253, 1, 1, 1
23, 10, 638, 120, 256, 262, 1, 1, 1
24, 10, 682, 119, 262, 269, 1, 1, 1
25, 10, 714, 117, 269, 276, 1, 1, 1
26, 10, 738, 116, 275, 281, 1, 1, 1
27, 10, 762, 116, 280, 292, 1, 1, 1
28, 10, 770, 115, 318, 296, 1, 1, 1
29, 10, 773, 120, 287, 306, 1, 1, 1
30, 10, 775, 121, 330, 319, 1, 1, 1
19, 12, 0, 158, 40, 48, 1, 1, 1
20, 12, 0, 121, 151, 193, 1, 1, 1
22, 12, 141, 135, 207, 170, 1, 1, 1
23, 12, 210, 132, 220, 180, 1, 1, 1
24, 12, 287, 135, 225, 178, 1, 1, 1
25, 12, 349, 138, 233, 212, 1, 1, 1
26, 12, 403, 137, 224, 225, 1, 1, 1
27, 12, 454, 136, 235, 234, 1, 1, 1
28, 12, 497, 139, 244, 236, 1, 1, 1
29, 12, 533, 147, 245, 239, 1, 1, 1
30, 12, 568, 154, 232, 244, 1, 1, 1
23, 13, 0, 144, 70, 132, 1, 1, 1
24, 13, 0, 103, 145, 192, 1, 1, 1
25, 13, 30, 106, 204, 202, 1, 1, 1
26, 13, 106, 106, 215, 202, 1, 1, 1
27, 13, 185, 109, 230, 203, 1, 1, 1
28, 13, 245, 108, 228, 210, 1, 1, 1
29, 13, 299, 115, 240, 245, 1, 1, 1
30, 13, 359, 120, 228, 250, 1, 1, 1
