4, 1, 568, 197, 463, 422, 1, 1, 1
5, 1, 571, 197, 457, 422, 1, 1, 1
6, 1, 571, 197, 454, 420, 1, 1, 1
7, 1, 571, 198, 452, 422, 1, 1, 1
8, 1, 569, 197, 452, 419, 1, 1, 1
9, 1, 563, 204, 455, 417, 1, 1, 1
10, 1, 556, 202, 457, 417, 1, 1, 1
11, 1, 550, 200, 461, 423, 1, 1, 1
12, 1, 542, 199, 463, 424, 1, 1, 1
13, 1, 536, 201, 464, 423, 1, 1, 1
14, 1, 527, 202, 470, 425, 1, 1, 1
15, 1, 520, 203, 473, 422, 1, 1, 1
16, 1, 512, 200, 478, 426, 1, 1, 1
17, 1, 502, 202, 485, 425, 1, 1, 1
18, 1, 495, 208, 484, 418, 1, 1, 1
19, 1, 488, 202, 485, 425, 1, 1, 1
20, 1, 482, 204, 485, 422, 1, 1, 1
21, 1, 478, 206, 486, 417, 1, 1, 1
22, 1, 474, 201, 485, 420, 1, 1, 1
23, 1, 467, 211, 486, 408, 1, 1, 1
24, 1, 458, 204, 491, 415, 1, 1, 1
25, 1, 449, 204, 493, 414, 1, 1, 1
26, 1, 433, 203, 500, 419, 1, 1, 1
27, 1, 413, 204, 514, 422, 1, 1, 1
28, 1, 391, 204, 528, 428, 1, 1, 1
29, 1, 367, 210, 545, 430, 1, 1, 1
30, 1, 355, 209, 563, 438, 1, 1, 1
31, 1, 357, 213, 578, 438, 1, 1, 1
32, 1, 359, 210, 593, 445, 1, 1, 1
33, 1, 363, 210, 610, 446, 1, 1, 1
34, 1, 366, 211, 620, 449, 1, 1, 1
35, 1, 371, 212, 629, 450, 1, 1, 1
36, 1, 375, 214, 638, 447, 1, 1, 1
37, 1, 371, 215, 645, 450, 1, 1, 1
38, 1, 368, 216, 648, 445, 1, 1, 1
39, 1, 362, 216, 652, 448, 1, 1, 1
40, 1, 362, 217, 655, 446, 1, 1, 1
41, 1, 387, 218, 662, 441, 1, 1, 1
42, 1, 411, 222, 668, 434, 1, 1, 1
43, 1, 419, 222, 672, 431, 1, 1, 1
44, 1, 427, 224, 676, 427, 1, 1, 1
45, 1, 429, 225, 680, 421, 1, 1, 1
46, 1, 425, 226, 683, 420, 1, 1, 1
47, 1, 421, 226, 681, 414, 1, 1, 1
48, 1, 418, 230, 679, 409, 1, 1, 1
49, 1, 425, 228, 680, 403, 1, 1, 1
50, 1, 451, 235, 686, 390, 1, 1, 1
51, 1, 470, 234, 696, 387, 1, 1, 1
52, 1, 468, 240, 701, 380, 1, 1, 1
53, 1, 463, 239, 711, 380, 1, 1, 1
54, 1, 458, 240, 714, 382, 1, 1, 1
55, 1, 450, 245, 719, 372, 1, 1, 1
56, 1, 440, 250, 723, 367, 1, 1, 1
57, 1, 431, 252, 729, 367, 1, 1, 1
58, 1, 419, 257, 731, 364, 1, 1, 1
59, 1, 413, 259, 728, 365, 1, 1, 1
60, 1, 418, 262, 730, 361, 1, 1, 1
61, 1, 435, 268, 732, 353, 1, 1, 1
62, 1, 433, 273, 730, 345, 1, 1, 1
63, 1, 432, 274, 721, 343, 1, 1, 1
64, 1, 431, 275, 720, 342, 1, 1, 1
65, 1, 424, 280, 716, 332, 1, 1, 1
