19, 1, 0, 197, 667, 523, 1, 1, 1
20, 1, 0, 205, 704, 515, 1, 1, 1
21, 1, 0, 213, 543, 507, 1, 1, 1
22, 1, 14, 211, 705, 509, 1, 1, 1
23, 1, 82, 174, 480, 546, 1, 1, 1
24, 1, 139, 160, 452, 560, 1, 1, 1
25, 1, 194, 163, 610, 557, 1, 1, 1
26, 1, 229, 156, 470, 564, 1, 1, 1
27, 1, 266, 145, 465, 575, 1, 1, 1
28, 1, 304, 128, 520, 592, 1, 1, 1
29, 1, 314, 133, 524, 587, 1, 1, 1
30, 1, 349, 128, 525, 592, 1, 1, 1
31, 1, 397, 121, 428, 577, 1, 1, 1
32, 1, 441, 113, 491, 607, 1, 1, 1
33, 1, 467, 104, 397, 616, 1, 1, 1
34, 1, 492, 92, 371, 628, 1, 1, 1
35, 1, 496, 78, 358, 642, 1, 1, 1
36, 1, 489, 76, 359, 644, 1, 1, 1
37, 1, 499, 85, 416, 635, 1, 1, 1
38, 1, 498, 89, 426, 631, 1, 1, 1
39, 1, 494, 87, 403, 633, 1, 1, 1
40, 1, 482, 75, 395, 645, 1, 1, 1
41, 1, 467, 45, 432, 675, 1, 1, 1
42, 1, 465, 41, 389, 679, 1, 1, 1
43, 1, 426, 66, 343, 654, 1, 1, 1
44, 1, 404, 83, 376, 637, 1, 1, 1
45, 1, 394, 112, 303, 608, 1, 1, 1
46, 1, 385, 116, 270, 604, 1, 1, 1
47, 1, 383, 112, 431, 608, 1, 1, 1
48, 1, 359, 109, 332, 611, 1, 1, 1
49, 1, 315, 94, 316, 626, 1, 1, 1
50, 1, 308, 96, 324, 593, 1, 1, 1
51, 1, 290, 66, 336, 627, 1, 1, 1
52, 1, 278, 28, 286, 663, 1, 1, 1
53, 1, 233, 9, 328, 683, 1, 1, 1
54, 1, 286, 37, 349, 654, 1, 1, 1
55, 1, 300, 25, 332, 616, 1, 1, 1
56, 1, 202, 0, 436, 593, 1, 1, 1
57, 1, 208, 0, 397, 592, 1, 1, 1
58, 1, 287, 0, 322, 595, 1, 1, 1
59, 1, 284, 0, 326, 543, 1, 1, 1
60, 1, 299, 0, 325, 532, 1, 1, 1
61, 1, 314, 0, 336, 540, 1, 1, 1
62, 1, 332, 0, 340, 547, 1, 1, 1
63, 1, 343, 0, 318, 508, 1, 1, 1
64, 1, 351, 0, 317, 500, 1, 1, 1
65, 1, 351, 0, 276, 505, 1, 1, 1
66, 1, 248, 0, 339, 502, 1, 1, 1
67, 1, 275, 0, 320, 458, 1, 1, 1
68, 1, 338, 0, 292, 457, 1, 1, 1
13, 2, 199, 254, 275, 465, 1, 1, 1
14, 2, 0, 286, 279, 434, 1, 1, 1
15, 2, 0, 252, 181, 468, 1, 1, 1
16, 2, 0, 318, 120, 377, 1, 1, 1
17, 2, 0, 380, 92, 340, 1, 1, 1
18, 2, 0, 395, 66, 325, 1, 1, 1
19, 2, 0, 415, 20, 209, 1, 1, 1
20, 2, 0, 417, 20, 190, 1, 1, 1
21, 2, 0, 399, 50, 321, 1, 1, 1
22, 2, 0, 210, 100, 457, 1, 1, 1
23, 2, 20, 246, 169, 449, 1, 1, 1
24, 2, 70, 238, 168, 450, 1, 1, 1
25, 2, 126, 226, 136, 456, 1, 1, 1
26, 2, 192, 206, 107, 441, 1, 1, 1
27, 2, 205, 194, 121, 442, 1, 1, 1
28, 2, 201, 194, 143, 422, 1, 1, 1
29, 2, 254, 186, 120, 439, 1, 1, 1
30, 2, 301, 178, 111, 424, 1, 1, 1
31, 2, 326, 164, 137, 434, 1, 1, 1
32, 2, 403, 157, 101, 438, 1, 1, 1
33, 2, 430, 148, 85, 405, 1, 1, 1
34, 2, 447, 133, 101, 371, 1, 1, 1
35, 2, 452, 101, 115, 408, 1, 1, 1
36, 2, 453, 109, 104, 417, 1, 1, 1
37, 2, 448, 87, 129, 432, 1, 1, 1
38, 2, 453, 71, 121, 457, 1, 1, 1
39, 2, 453, 60, 116, 457, 1, 1, 1
40, 2, 449, 42, 123, 433, 1, 1, 1
41, 2, 447, 29, 128, 420, 1, 1, 1
42, 2, 445, 19, 126, 437, 1, 1, 1
43, 2, 426, 37, 127, 498, 1, 1, 1
44, 2, 416, 55, 129, 535, 1, 1, 1
45, 2, 412, 59, 131, 536, 1, 1, 1
46, 2, 425, 56, 116, 477, 1, 1, 1
47, 2, 434, 47, 110, 94, 1, 1, 1
48, 2, 421, 46, 120, 446, 1, 1, 1
49, 2, 421, 43, 115, 452, 1, 1, 1
50, 2, 399, 43, 134, 455, 1, 1, 1
51, 2, 421, 39, 111, 46, 1, 1, 1
52, 2, 380, 30, 137, 436, 1, 1, 1
53, 2, 417, 25, 119, 45, 1, 1, 1
54, 2, 426, 25, 117, 328, 1, 1, 1
55, 2, 403, 13, 155, 423, 1, 1, 1
56, 2, 410, 6, 167, 425, 1, 1, 1
57, 2, 393, 212, 147, 209, 1, 1, 1
58, 2, 464, 84, 99, 289, 1, 1, 1
59, 2, 450, 276, 66, 87, 1, 1, 1
60, 2, 443, 303, 38, 87, 1, 1, 1
63, 2, 516, 101, 91, 263, 1, 1, 1
64, 2, 559, 50, 91, 121, 1, 1, 1
65, 2, 553, 2, 139, 185, 1, 1, 1
66, 2, 555, 0, 155, 254, 1, 1, 1
67, 2, 549, 0, 181, 271, 1, 1, 1
68, 2, 567, 0, 177, 270, 1, 1, 1
