1, 2, 400, 257, 304, 120, 1, 1, 1
2, 2, 400, 262, 303, 122, 1, 1, 1
3, 2, 417, 278, 304, 122, 1, 1, 1
4, 2, 440, 286, 311, 122, 1, 1, 1
5, 2, 463, 287, 314, 121, 1, 1, 1
6, 2, 474, 287, 313, 122, 1, 1, 1
7, 2, 465, 279, 317, 123, 1, 1, 1
8, 2, 462, 270, 318, 125, 1, 1, 1
9, 2, 487, 267, 319, 127, 1, 1, 1
10, 2, 523, 280, 323, 125, 1, 1, 1
11, 2, 511, 273, 325, 126, 1, 1, 1
12, 2, 472, 266, 328, 126, 1, 1, 1
13, 2, 472, 247, 337, 129, 1, 1, 1
14, 2, 504, 247, 336, 135, 1, 1, 1
15, 2, 496, 253, 344, 128, 1, 1, 1
16, 2, 472, 253, 347, 102, 1, 1, 1
17, 2, 466, 253, 356, 105, 1, 1, 1
18, 2, 463, 258, 360, 104, 1, 1, 1
19, 2, 412, 261, 364, 105, 1, 1, 1
20, 2, 354, 254, 369, 108, 1, 1, 1
21, 2, 357, 249, 372, 108, 1, 1, 1
22, 2, 422, 249, 349, 107, 1, 1, 1
23, 2, 457, 246, 383, 108, 1, 1, 1
24, 2, 487, 264, 386, 109, 1, 1, 1
25, 2, 552, 302, 322, 117, 1, 1, 1
26, 2, 566, 321, 345, 118, 1, 1, 1
27, 2, 583, 323, 352, 124, 1, 1, 1
28, 2, 574, 291, 348, 124, 1, 1, 1
29, 2, 541, 257, 361, 128, 1, 1, 1
30, 2, 506, 294, 381, 134, 1, 1, 1
31, 2, 498, 309, 393, 136, 1, 1, 1
32, 2, 498, 280, 407, 143, 1, 1, 1
33, 2, 470, 239, 418, 147, 1, 1, 1
34, 2, 487, 220, 423, 149, 1, 1, 1
35, 2, 541, 224, 425, 150, 1, 1, 1
36, 2, 620, 217, 442, 152, 1, 1, 1
37, 2, 648, 207, 452, 157, 1, 1, 1
38, 2, 598, 213, 465, 154, 1, 1, 1
39, 2, 551, 216, 471, 156, 1, 1, 1
40, 2, 564, 231, 484, 152, 1, 1, 1
41, 2, 589, 241, 469, 147, 1, 1, 1
42, 2, 572, 249, 436, 134, 1, 1, 1
43, 2, 538, 242, 404, 121, 1, 1, 1
44, 2, 571, 255, 375, 111, 1, 1, 1
45, 2, 648, 281, 321, 94, 1, 1, 1
46, 2, 669, 296, 307, 96, 1, 1, 1
47, 2, 642, 313, 347, 103, 1, 1, 1
48, 2, 606, 307, 346, 103, 1, 1, 1
49, 2, 637, 296, 292, 99, 1, 1, 1
50, 2, 588, 292, 310, 102, 1, 1, 1
51, 2, 571, 290, 270, 97, 1, 1, 1
52, 2, 592, 279, 343, 108, 1, 1, 1
53, 2, 632, 277, 355, 113, 1, 1, 1
54, 2, 683, 286, 377, 113, 1, 1, 1
