15, 5, 0, 299, 47, 159, 1, 1, 1
16, 5, 0, 246, 83, 207, 1, 1, 1
17, 5, 0, 243, 113, 207, 1, 1, 1
18, 5, 0, 240, 136, 210, 1, 1, 1
19, 5, 0, 239, 154, 211, 1, 1, 1
20, 5, 0, 238, 168, 216, 1, 1, 1
21, 5, 0, 236, 182, 216, 1, 1, 1
22, 5, 0, 235, 202, 217, 1, 1, 1
23, 5, 0, 233, 223, 218, 1, 1, 1
24, 5, 0, 231, 245, 223, 1, 1, 1
25, 5, 0, 230, 264, 223, 1, 1, 1
26, 5, 0, 228, 281, 226, 1, 1, 1
27, 5, 0, 226, 295, 227, 1, 1, 1
28, 5, 0, 225, 309, 229, 1, 1, 1
29, 5, 0, 224, 325, 233, 1, 1, 1
30, 5, 0, 222, 339, 235, 1, 1, 1
31, 5, 9, 220, 348, 239, 1, 1, 1
32, 5, 23, 219, 353, 240, 1, 1, 1
33, 5, 34, 216, 359, 245, 1, 1, 1
34, 5, 45, 214, 366, 248, 1, 1, 1
35, 5, 47, 212, 370, 253, 1, 1, 1
36, 5, 41, 213, 378, 256, 1, 1, 1
37, 5, 42, 212, 387, 259, 1, 1, 1
38, 5, 57, 210, 394, 264, 1, 1, 1
39, 5, 66, 209, 400, 265, 1, 1, 1
40, 5, 73, 207, 408, 274, 1, 1, 1
41, 5, 76, 205, 418, 280, 1, 1, 1
42, 5, 77, 205, 432, 281, 1, 1, 1
43, 5, 79, 204, 446, 285, 1, 1, 1
44, 5, 87, 201, 458, 295, 1, 1, 1
45, 5, 100, 199, 470, 299, 1, 1, 1
46, 5, 114, 198, 485, 307, 1, 1, 1
47, 5, 132, 196, 500, 311, 1, 1, 1
48, 5, 153, 191, 515, 317, 1, 1, 1
49, 5, 174, 190, 530, 325, 1, 1, 1
50, 5, 199, 189, 544, 332, 1, 1, 1
51, 5, 220, 186, 561, 337, 1, 1, 1
52, 5, 241, 183, 579, 343, 1, 1, 1
53, 5, 265, 179, 595, 351, 1, 1, 1
54, 5, 293, 174, 609, 358, 1, 1, 1
55, 5, 321, 167, 626, 371, 1, 1, 1
56, 5, 351, 162, 642, 378, 1, 1, 1
57, 5, 381, 154, 661, 389, 1, 1, 1
58, 5, 412, 147, 682, 396, 1, 1, 1
59, 5, 447, 140, 706, 409, 1, 1, 1
27, 6, 0, 395, 14, 61, 1, 1, 1
28, 6, 0, 394, 20, 63, 1, 1, 1
29, 6, 0, 383, 26, 75, 1, 1, 1
30, 6, 0, 384, 34, 75, 1, 1, 1
31, 6, 0, 377, 42, 81, 1, 1, 1
32, 6, 0, 367, 51, 92, 1, 1, 1
33, 6, 0, 361, 60, 98, 1, 1, 1
34, 6, 0, 358, 69, 104, 1, 1, 1
35, 6, 0, 360, 66, 103, 1, 1, 1
36, 6, 0, 363, 59, 104, 1, 1, 1
37, 6, 0, 368, 57, 101, 1, 1, 1
38, 6, 0, 361, 71, 110, 1, 1, 1
39, 6, 0, 362, 77, 112, 1, 1, 1
40, 6, 0, 360, 82, 116, 1, 1, 1
41, 6, 0, 362, 85, 117, 1, 1, 1
42, 6, 0, 363, 88, 121, 1, 1, 1
43, 6, 0, 366, 91, 120, 1, 1, 1
44, 6, 0, 363, 99, 128, 1, 1, 1
45, 6, 0, 366, 109, 127, 1, 1, 1
46, 6, 0, 368, 122, 126, 1, 1, 1
47, 6, 0, 368, 138, 130, 1, 1, 1
48, 6, 0, 368, 155, 132, 1, 1, 1
49, 6, 0, 369, 175, 141, 1, 1, 1
50, 6, 0, 371, 193, 143, 1, 1, 1
51, 6, 0, 371, 212, 148, 1, 1, 1
52, 6, 0, 373, 234, 151, 1, 1, 1
53, 6, 0, 377, 257, 153, 1, 1, 1
54, 6, 0, 378, 283, 156, 1, 1, 1
55, 6, 0, 378, 313, 164, 1, 1, 1
56, 6, 10, 380, 335, 164, 1, 1, 1
57, 6, 33, 379, 350, 172, 1, 1, 1
58, 6, 63, 377, 365, 177, 1, 1, 1
59, 6, 98, 377, 382, 181, 1, 1, 1
46, 7, 0, 362, 9, 7, 1, 1, 1
47, 7, 0, 359, 22, 9, 1, 1, 1
48, 7, 0, 359, 41, 10, 1, 1, 1
49, 7, 0, 360, 57, 10, 1, 1, 1
50, 7, 0, 360, 74, 13, 1, 1, 1
51, 7, 0, 361, 90, 13, 1, 1, 1
52, 7, 0, 362, 105, 17, 1, 1, 1
53, 7, 0, 365, 122, 27, 1, 1, 1
54, 7, 0, 366, 138, 44, 1, 1, 1
55, 7, 0, 366, 152, 53, 1, 1, 1
56, 7, 0, 366, 175, 58, 1, 1, 1
57, 7, 17, 364, 180, 61, 1, 1, 1
58, 7, 39, 364, 178, 60, 1, 1, 1
59, 7, 70, 362, 178, 67, 1, 1, 1
