72, 5, 1063, 519, 431, 561, 1, 1, 1
73, 5, 1070, 505, 445, 571, 1, 1, 1
74, 5, 1058, 578, 492, 496, 1, 1, 1
75, 5, 1066, 489, 441, 538, 1, 1, 1
76, 5, 1162, 662, 353, 376, 1, 1, 1
77, 5, 1201, 609, 317, 432, 1, 1, 1
78, 5, 1179, 541, 340, 503, 1, 1, 1
79, 5, 1065, 589, 441, 454, 1, 1, 1
80, 5, 1070, 564, 430, 480, 1, 1, 1
81, 5, 1058, 605, 480, 430, 1, 1, 1
82, 5, 1057, 580, 492, 458, 1, 1, 1
83, 5, 1055, 659, 499, 383, 1, 1, 1
84, 5, 937, 627, 624, 415, 1, 1, 1
85, 5, 858, 583, 633, 377, 1, 1, 1
