18, 3, 537, 585, 398, 252, 1, 1, 1
19, 3, 609, 553, 401, 287, 1, 1, 1
20, 3, 616, 551, 407, 237, 1, 1, 1
21, 3, 626, 571, 408, 242, 1, 1, 1
22, 3, 635, 569, 367, 231, 1, 1, 1
23, 3, 589, 541, 426, 269, 1, 1, 1
24, 3, 590, 561, 420, 238, 1, 1, 1
25, 3, 665, 580, 352, 229, 1, 1, 1
26, 3, 680, 551, 359, 251, 1, 1, 1
27, 3, 616, 567, 435, 243, 1, 1, 1
28, 3, 703, 576, 377, 223, 1, 1, 1
29, 3, 615, 587, 430, 211, 1, 1, 1
30, 3, 563, 541, 444, 226, 1, 1, 1
31, 3, 491, 521, 442, 246, 1, 1, 1
32, 3, 469, 507, 443, 277, 1, 1, 1
33, 3, 429, 499, 440, 245, 1, 1, 1
34, 3, 420, 484, 441, 273, 1, 1, 1
35, 3, 379, 475, 446, 261, 1, 1, 1
36, 3, 372, 492, 440, 249, 1, 1, 1
18, 4, 340, 692, 423, 286, 1, 1, 1
19, 4, 417, 680, 424, 304, 1, 1, 1
20, 4, 426, 677, 421, 266, 1, 1, 1
21, 4, 437, 706, 435, 265, 1, 1, 1
22, 4, 429, 696, 428, 273, 1, 1, 1
23, 4, 451, 726, 441, 261, 1, 1, 1
24, 4, 460, 731, 440, 267, 1, 1, 1
25, 4, 470, 752, 431, 249, 1, 1, 1
26, 4, 488, 743, 447, 266, 1, 1, 1
27, 4, 491, 757, 440, 260, 1, 1, 1
28, 4, 545, 770, 435, 277, 1, 1, 1
29, 4, 543, 779, 444, 266, 1, 1, 1
30, 4, 551, 793, 454, 262, 1, 1, 1
31, 4, 550, 773, 459, 297, 1, 1, 1
32, 4, 573, 796, 465, 284, 1, 1, 1
33, 4, 578, 805, 482, 275, 1, 1, 1
34, 4, 596, 848, 493, 232, 1, 1, 1
35, 4, 604, 883, 471, 197, 1, 1, 1
