1, 1, 125, 130, 114, 169, 1, 1, 1
2, 1, 123, 127, 114, 169, 1, 1, 1
3, 1, 120, 127, 117, 174, 1, 1, 1
4, 1, 178, 128, 55, 96, 1, 1, 1
5, 1, 127, 128, 38, 70, 1, 1, 1
6, 1, 130, 131, 115, 173, 1, 1, 1
7, 1, 129, 128, 117, 173, 1, 1, 1
8, 1, 126, 132, 115, 172, 1, 1, 1
9, 1, 123, 133, 116, 170, 1, 1, 1
10, 1, 122, 126, 118, 171, 1, 1, 1
11, 1, 125, 127, 115, 172, 1, 1, 1
12, 1, 122, 127, 117, 172, 1, 1, 1
13, 1, 118, 125, 115, 171, 1, 1, 1
14, 1, 117, 122, 115, 173, 1, 1, 1
15, 1, 116, 122, 117, 172, 1, 1, 1
16, 1, 116, 126, 116, 170, 1, 1, 1
17, 1, 113, 127, 117, 171, 1, 1, 1
18, 1, 112, 125, 119, 171, 1, 1, 1
19, 1, 104, 126, 118, 170, 1, 1, 1
20, 1, 98, 126, 118, 172, 1, 1, 1
21, 1, 99, 124, 119, 170, 1, 1, 1
22, 1, 98, 125, 118, 171, 1, 1, 1
23, 1, 90, 126, 120, 172, 1, 1, 1
24, 1, 86, 126, 119, 173, 1, 1, 1
25, 1, 80, 130, 120, 171, 1, 1, 1
26, 1, 76, 130, 118, 173, 1, 1, 1
27, 1, 72, 132, 119, 174, 1, 1, 1
28, 1, 72, 136, 120, 174, 1, 1, 1
29, 1, 72, 137, 119, 175, 1, 1, 1
30, 1, 72, 135, 120, 174, 1, 1, 1
31, 1, 70, 135, 120, 174, 1, 1, 1
32, 1, 72, 136, 120, 174, 1, 1, 1
33, 1, 77, 136, 120, 176, 1, 1, 1
34, 1, 80, 140, 121, 171, 1, 1, 1
35, 1, 84, 139, 119, 173, 1, 1, 1
36, 1, 83, 139, 118, 171, 1, 1, 1
37, 1, 83, 138, 119, 171, 1, 1, 1
38, 1, 84, 137, 119, 172, 1, 1, 1
39, 1, 87, 138, 120, 172, 1, 1, 1
40, 1, 88, 140, 121, 171, 1, 1, 1
41, 1, 87, 143, 120, 170, 1, 1, 1
42, 1, 89, 143, 120, 170, 1, 1, 1
43, 1, 91, 142, 117, 172, 1, 1, 1
44, 1, 91, 141, 118, 174, 1, 1, 1
45, 1, 90, 143, 119, 172, 1, 1, 1
46, 1, 93, 142, 121, 174, 1, 1, 1
