2, 1, 0, 328, 624, 580, 1, 1, 1
3, 1, 0, 363, 688, 545, 1, 1, 1
4, 1, 0, 409, 736, 499, 1, 1, 1
5, 1, 145, 516, 677, 392, 1, 1, 1
6, 1, 310, 273, 866, 635, 1, 1, 1
7, 1, 944, 230, 427, 510, 1, 1, 1
8, 1, 1070, 280, 454, 425, 1, 1, 1
9, 1, 1224, 377, 384, 433, 1, 1, 1
10, 1, 1280, 295, 477, 380, 1, 1, 1
11, 1, 1173, 329, 467, 420, 1, 1, 1
12, 1, 984, 370, 567, 365, 1, 1, 1
13, 1, 744, 394, 571, 291, 1, 1, 1
14, 1, 690, 489, 540, 214, 1, 1, 1
15, 1, 690, 453, 538, 295, 1, 1, 1
16, 1, 673, 508, 574, 235, 1, 1, 1
17, 1, 743, 496, 479, 357, 1, 1, 1
18, 1, 767, 541, 459, 312, 1, 1, 1
19, 1, 771, 550, 290, 358, 1, 1, 1
20, 1, 752, 528, 426, 380, 1, 1, 1
21, 1, 782, 554, 512, 299, 1, 1, 1
22, 1, 694, 439, 444, 322, 1, 1, 1
23, 1, 780, 241, 348, 621, 1, 1, 1
24, 1, 820, 118, 166, 453, 1, 1, 1
25, 1, 828, 169, 162, 299, 1, 1, 1
26, 1, 839, 263, 291, 213, 1, 1, 1
27, 1, 846, 271, 451, 281, 1, 1, 1
28, 1, 964, 277, 231, 214, 1, 1, 1
29, 1, 965, 263, 271, 321, 1, 1, 1
2, 2, 1172, 122, 630, 405, 1, 1, 1
3, 2, 1153, 154, 623, 412, 1, 1, 1
4, 2, 1103, 172, 618, 405, 1, 1, 1
5, 2, 1067, 237, 608, 405, 1, 1, 1
6, 2, 982, 310, 566, 409, 1, 1, 1
7, 2, 1082, 209, 350, 547, 1, 1, 1
8, 2, 983, 383, 559, 355, 1, 1, 1
9, 2, 1328, 65, 335, 493, 1, 1, 1
10, 2, 1297, 298, 404, 324, 1, 1, 1
11, 2, 1088, 145, 171, 369, 1, 1, 1
12, 2, 915, 276, 166, 239, 1, 1, 1
13, 2, 733, 253, 317, 372, 1, 1, 1
14, 2, 504, 290, 405, 355, 1, 1, 1
15, 2, 538, 354, 364, 235, 1, 1, 1
16, 2, 672, 415, 238, 134, 1, 1, 1
17, 2, 589, 461, 422, 150, 1, 1, 1
18, 2, 763, 429, 262, 157, 1, 1, 1
19, 2, 658, 455, 378, 211, 1, 1, 1
20, 2, 598, 423, 329, 208, 1, 1, 1
21, 2, 681, 412, 324, 293, 1, 1, 1
22, 2, 550, 397, 496, 231, 1, 1, 1
23, 2, 469, 365, 637, 184, 1, 1, 1
24, 2, 541, 90, 531, 444, 1, 1, 1
25, 2, 745, 175, 303, 253, 1, 1, 1
26, 2, 682, 199, 297, 176, 1, 1, 1
27, 2, 862, 176, 229, 220, 1, 1, 1
28, 2, 842, 255, 258, 214, 1, 1, 1
29, 2, 934, 213, 153, 235, 1, 1, 1
