112, 1, 326, 511, 292, 249, 1, 1, 1
113, 1, 319, 518, 309, 248, 1, 1, 1
114, 1, 320, 524, 304, 249, 1, 1, 1
115, 1, 322, 529, 256, 247, 1, 1, 1
116, 1, 323, 528, 223, 248, 1, 1, 1
117, 1, 320, 527, 223, 248, 1, 1, 1
118, 1, 318, 527, 224, 247, 1, 1, 1
119, 1, 317, 526, 224, 248, 1, 1, 1
120, 1, 317, 527, 223, 248, 1, 1, 1
121, 1, 311, 528, 219, 248, 1, 1, 1
122, 1, 285, 528, 234, 251, 1, 1, 1
123, 1, 256, 532, 264, 251, 1, 1, 1
124, 1, 255, 540, 286, 253, 1, 1, 1
125, 1, 298, 554, 271, 253, 1, 1, 1
126, 1, 337, 555, 248, 249, 1, 1, 1
127, 1, 335, 537, 234, 249, 1, 1, 1
128, 1, 352, 548, 225, 255, 1, 1, 1
129, 1, 349, 564, 234, 256, 1, 1, 1
130, 1, 342, 583, 244, 255, 1, 1, 1
