75, 12, 657, 567, 82, 83, 1, 1, 1
76, 12, 569, 553, 84, 81, 1, 1, 1
77, 12, 538, 521, 83, 79, 1, 1, 1
78, 12, 523, 492, 81, 80, 1, 1, 1
79, 12, 517, 484, 82, 78, 1, 1, 1
80, 12, 513, 486, 81, 78, 1, 1, 1
81, 12, 542, 478, 75, 78, 1, 1, 1
82, 12, 570, 478, 80, 76, 1, 1, 1
83, 12, 607, 482, 71, 75, 1, 1, 1
84, 12, 640, 489, 74, 72, 1, 1, 1
85, 12, 663, 509, 75, 52, 1, 1, 1
86, 12, 701, 512, 66, 53, 1, 1, 1
87, 12, 721, 511, 71, 56, 1, 1, 1
88, 12, 748, 497, 62, 68, 1, 1, 1
89, 12, 767, 491, 40, 67, 1, 1, 1
90, 12, 790, 479, 52, 65, 1, 1, 1
91, 12, 824, 479, 55, 67, 1, 1, 1
92, 12, 839, 479, 63, 76, 1, 1, 1
93, 12, 860, 479, 63, 78, 1, 1, 1
94, 12, 884, 479, 63, 81, 1, 1, 1
95, 12, 901, 479, 64, 78, 1, 1, 1
96, 12, 921, 478, 64, 78, 1, 1, 1
97, 12, 941, 478, 63, 77, 1, 1, 1
98, 12, 964, 474, 61, 82, 1, 1, 1
99, 12, 989, 477, 61, 81, 1, 1, 1
