13, 5, 971, 588, 81, 69, 1, 1, 1
14, 5, 974, 589, 79, 68, 1, 1, 1
15, 5, 976, 591, 75, 67, 1, 1, 1
16, 5, 987, 596, 80, 67, 1, 1, 1
17, 5, 992, 598, 82, 68, 1, 1, 1
18, 5, 1008, 600, 77, 69, 1, 1, 1
19, 5, 1017, 602, 79, 69, 1, 1, 1
20, 5, 1028, 602, 77, 69, 1, 1, 1
21, 5, 1041, 606, 81, 65, 1, 1, 1
22, 5, 1055, 606, 82, 63, 1, 1, 1
23, 5, 1067, 604, 85, 64, 1, 1, 1
24, 5, 1080, 604, 87, 65, 1, 1, 1
25, 5, 1093, 604, 88, 64, 1, 1, 1
26, 5, 1105, 605, 87, 64, 1, 1, 1
27, 5, 1120, 601, 80, 65, 1, 1, 1
28, 5, 1134, 598, 81, 64, 1, 1, 1
29, 5, 1148, 594, 82, 66, 1, 1, 1
30, 5, 1171, 591, 75, 64, 1, 1, 1
31, 5, 1185, 587, 72, 65, 1, 1, 1
32, 5, 1201, 582, 72, 67, 1, 1, 1
33, 5, 1207, 577, 73, 63, 1, 1, 1
34, 5, 1217, 574, 73, 66, 1, 1, 1
35, 5, 1230, 576, 73, 67, 1, 1, 1
36, 5, 1242, 577, 73, 67, 1, 1, 1
37, 5, 1252, 581, 72, 66, 1, 1, 1
38, 5, 1265, 585, 76, 64, 1, 1, 1
39, 5, 1278, 589, 81, 65, 1, 1, 1
40, 5, 1290, 595, 65, 65, 1, 1, 1
41, 5, 1303, 603, 80, 66, 1, 1, 1
42, 5, 1328, 611, 70, 65, 1, 1, 1
43, 5, 1333, 614, 85, 67, 1, 1, 1
44, 5, 1359, 619, 80, 66, 1, 1, 1
45, 5, 1377, 623, 78, 63, 1, 1, 1
46, 5, 1385, 628, 77, 62, 1, 1, 1
47, 5, 1391, 631, 74, 64, 1, 1, 1
48, 5, 1406, 634, 72, 63, 1, 1, 1
49, 5, 1405, 631, 80, 65, 1, 1, 1
50, 5, 1413, 646, 76, 63, 1, 1, 1
51, 5, 1403, 650, 72, 65, 1, 1, 1
52, 5, 1391, 659, 78, 65, 1, 1, 1
53, 5, 1379, 665, 73, 65, 1, 1, 1
54, 5, 1365, 669, 78, 62, 1, 1, 1
55, 5, 1366, 673, 82, 64, 1, 1, 1
