254, 9, 1694, 938, 144, 56, 1, 1, 1
255, 9, 1669, 824, 230, 170, 1, 1, 1
256, 9, 1614, 810, 279, 183, 1, 1, 1
257, 9, 1412, 857, 508, 137, 1, 1, 1
258, 9, 1303, 866, 588, 128, 1, 1, 1
259, 9, 1383, 798, 506, 196, 1, 1, 1
260, 9, 1386, 793, 511, 201, 1, 1, 1
261, 9, 1384, 796, 508, 198, 1, 1, 1
262, 9, 1459, 846, 442, 148, 1, 1, 1
263, 9, 1475, 874, 391, 120, 1, 1, 1
264, 9, 1479, 879, 386, 115, 1, 1, 1
265, 9, 1520, 857, 331, 137, 1, 1, 1
266, 9, 1563, 837, 302, 157, 1, 1, 1
267, 9, 1582, 864, 286, 130, 1, 1, 1
268, 9, 1615, 863, 289, 131, 1, 1, 1
269, 9, 1620, 883, 291, 110, 1, 1, 1
270, 9, 1611, 892, 287, 101, 1, 1, 1
271, 9, 1609, 895, 285, 99, 1, 1, 1
272, 9, 1607, 883, 285, 111, 1, 1, 1
273, 9, 1628, 850, 292, 143, 1, 1, 1
274, 9, 1671, 816, 249, 178, 1, 1, 1
275, 9, 1695, 806, 225, 188, 1, 1, 1
276, 9, 1747, 825, 173, 168, 1, 1, 1
277, 9, 1710, 823, 210, 170, 1, 1, 1
278, 9, 1644, 726, 276, 268, 1, 1, 1
279, 9, 1503, 714, 401, 279, 1, 1, 1
280, 9, 1515, 716, 379, 278, 1, 1, 1
281, 9, 1499, 724, 390, 270, 1, 1, 1
282, 9, 1478, 722, 399, 272, 1, 1, 1
283, 9, 1523, 809, 368, 185, 1, 1, 1
284, 9, 1489, 822, 408, 172, 1, 1, 1
285, 9, 1337, 856, 583, 138, 1, 1, 1
286, 9, 1236, 878, 684, 116, 1, 1, 1
287, 9, 1155, 841, 723, 153, 1, 1, 1
288, 9, 1135, 796, 684, 198, 1, 1, 1
289, 9, 1207, 793, 625, 201, 1, 1, 1
290, 9, 1309, 806, 564, 188, 1, 1, 1
291, 9, 1414, 836, 485, 158, 1, 1, 1
292, 9, 1472, 867, 413, 127, 1, 1, 1
293, 9, 1490, 839, 380, 154, 1, 1, 1
294, 9, 1516, 779, 331, 215, 1, 1, 1
295, 9, 1557, 761, 284, 233, 1, 1, 1
296, 9, 1564, 749, 318, 244, 1, 1, 1
297, 9, 1575, 747, 313, 247, 1, 1, 1
298, 9, 1588, 731, 308, 263, 1, 1, 1
299, 9, 1612, 763, 308, 231, 1, 1, 1
300, 9, 1684, 770, 236, 223, 1, 1, 1
