1, 1, 175, 47, 419, 315, 1, 1, 1
2, 1, 191, 67, 429, 295, 1, 1, 1
3, 1, 196, 62, 436, 300, 1, 1, 1
4, 1, 197, 48, 442, 314, 1, 1, 1
5, 1, 194, 44, 445, 318, 1, 1, 1
6, 1, 194, 44, 435, 318, 1, 1, 1
7, 1, 190, 24, 431, 337, 1, 1, 1
8, 1, 186, 20, 430, 342, 1, 1, 1
9, 1, 187, 15, 435, 347, 1, 1, 1
10, 1, 202, 16, 437, 346, 1, 1, 1
11, 1, 219, 31, 421, 331, 1, 1, 1
12, 1, 240, 32, 400, 329, 1, 1, 1
13, 1, 268, 26, 372, 333, 1, 1, 1
14, 1, 281, 23, 359, 330, 1, 1, 1
15, 1, 281, 16, 359, 328, 1, 1, 1
16, 1, 268, 14, 372, 330, 1, 1, 1
17, 1, 265, 13, 375, 326, 1, 1, 1
18, 1, 264, 10, 376, 328, 1, 1, 1
19, 1, 267, 10, 373, 331, 1, 1, 1
