2, 8, 180, 96, 21, 14, 1, 1, 1
3, 8, 167, 96, 35, 16, 1, 1, 1
4, 8, 162, 96, 33, 21, 1, 1, 1
5, 8, 154, 96, 35, 25, 1, 1, 1
6, 8, 161, 96, 43, 26, 1, 1, 1
7, 8, 182, 95, 45, 27, 1, 1, 1
8, 8, 176, 93, 50, 32, 1, 1, 1
9, 8, 162, 93, 67, 34, 1, 1, 1
10, 8, 152, 93, 84, 35, 1, 1, 1
11, 8, 150, 92, 92, 39, 1, 1, 1
12, 8, 152, 91, 80, 43, 1, 1, 1
13, 8, 155, 92, 63, 44, 1, 1, 1
14, 8, 124, 91, 66, 45, 1, 1, 1
15, 8, 71, 91, 91, 47, 1, 1, 1
16, 8, 54, 91, 106, 46, 1, 1, 1
17, 8, 40, 91, 115, 48, 1, 1, 1
18, 8, 14, 91, 119, 53, 1, 1, 1
