126, 3, 249, 515, 223, 552, 1, 1, 1
127, 3, 191, 458, 307, 610, 1, 1, 1
128, 3, 263, 410, 249, 605, 1, 1, 1
129, 3, 359, 370, 160, 588, 1, 1, 1
130, 3, 360, 350, 140, 561, 1, 1, 1
131, 3, 356, 331, 134, 530, 1, 1, 1
132, 3, 359, 290, 127, 472, 1, 1, 1
133, 3, 353, 255, 132, 445, 1, 1, 1
134, 3, 341, 234, 155, 439, 1, 1, 1
135, 3, 334, 204, 172, 441, 1, 1, 1
136, 3, 332, 182, 164, 427, 1, 1, 1
137, 3, 327, 163, 167, 412, 1, 1, 1
138, 3, 330, 154, 171, 393, 1, 1, 1
139, 3, 357, 141, 173, 370, 1, 1, 1
140, 3, 359, 117, 134, 361, 1, 1, 1
141, 3, 368, 86, 95, 301, 1, 1, 1
142, 3, 372, 53, 87, 332, 1, 1, 1
143, 3, 370, 16, 88, 344, 1, 1, 1
144, 3, 372, 0, 97, 265, 1, 1, 1
145, 3, 405, 0, 100, 161, 1, 1, 1
146, 3, 434, 0, 108, 144, 1, 1, 1
