29, 2, 939, 431, 278, 612, 1, 1, 1
30, 2, 935, 400, 297, 638, 1, 1, 1
31, 2, 935, 425, 356, 614, 1, 1, 1
32, 2, 938, 452, 426, 588, 1, 1, 1
33, 2, 934, 624, 657, 350, 1, 1, 1
34, 2, 943, 556, 937, 482, 1, 1, 1
35, 2, 1229, 420, 691, 614, 1, 1, 1
36, 2, 1489, 320, 431, 682, 1, 1, 1
37, 2, 1734, 289, 186, 663, 1, 1, 1
38, 2, 1663, 262, 257, 598, 1, 1, 1
39, 2, 1563, 226, 357, 529, 1, 1, 1
40, 2, 1491, 208, 428, 512, 1, 1, 1
41, 2, 1388, 269, 532, 443, 1, 1, 1
42, 2, 1361, 273, 510, 428, 1, 1, 1
43, 2, 1290, 389, 559, 312, 1, 1, 1
44, 2, 1324, 399, 528, 340, 1, 1, 1
45, 2, 1346, 383, 475, 411, 1, 1, 1
46, 2, 1353, 386, 369, 460, 1, 1, 1
47, 2, 1356, 450, 314, 495, 1, 1, 1
48, 2, 1268, 454, 511, 520, 1, 1, 1
49, 2, 1127, 441, 709, 595, 1, 1, 1
50, 2, 1132, 441, 754, 598, 1, 1, 1
51, 2, 1069, 542, 850, 498, 1, 1, 1
52, 2, 1080, 540, 820, 490, 1, 1, 1
53, 2, 1034, 580, 775, 454, 1, 1, 1
54, 2, 1050, 677, 675, 355, 1, 1, 1
55, 2, 1051, 545, 382, 409, 1, 1, 1
56, 2, 961, 344, 285, 518, 1, 1, 1
57, 2, 979, 328, 375, 513, 1, 1, 1
58, 2, 1009, 304, 496, 427, 1, 1, 1
59, 2, 986, 303, 518, 368, 1, 1, 1
60, 2, 970, 310, 384, 318, 1, 1, 1
61, 2, 991, 422, 296, 356, 1, 1, 1
62, 2, 994, 452, 242, 432, 1, 1, 1
63, 2, 962, 423, 401, 547, 1, 1, 1
64, 2, 959, 417, 664, 624, 1, 1, 1
65, 2, 1118, 377, 712, 658, 1, 1, 1
66, 2, 1445, 346, 475, 696, 1, 1, 1
67, 2, 1698, 597, 221, 445, 1, 1, 1
68, 2, 1729, 668, 191, 365, 1, 1, 1
69, 2, 1721, 691, 199, 356, 1, 1, 1
70, 2, 1716, 691, 204, 349, 1, 1, 1
71, 2, 1714, 684, 206, 359, 1, 1, 1
72, 2, 1817, 608, 103, 393, 1, 1, 1
73, 2, 1815, 357, 105, 685, 1, 1, 1
74, 2, 1723, 356, 197, 503, 1, 1, 1
75, 2, 1603, 285, 317, 510, 1, 1, 1
76, 2, 1471, 248, 449, 484, 1, 1, 1
77, 2, 1361, 251, 479, 455, 1, 1, 1
78, 2, 1225, 280, 562, 426, 1, 1, 1
79, 2, 1161, 295, 269, 418, 1, 1, 1
80, 2, 1074, 311, 301, 440, 1, 1, 1
81, 2, 1028, 304, 333, 444, 1, 1, 1
82, 2, 948, 324, 362, 454, 1, 1, 1
83, 2, 923, 351, 325, 425, 1, 1, 1
84, 2, 953, 463, 196, 326, 1, 1, 1
85, 2, 1054, 440, 233, 380, 1, 1, 1
86, 2, 1104, 453, 272, 477, 1, 1, 1
87, 2, 1126, 432, 274, 521, 1, 1, 1
88, 2, 1151, 462, 291, 493, 1, 1, 1
89, 2, 1158, 483, 281, 473, 1, 1, 1
90, 2, 1086, 557, 313, 395, 1, 1, 1
91, 2, 1090, 611, 383, 327, 1, 1, 1
92, 2, 1082, 505, 343, 418, 1, 1, 1
93, 2, 1086, 467, 342, 441, 1, 1, 1
94, 2, 1081, 436, 320, 469, 1, 1, 1
95, 2, 1043, 483, 334, 430, 1, 1, 1
96, 2, 1047, 624, 305, 294, 1, 1, 1
97, 2, 1036, 575, 294, 349, 1, 1, 1
98, 2, 1024, 544, 287, 386, 1, 1, 1
99, 2, 1039, 537, 290, 389, 1, 1, 1
100, 2, 1062, 527, 302, 393, 1, 1, 1
101, 2, 1087, 525, 307, 401, 1, 1, 1
102, 2, 1127, 529, 281, 400, 1, 1, 1
103, 2, 1122, 566, 295, 377, 1, 1, 1
104, 2, 1090, 600, 269, 372, 1, 1, 1
105, 2, 1027, 626, 274, 355, 1, 1, 1
106, 2, 1008, 651, 279, 329, 1, 1, 1
107, 2, 976, 640, 282, 335, 1, 1, 1
108, 2, 949, 633, 283, 336, 1, 1, 1
109, 2, 942, 626, 282, 335, 1, 1, 1
110, 2, 943, 607, 284, 348, 1, 1, 1
111, 2, 981, 547, 254, 413, 1, 1, 1
112, 2, 983, 438, 364, 529, 1, 1, 1
113, 2, 875, 425, 494, 561, 1, 1, 1
114, 2, 872, 428, 493, 557, 1, 1, 1
115, 2, 881, 442, 413, 551, 1, 1, 1
116, 2, 885, 442, 391, 554, 1, 1, 1
117, 2, 896, 432, 383, 562, 1, 1, 1
118, 2, 890, 546, 359, 435, 1, 1, 1
119, 2, 887, 552, 360, 426, 1, 1, 1
120, 2, 885, 571, 364, 403, 1, 1, 1
121, 2, 859, 540, 415, 432, 1, 1, 1
122, 2, 874, 547, 397, 423, 1, 1, 1
123, 2, 914, 535, 362, 435, 1, 1, 1
124, 2, 928, 550, 371, 425, 1, 1, 1
125, 2, 936, 558, 372, 418, 1, 1, 1
126, 2, 942, 575, 369, 400, 1, 1, 1
127, 2, 940, 570, 367, 397, 1, 1, 1
128, 2, 947, 518, 362, 444, 1, 1, 1
129, 2, 951, 513, 360, 449, 1, 1, 1
130, 2, 952, 508, 364, 447, 1, 1, 1
131, 2, 950, 525, 362, 425, 1, 1, 1
132, 2, 946, 550, 363, 394, 1, 1, 1
133, 2, 938, 616, 370, 326, 1, 1, 1
134, 2, 932, 591, 399, 349, 1, 1, 1
135, 2, 920, 602, 439, 331, 1, 1, 1
136, 2, 921, 559, 496, 370, 1, 1, 1
137, 2, 960, 503, 470, 420, 1, 1, 1
138, 2, 994, 480, 446, 441, 1, 1, 1
139, 2, 1032, 439, 436, 481, 1, 1, 1
140, 2, 1055, 443, 435, 487, 1, 1, 1
141, 2, 1066, 604, 429, 326, 1, 1, 1
142, 2, 1065, 606, 435, 324, 1, 1, 1
143, 2, 1050, 509, 440, 417, 1, 1, 1
144, 2, 1053, 586, 435, 341, 1, 1, 1
145, 2, 1038, 489, 388, 422, 1, 1, 1
146, 2, 1122, 363, 218, 452, 1, 1, 1
147, 2, 1021, 155, 518, 467, 1, 1, 1
148, 2, 1171, 255, 595, 444, 1, 1, 1
149, 2, 1299, 308, 554, 390, 1, 1, 1
150, 2, 1440, 454, 480, 410, 1, 1, 1
151, 2, 1749, 498, 171, 346, 1, 1, 1
152, 2, 1626, 437, 294, 409, 1, 1, 1
153, 2, 1137, 429, 775, 529, 1, 1, 1
154, 2, 875, 406, 755, 610, 1, 1, 1
155, 2, 811, 353, 727, 609, 1, 1, 1
156, 2, 805, 391, 721, 591, 1, 1, 1
157, 2, 873, 488, 742, 496, 1, 1, 1
158, 2, 990, 437, 742, 573, 1, 1, 1
159, 2, 1133, 370, 786, 710, 1, 1, 1
160, 2, 1188, 400, 732, 662, 1, 1, 1
