38, 3, 645, 189, 219, 180, 1, 1, 1
39, 3, 621, 187, 237, 181, 1, 1, 1
40, 3, 626, 185, 229, 183, 1, 1, 1
41, 3, 619, 183, 216, 167, 1, 1, 1
42, 3, 611, 185, 207, 166, 1, 1, 1
43, 3, 602, 189, 200, 164, 1, 1, 1
44, 3, 601, 188, 182, 170, 1, 1, 1
45, 3, 599, 188, 178, 177, 1, 1, 1
46, 3, 601, 187, 161, 178, 1, 1, 1
47, 3, 599, 190, 146, 158, 1, 1, 1
48, 3, 590, 184, 141, 178, 1, 1, 1
49, 3, 588, 181, 125, 190, 1, 1, 1
50, 3, 589, 178, 114, 188, 1, 1, 1
51, 3, 587, 179, 111, 188, 1, 1, 1
52, 3, 571, 180, 123, 205, 1, 1, 1
53, 3, 559, 180, 125, 205, 1, 1, 1
54, 3, 552, 179, 128, 205, 1, 1, 1
55, 3, 555, 172, 126, 210, 1, 1, 1
56, 3, 558, 169, 126, 216, 1, 1, 1
57, 3, 557, 171, 126, 212, 1, 1, 1
58, 3, 555, 171, 125, 214, 1, 1, 1
59, 3, 555, 172, 126, 209, 1, 1, 1
60, 3, 562, 170, 123, 212, 1, 1, 1
61, 3, 569, 171, 124, 212, 1, 1, 1
62, 3, 573, 171, 122, 210, 1, 1, 1
63, 3, 571, 176, 118, 209, 1, 1, 1
64, 3, 555, 176, 118, 210, 1, 1, 1
65, 3, 541, 180, 117, 213, 1, 1, 1
66, 3, 532, 181, 117, 212, 1, 1, 1
67, 3, 526, 176, 118, 211, 1, 1, 1
68, 3, 521, 177, 118, 208, 1, 1, 1
69, 3, 523, 179, 118, 209, 1, 1, 1
70, 3, 521, 179, 118, 209, 1, 1, 1
71, 3, 521, 176, 116, 210, 1, 1, 1
72, 3, 520, 178, 115, 213, 1, 1, 1
73, 3, 519, 180, 113, 213, 1, 1, 1
74, 3, 523, 179, 110, 214, 1, 1, 1
75, 3, 521, 181, 111, 213, 1, 1, 1
76, 3, 521, 183, 115, 212, 1, 1, 1
77, 3, 525, 185, 118, 212, 1, 1, 1
78, 3, 525, 187, 120, 211, 1, 1, 1
79, 3, 526, 189, 118, 211, 1, 1, 1
80, 3, 529, 190, 116, 210, 1, 1, 1
81, 3, 533, 190, 116, 210, 1, 1, 1
82, 3, 534, 192, 114, 210, 1, 1, 1
83, 3, 534, 194, 116, 210, 1, 1, 1
84, 3, 535, 195, 116, 211, 1, 1, 1
85, 3, 538, 195, 114, 208, 1, 1, 1
86, 3, 540, 195, 114, 211, 1, 1, 1
87, 3, 543, 197, 114, 209, 1, 1, 1
88, 3, 544, 198, 114, 209, 1, 1, 1
89, 3, 539, 200, 115, 209, 1, 1, 1
90, 3, 531, 203, 114, 210, 1, 1, 1
91, 3, 514, 207, 113, 210, 1, 1, 1
92, 3, 493, 211, 116, 212, 1, 1, 1
93, 3, 478, 212, 111, 212, 1, 1, 1
94, 3, 468, 208, 110, 215, 1, 1, 1
95, 3, 460, 209, 110, 213, 1, 1, 1
96, 3, 459, 212, 107, 212, 1, 1, 1
97, 3, 460, 213, 107, 213, 1, 1, 1
98, 3, 465, 215, 108, 212, 1, 1, 1
99, 3, 470, 220, 107, 211, 1, 1, 1
100, 3, 470, 225, 107, 209, 1, 1, 1
101, 3, 471, 230, 106, 209, 1, 1, 1
102, 3, 470, 231, 106, 207, 1, 1, 1
103, 3, 473, 233, 111, 206, 1, 1, 1
104, 3, 478, 234, 109, 207, 1, 1, 1
