1, 1, 451, 107, 596, 794, 1, 1, 1
2, 1, 228, 163, 874, 754, 1, 1, 1
3, 1, 83, 118, 934, 793, 1, 1, 1
4, 1, 151, 145, 869, 771, 1, 1, 1
5, 1, 152, 138, 747, 663, 1, 1, 1
6, 1, 554, 0, 381, 874, 1, 1, 1
7, 1, 563, 0, 406, 1052, 1, 1, 1
8, 1, 458, 0, 666, 982, 1, 1, 1
9, 1, 556, 1, 533, 1012, 1, 1, 1
10, 1, 568, 190, 566, 827, 1, 1, 1
11, 1, 519, 352, 477, 698, 1, 1, 1
12, 1, 353, 393, 607, 643, 1, 1, 1
13, 1, 0, 256, 868, 824, 1, 1, 1
14, 1, 145, 302, 699, 778, 1, 1, 1
15, 1, 123, 364, 642, 716, 1, 1, 1
16, 1, 83, 500, 754, 580, 1, 1, 1
17, 1, 183, 524, 898, 556, 1, 1, 1
18, 1, 290, 540, 815, 540, 1, 1, 1
19, 1, 328, 454, 729, 626, 1, 1, 1
20, 1, 319, 263, 733, 817, 1, 1, 1
21, 1, 301, 60, 776, 1020, 1, 1, 1
22, 1, 299, 94, 912, 986, 1, 1, 1
23, 1, 289, 188, 1012, 891, 1, 1, 1
24, 1, 455, 262, 1011, 818, 1, 1, 1
25, 1, 292, 267, 1324, 752, 1, 1, 1
26, 1, 297, 315, 1367, 707, 1, 1, 1
27, 1, 389, 151, 1376, 866, 1, 1, 1
28, 1, 747, 138, 1082, 941, 1, 1, 1
29, 1, 576, 308, 1161, 771, 1, 1, 1
30, 1, 447, 306, 1414, 774, 1, 1, 1
31, 1, 797, 343, 1107, 737, 1, 1, 1
32, 1, 727, 226, 717, 854, 1, 1, 1
33, 1, 329, 242, 1064, 838, 1, 1, 1
34, 1, 402, 103, 839, 977, 1, 1, 1
35, 1, 424, 0, 794, 1079, 1, 1, 1
36, 1, 416, 0, 649, 1080, 1, 1, 1
37, 1, 393, 0, 695, 1079, 1, 1, 1
38, 1, 351, 59, 477, 1021, 1, 1, 1
39, 1, 174, 0, 559, 1080, 1, 1, 1
40, 1, 0, 30, 680, 1050, 1, 1, 1
41, 1, 0, 0, 861, 1080, 1, 1, 1
42, 1, 0, 0, 1153, 1080, 1, 1, 1
43, 1, 168, 0, 951, 848, 1, 1, 1
44, 1, 423, 0, 563, 250, 1, 1, 1
45, 1, 454, 0, 446, 212, 1, 1, 1
46, 1, 462, 0, 421, 202, 1, 1, 1
47, 1, 474, 0, 472, 182, 1, 1, 1
48, 1, 490, 22, 357, 692, 1, 1, 1
1, 2, 640, 82, 516, 582, 1, 1, 1
2, 2, 658, 112, 590, 551, 1, 1, 1
3, 2, 669, 147, 536, 524, 1, 1, 1
4, 2, 773, 157, 432, 474, 1, 1, 1
5, 2, 596, 75, 693, 551, 1, 1, 1
6, 2, 647, 28, 830, 581, 1, 1, 1
7, 2, 717, 27, 578, 598, 1, 1, 1
8, 2, 792, 18, 450, 623, 1, 1, 1
9, 2, 794, 111, 435, 609, 1, 1, 1
10, 2, 709, 148, 391, 568, 1, 1, 1
11, 2, 646, 246, 404, 661, 1, 1, 1
12, 2, 508, 264, 494, 650, 1, 1, 1
13, 2, 550, 268, 439, 591, 1, 1, 1
14, 2, 558, 274, 341, 648, 1, 1, 1
15, 2, 489, 314, 449, 617, 1, 1, 1
16, 2, 551, 332, 429, 636, 1, 1, 1
17, 2, 697, 294, 402, 624, 1, 1, 1
18, 2, 715, 336, 664, 567, 1, 1, 1
19, 2, 641, 282, 721, 609, 1, 1, 1
20, 2, 762, 191, 611, 681, 1, 1, 1
21, 2, 819, 37, 584, 784, 1, 1, 1
22, 2, 839, 0, 572, 611, 1, 1, 1
23, 2, 753, 0, 665, 604, 1, 1, 1
24, 2, 882, 0, 793, 605, 1, 1, 1
25, 2, 925, 98, 593, 598, 1, 1, 1
26, 2, 923, 136, 610, 649, 1, 1, 1
27, 2, 980, 102, 575, 691, 1, 1, 1
28, 2, 744, 165, 825, 627, 1, 1, 1
29, 2, 744, 122, 1149, 830, 1, 1, 1
30, 2, 921, 226, 947, 835, 1, 1, 1
31, 2, 977, 239, 943, 607, 1, 1, 1
32, 2, 1221, 249, 697, 831, 1, 1, 1
33, 2, 1108, 168, 810, 912, 1, 1, 1
34, 2, 1040, 1, 880, 1079, 1, 1, 1
35, 2, 942, 0, 978, 1079, 1, 1, 1
36, 2, 843, 0, 1077, 1080, 1, 1, 1
37, 2, 554, 0, 1366, 1080, 1, 1, 1
38, 2, 416, 0, 1504, 1080, 1, 1, 1
39, 2, 157, 98, 1763, 981, 1, 1, 1
40, 2, 80, 133, 1840, 947, 1, 1, 1
41, 2, 0, 110, 1919, 970, 1, 1, 1
42, 2, 39, 115, 1880, 965, 1, 1, 1
43, 2, 288, 82, 1632, 998, 1, 1, 1
44, 2, 342, 50, 1578, 1030, 1, 1, 1
45, 2, 336, 13, 1438, 1067, 1, 1, 1
46, 2, 422, 14, 1289, 1066, 1, 1, 1
47, 2, 430, 38, 1490, 1041, 1, 1, 1
48, 2, 446, 61, 1439, 1019, 1, 1, 1
