1, 1, 1041, 258, 177, 160, 1, 1, 1
2, 1, 1037, 267, 183, 143, 1, 1, 1
3, 1, 1046, 257, 182, 148, 1, 1, 1
4, 1, 1074, 254, 165, 147, 1, 1, 1
5, 1, 1085, 263, 177, 137, 1, 1, 1
6, 1, 1096, 261, 162, 136, 1, 1, 1
7, 1, 1099, 240, 139, 153, 1, 1, 1
8, 1, 1159, 232, 90, 158, 1, 1, 1
9, 1, 1180, 224, 82, 168, 1, 1, 1
10, 1, 1183, 220, 83, 166, 1, 1, 1
11, 1, 1187, 216, 72, 166, 1, 1, 1
12, 1, 1190, 215, 68, 166, 1, 1, 1
13, 1, 1206, 220, 72, 159, 1, 1, 1
14, 1, 1223, 216, 69, 161, 1, 1, 1
15, 1, 1222, 214, 66, 163, 1, 1, 1
16, 1, 1225, 217, 66, 156, 1, 1, 1
17, 1, 1233, 217, 74, 152, 1, 1, 1
18, 1, 1246, 216, 64, 152, 1, 1, 1
19, 1, 1237, 217, 65, 151, 1, 1, 1
20, 1, 1238, 221, 65, 148, 1, 1, 1
21, 1, 1247, 225, 76, 143, 1, 1, 1
22, 1, 1259, 225, 65, 141, 1, 1, 1
23, 1, 1253, 224, 64, 133, 1, 1, 1
24, 1, 1253, 226, 61, 122, 1, 1, 1
25, 1, 1258, 228, 65, 114, 1, 1, 1
26, 1, 1249, 219, 63, 119, 1, 1, 1
27, 1, 1244, 217, 64, 115, 1, 1, 1
28, 1, 1251, 208, 62, 121, 1, 1, 1
29, 1, 1244, 204, 60, 120, 1, 1, 1
30, 1, 1240, 201, 59, 121, 1, 1, 1
31, 1, 1249, 197, 58, 123, 1, 1, 1
32, 1, 1255, 195, 60, 122, 1, 1, 1
33, 1, 1249, 197, 62, 119, 1, 1, 1
