33, 3, 203, 346, 155, 133, 1, 1, 1
34, 3, 206, 348, 160, 133, 1, 1, 1
35, 3, 208, 349, 161, 129, 1, 1, 1
36, 3, 210, 351, 159, 129, 1, 1, 1
37, 3, 220, 348, 152, 132, 1, 1, 1
38, 3, 224, 352, 147, 134, 1, 1, 1
39, 3, 229, 355, 145, 132, 1, 1, 1
40, 3, 230, 356, 144, 131, 1, 1, 1
41, 3, 231, 354, 144, 129, 1, 1, 1
42, 3, 234, 352, 143, 129, 1, 1, 1
43, 3, 238, 351, 143, 131, 1, 1, 1
44, 3, 237, 351, 141, 132, 1, 1, 1
45, 3, 235, 348, 142, 133, 1, 1, 1
46, 3, 231, 348, 144, 131, 1, 1, 1
47, 3, 234, 346, 140, 129, 1, 1, 1
48, 3, 231, 347, 141, 129, 1, 1, 1
49, 3, 233, 344, 141, 129, 1, 1, 1
50, 3, 238, 343, 139, 129, 1, 1, 1
51, 3, 238, 349, 138, 129, 1, 1, 1
52, 3, 236, 350, 140, 129, 1, 1, 1
32, 6, 375, 246, 90, 79, 1, 1, 1
33, 6, 386, 247, 85, 83, 1, 1, 1
34, 6, 391, 249, 85, 84, 1, 1, 1
35, 6, 390, 247, 88, 83, 1, 1, 1
36, 6, 396, 249, 85, 82, 1, 1, 1
37, 6, 393, 252, 85, 78, 1, 1, 1
38, 6, 394, 253, 84, 83, 1, 1, 1
39, 6, 397, 255, 85, 82, 1, 1, 1
40, 6, 398, 256, 84, 82, 1, 1, 1
41, 6, 396, 252, 87, 82, 1, 1, 1
42, 6, 393, 252, 92, 81, 1, 1, 1
43, 6, 397, 253, 93, 80, 1, 1, 1
44, 6, 396, 254, 92, 80, 1, 1, 1
45, 6, 395, 254, 93, 79, 1, 1, 1
46, 6, 394, 252, 92, 77, 1, 1, 1
47, 6, 394, 248, 92, 80, 1, 1, 1
48, 6, 392, 246, 91, 82, 1, 1, 1
49, 6, 393, 247, 92, 79, 1, 1, 1
50, 6, 398, 246, 93, 79, 1, 1, 1
51, 6, 398, 252, 92, 78, 1, 1, 1
52, 6, 398, 252, 91, 78, 1, 1, 1
53, 6, 393, 249, 92, 82, 1, 1, 1
54, 6, 384, 253, 92, 80, 1, 1, 1
55, 6, 372, 249, 91, 83, 1, 1, 1
56, 6, 367, 245, 92, 80, 1, 1, 1
57, 6, 362, 245, 90, 82, 1, 1, 1
58, 6, 352, 252, 94, 81, 1, 1, 1
59, 6, 343, 251, 96, 82, 1, 1, 1
60, 6, 331, 250, 97, 87, 1, 1, 1
61, 6, 331, 250, 91, 87, 1, 1, 1
62, 6, 327, 255, 90, 81, 1, 1, 1
63, 6, 325, 255, 89, 81, 1, 1, 1
64, 6, 322, 257, 89, 82, 1, 1, 1
34, 2, 560, 255, 65, 55, 1, 1, 1
35, 2, 564, 251, 66, 55, 1, 1, 1
36, 2, 566, 250, 63, 58, 1, 1, 1
37, 2, 563, 250, 65, 59, 1, 1, 1
38, 2, 562, 255, 64, 59, 1, 1, 1
39, 2, 566, 256, 67, 58, 1, 1, 1
40, 2, 566, 256, 67, 60, 1, 1, 1
41, 2, 566, 253, 67, 60, 1, 1, 1
42, 2, 569, 252, 67, 58, 1, 1, 1
43, 2, 573, 252, 67, 59, 1, 1, 1
44, 2, 574, 253, 65, 59, 1, 1, 1
45, 2, 577, 253, 62, 59, 1, 1, 1
46, 2, 578, 250, 59, 59, 1, 1, 1
47, 2, 580, 249, 56, 57, 1, 1, 1
48, 2, 579, 249, 56, 57, 1, 1, 1
49, 2, 577, 248, 61, 58, 1, 1, 1
50, 2, 581, 247, 59, 59, 1, 1, 1
51, 2, 579, 251, 62, 59, 1, 1, 1
85, 3, 807, 283, 79, 98, 1, 1, 1
86, 3, 804, 287, 82, 96, 1, 1, 1
87, 3, 802, 286, 82, 98, 1, 1, 1
88, 3, 804, 286, 81, 96, 1, 1, 1
89, 3, 806, 286, 80, 95, 1, 1, 1
90, 3, 803, 288, 80, 94, 1, 1, 1
91, 3, 803, 291, 80, 94, 1, 1, 1
92, 3, 804, 295, 80, 94, 1, 1, 1
93, 3, 806, 294, 81, 94, 1, 1, 1
94, 3, 803, 291, 81, 95, 1, 1, 1
95, 3, 801, 293, 81, 94, 1, 1, 1
96, 3, 803, 293, 83, 95, 1, 1, 1
97, 3, 796, 294, 82, 94, 1, 1, 1
98, 3, 795, 294, 85, 94, 1, 1, 1
99, 3, 791, 294, 81, 94, 1, 1, 1
100, 3, 790, 295, 84, 95, 1, 1, 1
101, 3, 791, 293, 79, 95, 1, 1, 1
102, 3, 789, 293, 81, 94, 1, 1, 1
103, 3, 787, 290, 81, 95, 1, 1, 1
104, 3, 784, 291, 85, 94, 1, 1, 1
105, 3, 785, 287, 82, 97, 1, 1, 1
106, 3, 782, 292, 82, 92, 1, 1, 1
81, 6, 331, 256, 84, 77, 1, 1, 1
82, 6, 328, 253, 83, 78, 1, 1, 1
83, 6, 324, 252, 84, 79, 1, 1, 1
84, 6, 320, 253, 83, 78, 1, 1, 1
85, 6, 317, 256, 82, 77, 1, 1, 1
86, 6, 317, 256, 81, 79, 1, 1, 1
87, 6, 313, 256, 82, 78, 1, 1, 1
88, 6, 315, 255, 81, 77, 1, 1, 1
89, 6, 313, 254, 83, 76, 1, 1, 1
90, 6, 312, 254, 82, 78, 1, 1, 1
91, 6, 310, 256, 85, 78, 1, 1, 1
92, 6, 310, 258, 85, 80, 1, 1, 1
93, 6, 310, 259, 87, 78, 1, 1, 1
94, 6, 308, 256, 86, 78, 1, 1, 1
95, 6, 305, 257, 88, 79, 1, 1, 1
96, 6, 307, 259, 86, 76, 1, 1, 1
