1, 4, 360, 547, 692, 401, 1, 1, 1
2, 4, 435, 494, 642, 410, 1, 1, 1
3, 4, 399, 444, 646, 357, 1, 1, 1
4, 4, 334, 389, 708, 366, 1, 1, 1
5, 4, 238, 320, 785, 435, 1, 1, 1
6, 4, 123, 252, 896, 506, 1, 1, 1
7, 4, 0, 176, 1031, 577, 1, 1, 1
8, 4, 0, 96, 1058, 668, 1, 1, 1
9, 4, 0, 0, 1059, 825, 1, 1, 1
10, 4, 0, 0, 1031, 753, 1, 1, 1
11, 4, 0, 0, 988, 766, 1, 1, 1
12, 4, 0, 0, 949, 760, 1, 1, 1
13, 4, 0, 0, 898, 794, 1, 1, 1
14, 4, 0, 0, 865, 551, 1, 1, 1
15, 4, 0, 0, 443, 465, 1, 1, 1
1, 5, 721, 685, 214, 99, 1, 1, 1
2, 5, 705, 665, 212, 97, 1, 1, 1
3, 5, 582, 635, 329, 112, 1, 1, 1
4, 5, 581, 558, 444, 180, 1, 1, 1
5, 5, 552, 609, 409, 130, 1, 1, 1
6, 5, 578, 590, 449, 158, 1, 1, 1
7, 5, 576, 576, 467, 257, 1, 1, 1
8, 5, 540, 575, 485, 315, 1, 1, 1
9, 5, 490, 570, 556, 336, 1, 1, 1
10, 5, 427, 525, 644, 404, 1, 1, 1
11, 5, 341, 442, 742, 498, 1, 1, 1
12, 5, 235, 356, 852, 576, 1, 1, 1
13, 5, 90, 282, 995, 657, 1, 1, 1
14, 5, 0, 241, 1084, 731, 1, 1, 1
15, 5, 0, 384, 1059, 587, 1, 1, 1
16, 5, 0, 384, 1020, 588, 1, 1, 1
17, 5, 0, 299, 956, 472, 1, 1, 1
18, 5, 0, 187, 930, 554, 1, 1, 1
19, 5, 0, 52, 868, 656, 1, 1, 1
20, 5, 0, 0, 760, 649, 1, 1, 1
21, 5, 0, 0, 630, 578, 1, 1, 1
22, 5, 0, 0, 489, 472, 1, 1, 1
23, 5, 0, 1, 308, 178, 1, 1, 1
