45, 2, 662, 459, 1043, 621, 1, 1, 1
46, 2, 661, 473, 992, 607, 1, 1, 1
47, 2, 657, 471, 849, 609, 1, 1, 1
48, 2, 676, 474, 697, 606, 1, 1, 1
49, 2, 681, 478, 531, 602, 1, 1, 1
50, 2, 667, 478, 544, 602, 1, 1, 1
51, 2, 720, 483, 477, 597, 1, 1, 1
52, 2, 650, 486, 527, 594, 1, 1, 1
53, 2, 645, 482, 520, 598, 1, 1, 1
14, 1, 196, 352, 1073, 728, 1, 1, 1
15, 1, 310, 504, 909, 576, 1, 1, 1
16, 1, 322, 509, 595, 571, 1, 1, 1
17, 1, 283, 506, 867, 574, 1, 1, 1
18, 1, 251, 555, 873, 525, 1, 1, 1
19, 1, 253, 523, 917, 557, 1, 1, 1
20, 1, 295, 489, 900, 591, 1, 1, 1
21, 1, 287, 472, 911, 606, 1, 1, 1
