7, 1, 350, 0, 152, 156, 1, 1, 1
8, 1, 310, 0, 189, 161, 1, 1, 1
9, 1, 362, 0, 112, 166, 1, 1, 1
10, 1, 356, 0, 116, 164, 1, 1, 1
11, 1, 342, 0, 124, 165, 1, 1, 1
12, 1, 355, 0, 118, 163, 1, 1, 1
13, 1, 352, 0, 121, 163, 1, 1, 1
14, 1, 353, 0, 112, 164, 1, 1, 1
15, 1, 349, 0, 127, 164, 1, 1, 1
16, 1, 350, 0, 130, 165, 1, 1, 1
17, 1, 348, 10, 124, 164, 1, 1, 1
18, 1, 341, 16, 127, 162, 1, 1, 1
19, 1, 273, 11, 177, 174, 1, 1, 1
20, 1, 269, 17, 133, 170, 1, 1, 1
21, 1, 233, 11, 163, 178, 1, 1, 1
22, 1, 247, 12, 156, 173, 1, 1, 1
23, 1, 280, 11, 161, 174, 1, 1, 1
24, 1, 280, 12, 147, 174, 1, 1, 1
