1, 2, 221, 230, 196, 92, 1, 1, 1
2, 2, 229, 226, 176, 91, 1, 1, 1
3, 2, 233, 223, 163, 84, 1, 1, 1
4, 2, 239, 206, 145, 86, 1, 1, 1
5, 2, 244, 201, 140, 81, 1, 1, 1
6, 2, 251, 196, 134, 82, 1, 1, 1
7, 2, 256, 193, 136, 84, 1, 1, 1
8, 2, 269, 190, 139, 83, 1, 1, 1
9, 2, 283, 186, 134, 83, 1, 1, 1
10, 2, 300, 184, 130, 84, 1, 1, 1
11, 2, 315, 184, 127, 84, 1, 1, 1
12, 2, 332, 188, 124, 82, 1, 1, 1
13, 2, 344, 193, 129, 80, 1, 1, 1
14, 2, 363, 199, 123, 76, 1, 1, 1
15, 2, 372, 199, 132, 83, 1, 1, 1
16, 2, 377, 207, 131, 79, 1, 1, 1
17, 2, 378, 207, 124, 79, 1, 1, 1
18, 2, 381, 208, 115, 77, 1, 1, 1
19, 2, 379, 207, 110, 72, 1, 1, 1
20, 2, 371, 208, 109, 71, 1, 1, 1
21, 2, 364, 209, 108, 70, 1, 1, 1
22, 2, 359, 212, 105, 64, 1, 1, 1
23, 2, 355, 209, 104, 64, 1, 1, 1
24, 2, 353, 212, 100, 63, 1, 1, 1
25, 2, 350, 212, 100, 61, 1, 1, 1
26, 2, 349, 208, 99, 63, 1, 1, 1
27, 2, 345, 207, 99, 61, 1, 1, 1
28, 2, 340, 209, 101, 62, 1, 1, 1
29, 2, 336, 207, 103, 64, 1, 1, 1
30, 2, 333, 205, 104, 63, 1, 1, 1
31, 2, 329, 202, 102, 60, 1, 1, 1
32, 2, 322, 196, 103, 62, 1, 1, 1
33, 2, 317, 194, 100, 64, 1, 1, 1
34, 2, 318, 196, 98, 62, 1, 1, 1
35, 2, 324, 199, 97, 59, 1, 1, 1
36, 2, 335, 204, 97, 57, 1, 1, 1
37, 2, 347, 205, 97, 56, 1, 1, 1
38, 2, 358, 204, 98, 55, 1, 1, 1
39, 2, 369, 199, 94, 55, 1, 1, 1
40, 2, 375, 196, 91, 54, 1, 1, 1
