63, 2, 699, 175, 440, 314, 1, 1, 1
64, 2, 740, 158, 377, 323, 1, 1, 1
65, 2, 764, 151, 343, 310, 1, 1, 1
66, 2, 774, 150, 324, 307, 1, 1, 1
67, 2, 767, 144, 313, 309, 1, 1, 1
68, 2, 747, 159, 311, 316, 1, 1, 1
69, 2, 721, 191, 309, 318, 1, 1, 1
70, 2, 702, 214, 305, 323, 1, 1, 1
71, 2, 684, 235, 321, 332, 1, 1, 1
72, 2, 682, 263, 333, 315, 1, 1, 1
73, 2, 690, 272, 382, 331, 1, 1, 1
74, 2, 695, 279, 424, 320, 1, 1, 1
75, 2, 703, 272, 390, 334, 1, 1, 1
76, 2, 727, 271, 383, 328, 1, 1, 1
77, 2, 730, 264, 411, 334, 1, 1, 1
78, 2, 732, 263, 411, 328, 1, 1, 1
79, 2, 735, 260, 418, 328, 1, 1, 1
80, 2, 716, 253, 443, 321, 1, 1, 1
81, 2, 720, 245, 444, 326, 1, 1, 1
82, 2, 749, 242, 416, 317, 1, 1, 1
83, 2, 796, 238, 372, 328, 1, 1, 1
84, 2, 817, 236, 354, 302, 1, 1, 1
85, 2, 837, 240, 336, 313, 1, 1, 1
86, 2, 835, 237, 336, 317, 1, 1, 1
87, 2, 836, 230, 337, 315, 1, 1, 1
88, 2, 870, 219, 304, 317, 1, 1, 1
89, 2, 948, 207, 230, 304, 1, 1, 1
90, 2, 998, 198, 177, 263, 1, 1, 1
91, 2, 1039, 199, 144, 119, 1, 1, 1
92, 2, 1064, 202, 113, 91, 1, 1, 1
