47, 2, 778, 169, 502, 413, 1, 1, 1
48, 2, 678, 150, 599, 426, 1, 1, 1
49, 2, 675, 167, 530, 402, 1, 1, 1
50, 2, 627, 170, 552, 409, 1, 1, 1
51, 2, 616, 151, 526, 424, 1, 1, 1
52, 2, 704, 181, 377, 382, 1, 1, 1
53, 2, 753, 180, 301, 382, 1, 1, 1
54, 2, 829, 158, 325, 410, 1, 1, 1
55, 2, 873, 191, 245, 370, 1, 1, 1
56, 2, 893, 190, 216, 364, 1, 1, 1
57, 2, 934, 171, 206, 390, 1, 1, 1
58, 2, 919, 198, 194, 369, 1, 1, 1
59, 2, 883, 195, 230, 364, 1, 1, 1
60, 2, 825, 182, 262, 381, 1, 1, 1
61, 2, 750, 206, 324, 350, 1, 1, 1
