41, 5, 1167, 351, 129, 266, 1, 1, 1
42, 5, 1159, 310, 126, 304, 1, 1, 1
43, 5, 1122, 294, 152, 323, 1, 1, 1
44, 5, 1098, 289, 160, 328, 1, 1, 1
45, 5, 1099, 283, 145, 334, 1, 1, 1
46, 5, 1099, 281, 148, 335, 1, 1, 1
47, 5, 1088, 285, 160, 332, 1, 1, 1
48, 5, 1082, 289, 165, 330, 1, 1, 1
49, 5, 1083, 293, 168, 326, 1, 1, 1
50, 5, 1087, 288, 167, 332, 1, 1, 1
51, 5, 1091, 286, 166, 337, 1, 1, 1
52, 5, 1095, 288, 165, 338, 1, 1, 1
53, 5, 1102, 288, 161, 339, 1, 1, 1
54, 5, 1107, 299, 156, 325, 1, 1, 1
55, 5, 1119, 304, 147, 317, 1, 1, 1
56, 5, 1123, 308, 143, 314, 1, 1, 1
57, 5, 1120, 309, 146, 313, 1, 1, 1
58, 5, 1119, 308, 148, 313, 1, 1, 1
59, 5, 1121, 300, 150, 321, 1, 1, 1
60, 5, 1121, 294, 153, 329, 1, 1, 1
61, 5, 1121, 289, 152, 331, 1, 1, 1
62, 5, 1118, 285, 150, 339, 1, 1, 1
63, 5, 1115, 287, 150, 339, 1, 1, 1
64, 5, 1116, 284, 149, 340, 1, 1, 1
65, 5, 1116, 287, 148, 338, 1, 1, 1
66, 5, 1118, 291, 147, 334, 1, 1, 1
67, 5, 1116, 306, 151, 321, 1, 1, 1
68, 5, 1116, 314, 158, 313, 1, 1, 1
69, 5, 1127, 313, 154, 315, 1, 1, 1
70, 5, 1131, 312, 156, 316, 1, 1, 1
71, 5, 1135, 314, 153, 314, 1, 1, 1
72, 5, 1136, 323, 149, 307, 1, 1, 1
73, 5, 1135, 334, 141, 296, 1, 1, 1
74, 5, 1135, 347, 138, 281, 1, 1, 1
75, 5, 1135, 360, 135, 267, 1, 1, 1
76, 5, 1140, 371, 129, 227, 1, 1, 1
77, 5, 1142, 380, 128, 213, 1, 1, 1
78, 5, 1139, 386, 135, 208, 1, 1, 1
79, 5, 1135, 386, 167, 214, 1, 1, 1
