23, 3, 1036, 416, 212, 398, 1, 1, 1
24, 3, 1058, 413, 189, 378, 1, 1, 1
25, 3, 1088, 414, 151, 383, 1, 1, 1
26, 3, 1084, 391, 140, 396, 1, 1, 1
27, 3, 1088, 390, 159, 361, 1, 1, 1
28, 3, 1086, 387, 144, 365, 1, 1, 1
29, 3, 1076, 386, 170, 362, 1, 1, 1
30, 3, 1064, 380, 205, 367, 1, 1, 1
31, 3, 1062, 381, 213, 364, 1, 1, 1
32, 3, 1066, 381, 208, 364, 1, 1, 1
33, 3, 1067, 382, 203, 358, 1, 1, 1
34, 3, 1057, 397, 209, 324, 1, 1, 1
35, 3, 1044, 400, 206, 321, 1, 1, 1
36, 3, 1039, 405, 180, 324, 1, 1, 1
37, 3, 1020, 398, 170, 331, 1, 1, 1
38, 3, 1008, 384, 163, 334, 1, 1, 1
39, 3, 1001, 383, 162, 328, 1, 1, 1
40, 3, 994, 380, 161, 325, 1, 1, 1
41, 3, 991, 378, 162, 327, 1, 1, 1
42, 3, 980, 378, 168, 326, 1, 1, 1
43, 3, 961, 379, 180, 325, 1, 1, 1
6, 1, 463, 286, 162, 460, 1, 1, 1
7, 1, 464, 281, 185, 424, 1, 1, 1
8, 1, 467, 280, 311, 423, 1, 1, 1
9, 1, 469, 275, 177, 429, 1, 1, 1
10, 1, 469, 280, 209, 423, 1, 1, 1
11, 1, 481, 262, 262, 432, 1, 1, 1
12, 1, 464, 290, 265, 407, 1, 1, 1
13, 1, 456, 283, 284, 413, 1, 1, 1
14, 1, 469, 278, 268, 413, 1, 1, 1
15, 1, 511, 278, 241, 407, 1, 1, 1
16, 1, 538, 288, 298, 402, 1, 1, 1
17, 1, 544, 293, 281, 282, 1, 1, 1
18, 1, 551, 287, 262, 404, 1, 1, 1
19, 1, 589, 283, 232, 407, 1, 1, 1
20, 1, 683, 279, 196, 409, 1, 1, 1
21, 1, 698, 283, 186, 385, 1, 1, 1
22, 1, 692, 280, 195, 389, 1, 1, 1
23, 1, 696, 280, 200, 388, 1, 1, 1
24, 1, 737, 265, 185, 396, 1, 1, 1
25, 1, 756, 270, 189, 378, 1, 1, 1
26, 1, 761, 272, 207, 377, 1, 1, 1
27, 1, 765, 271, 212, 375, 1, 1, 1
28, 1, 785, 269, 198, 379, 1, 1, 1
29, 1, 811, 278, 196, 372, 1, 1, 1
30, 1, 825, 273, 243, 376, 1, 1, 1
31, 1, 836, 273, 238, 376, 1, 1, 1
