1, 1, 3, 86, 684, 411, 1, 1, 1
2, 1, 1, 81, 665, 426, 1, 1, 1
3, 1, 0, 73, 645, 435, 1, 1, 1
4, 1, 0, 61, 625, 451, 1, 1, 1
5, 1, 0, 50, 601, 467, 1, 1, 1
6, 1, 0, 35, 580, 490, 1, 1, 1
7, 1, 0, 21, 562, 444, 1, 1, 1
8, 1, 0, 4, 486, 445, 1, 1, 1
9, 1, 0, 0, 472, 434, 1, 1, 1
10, 1, 0, 0, 450, 433, 1, 1, 1
11, 1, 0, 0, 462, 434, 1, 1, 1
12, 1, 0, 0, 453, 423, 1, 1, 1
13, 1, 0, 0, 435, 431, 1, 1, 1
14, 1, 0, 0, 410, 427, 1, 1, 1
15, 1, 0, 0, 372, 425, 1, 1, 1
16, 1, 0, 0, 342, 428, 1, 1, 1
17, 1, 0, 0, 314, 413, 1, 1, 1
18, 1, 0, 0, 286, 406, 1, 1, 1
19, 1, 0, 0, 260, 392, 1, 1, 1
20, 1, 0, 0, 281, 386, 1, 1, 1
21, 1, 0, 0, 314, 365, 1, 1, 1
22, 1, 0, 0, 315, 340, 1, 1, 1
23, 1, 0, 0, 318, 324, 1, 1, 1
24, 1, 0, 0, 316, 310, 1, 1, 1
25, 1, 0, 0, 343, 295, 1, 1, 1
26, 1, 0, 0, 352, 288, 1, 1, 1
27, 1, 0, 0, 358, 279, 1, 1, 1
28, 1, 0, 0, 288, 272, 1, 1, 1
29, 1, 0, 0, 255, 270, 1, 1, 1
30, 1, 0, 0, 261, 265, 1, 1, 1
31, 1, 0, 0, 282, 260, 1, 1, 1
32, 1, 0, 0, 299, 249, 1, 1, 1
33, 1, 0, 0, 316, 237, 1, 1, 1
34, 1, 0, 0, 337, 218, 1, 1, 1
35, 1, 0, 0, 351, 222, 1, 1, 1
36, 1, 0, 0, 380, 234, 1, 1, 1
37, 1, 0, 0, 405, 241, 1, 1, 1
38, 1, 0, 0, 431, 234, 1, 1, 1
39, 1, 0, 0, 450, 234, 1, 1, 1
40, 1, 0, 0, 465, 243, 1, 1, 1
41, 1, 0, 0, 481, 249, 1, 1, 1
42, 1, 0, 0, 498, 253, 1, 1, 1
43, 1, 0, 0, 512, 257, 1, 1, 1
44, 1, 0, 0, 525, 263, 1, 1, 1
45, 1, 0, 0, 541, 272, 1, 1, 1
46, 1, 0, 0, 555, 275, 1, 1, 1
47, 1, 0, 0, 571, 284, 1, 1, 1
48, 1, 0, 0, 582, 290, 1, 1, 1
49, 1, 0, 0, 591, 296, 1, 1, 1
50, 1, 0, 0, 604, 299, 1, 1, 1
51, 1, 0, 0, 617, 304, 1, 1, 1
52, 1, 0, 0, 627, 323, 1, 1, 1
53, 1, 0, 0, 641, 325, 1, 1, 1
54, 1, 0, 0, 651, 340, 1, 1, 1
55, 1, 0, 5, 662, 349, 1, 1, 1
56, 1, 0, 14, 670, 342, 1, 1, 1
57, 1, 0, 32, 677, 339, 1, 1, 1
58, 1, 0, 41, 682, 351, 1, 1, 1
59, 1, 0, 53, 693, 317, 1, 1, 1
60, 1, 4, 59, 701, 320, 1, 1, 1
61, 1, 12, 71, 704, 293, 1, 1, 1
62, 1, 46, 83, 686, 282, 1, 1, 1
63, 1, 64, 93, 683, 267, 1, 1, 1
64, 1, 87, 102, 669, 268, 1, 1, 1
65, 1, 103, 105, 663, 268, 1, 1, 1
66, 1, 114, 108, 666, 270, 1, 1, 1
67, 1, 126, 113, 665, 282, 1, 1, 1
68, 1, 144, 116, 656, 281, 1, 1, 1
69, 1, 167, 112, 628, 286, 1, 1, 1
70, 1, 262, 73, 478, 354, 1, 1, 1
