18, 2, 39, 342, 165, 216, 1, 1, 1
19, 2, 36, 345, 142, 212, 1, 1, 1
20, 2, 32, 341, 135, 215, 1, 1, 1
21, 2, 20, 347, 154, 207, 1, 1, 1
22, 2, 7, 353, 173, 197, 1, 1, 1
23, 2, 13, 356, 151, 188, 1, 1, 1
24, 2, 27, 368, 153, 205, 1, 1, 1
25, 2, 39, 396, 164, 206, 1, 1, 1
26, 2, 55, 397, 158, 205, 1, 1, 1
27, 2, 82, 400, 131, 198, 1, 1, 1
28, 2, 111, 402, 107, 195, 1, 1, 1
29, 2, 133, 397, 96, 197, 1, 1, 1
30, 2, 145, 389, 99, 203, 1, 1, 1
31, 2, 153, 393, 94, 196, 1, 1, 1
32, 2, 158, 397, 82, 190, 1, 1, 1
33, 2, 143, 400, 240, 182, 1, 1, 1
34, 2, 134, 399, 253, 182, 1, 1, 1
35, 2, 134, 406, 258, 171, 1, 1, 1
36, 2, 141, 403, 256, 175, 1, 1, 1
