4, 1, 1133, 477, 509, 306, 1, 1, 1
5, 1, 1134, 479, 490, 300, 1, 1, 1
6, 1, 1126, 475, 477, 280, 1, 1, 1
7, 1, 1107, 475, 478, 283, 1, 1, 1
8, 1, 1088, 472, 491, 291, 1, 1, 1
9, 1, 1088, 467, 487, 303, 1, 1, 1
10, 1, 1090, 463, 486, 301, 1, 1, 1
11, 1, 1097, 454, 488, 308, 1, 1, 1
12, 1, 1104, 450, 486, 305, 1, 1, 1
13, 1, 1104, 447, 492, 307, 1, 1, 1
14, 1, 1134, 446, 462, 307, 1, 1, 1
15, 1, 1138, 448, 463, 309, 1, 1, 1
16, 1, 1135, 452, 466, 308, 1, 1, 1
17, 1, 1136, 454, 467, 309, 1, 1, 1
18, 1, 1149, 459, 453, 306, 1, 1, 1
19, 1, 1151, 462, 454, 306, 1, 1, 1
20, 1, 1147, 462, 459, 309, 1, 1, 1
35, 4, 748, 469, 369, 149, 1, 1, 1
36, 4, 756, 467, 363, 156, 1, 1, 1
37, 4, 743, 467, 378, 156, 1, 1, 1
38, 4, 732, 466, 389, 158, 1, 1, 1
39, 4, 726, 465, 389, 157, 1, 1, 1
40, 4, 727, 464, 390, 159, 1, 1, 1
41, 4, 728, 463, 397, 159, 1, 1, 1
42, 4, 739, 466, 384, 357, 1, 1, 1
43, 4, 770, 469, 366, 355, 1, 1, 1
44, 4, 772, 471, 380, 354, 1, 1, 1
45, 4, 830, 472, 356, 353, 1, 1, 1
46, 4, 869, 477, 415, 341, 1, 1, 1
47, 4, 881, 474, 475, 343, 1, 1, 1
48, 4, 898, 470, 480, 343, 1, 1, 1
49, 4, 944, 474, 451, 343, 1, 1, 1
50, 4, 985, 469, 412, 343, 1, 1, 1
51, 4, 1041, 464, 365, 348, 1, 1, 1
52, 4, 1104, 460, 327, 320, 1, 1, 1
53, 4, 1167, 457, 285, 267, 1, 1, 1
54, 4, 1217, 448, 248, 202, 1, 1, 1
55, 4, 1265, 449, 213, 209, 1, 1, 1
56, 4, 1308, 442, 182, 176, 1, 1, 1
57, 4, 1262, 440, 239, 212, 1, 1, 1
58, 4, 1235, 434, 289, 330, 1, 1, 1
59, 4, 1189, 430, 337, 300, 1, 1, 1
60, 4, 1169, 427, 362, 227, 1, 1, 1
61, 4, 1176, 423, 359, 227, 1, 1, 1
62, 4, 1148, 420, 389, 321, 1, 1, 1
63, 4, 1136, 414, 401, 324, 1, 1, 1
64, 4, 1131, 413, 407, 324, 1, 1, 1
65, 4, 1131, 413, 410, 325, 1, 1, 1
66, 4, 1134, 411, 407, 324, 1, 1, 1
14, 2, 1026, 570, 311, 372, 1, 1, 1
15, 2, 1016, 566, 297, 340, 1, 1, 1
16, 2, 1039, 563, 252, 342, 1, 1, 1
17, 2, 1038, 563, 248, 344, 1, 1, 1
18, 2, 1038, 560, 243, 351, 1, 1, 1
19, 2, 1034, 559, 250, 354, 1, 1, 1
20, 2, 1038, 561, 249, 355, 1, 1, 1
21, 2, 1044, 564, 250, 354, 1, 1, 1
22, 2, 1045, 567, 251, 352, 1, 1, 1
