3, 2, 238, 561, 842, 441, 1, 1, 1
4, 2, 193, 458, 887, 547, 1, 1, 1
5, 2, 156, 387, 924, 572, 1, 1, 1
6, 2, 113, 326, 967, 613, 1, 1, 1
7, 2, 86, 283, 994, 655, 1, 1, 1
8, 2, 72, 251, 1008, 706, 1, 1, 1
9, 2, 51, 233, 1029, 726, 1, 1, 1
10, 2, 36, 215, 1044, 737, 1, 1, 1
11, 2, 38, 205, 1042, 754, 1, 1, 1
12, 2, 71, 183, 1009, 797, 1, 1, 1
13, 2, 102, 144, 978, 832, 1, 1, 1
14, 2, 47, 131, 1033, 855, 1, 1, 1
15, 2, 5, 129, 1075, 863, 1, 1, 1
16, 2, 6, 89, 1074, 1021, 1, 1, 1
17, 2, 45, 54, 1035, 973, 1, 1, 1
18, 2, 81, 13, 999, 1203, 1, 1, 1
19, 2, 0, 0, 1080, 1167, 1, 1, 1
20, 2, 0, 0, 1080, 1129, 1, 1, 1
21, 2, 0, 0, 1080, 1162, 1, 1, 1
22, 2, 0, 0, 1080, 1186, 1, 1, 1
23, 2, 0, 0, 1080, 1245, 1, 1, 1
24, 2, 79, 0, 1001, 1298, 1, 1, 1
25, 2, 0, 0, 1030, 1367, 1, 1, 1
26, 2, 0, 0, 934, 1496, 1, 1, 1
10, 3, 0, 582, 1080, 1023, 1, 1, 1
11, 3, 0, 337, 1080, 1275, 1, 1, 1
12, 3, 0, 0, 1080, 1625, 1, 1, 1
13, 3, 0, 49, 1041, 1587, 1, 1, 1
14, 3, 0, 78, 1080, 1514, 1, 1, 1
15, 3, 0, 123, 1052, 1512, 1, 1, 1
16, 3, 0, 145, 1080, 1515, 1, 1, 1
17, 3, 0, 147, 1080, 1557, 1, 1, 1
18, 3, 0, 148, 1080, 1572, 1, 1, 1
19, 3, 0, 179, 1080, 1568, 1, 1, 1
20, 3, 0, 189, 1080, 1573, 1, 1, 1
21, 3, 0, 173, 1080, 1618, 1, 1, 1
22, 3, 0, 162, 1080, 1654, 1, 1, 1
23, 3, 0, 70, 1080, 1827, 1, 1, 1
24, 3, 0, 0, 1080, 1897, 1, 1, 1
25, 3, 0, 126, 1022, 1794, 1, 1, 1
26, 3, 0, 0, 1003, 1920, 1, 1, 1
27, 3, 35, 0, 946, 1385, 1, 1, 1
28, 3, 173, 31, 779, 1364, 1, 1, 1
