32, 2, 1819, 532, 101, 97, 1, 1, 1
33, 2, 1818, 532, 102, 97, 1, 1, 1
34, 2, 1812, 530, 108, 114, 1, 1, 1
35, 2, 1806, 530, 114, 110, 1, 1, 1
36, 2, 1795, 531, 125, 120, 1, 1, 1
37, 2, 1783, 530, 137, 117, 1, 1, 1
38, 2, 1773, 531, 147, 116, 1, 1, 1
39, 2, 1760, 530, 160, 122, 1, 1, 1
40, 2, 1744, 531, 176, 114, 1, 1, 1
41, 2, 1717, 531, 203, 101, 1, 1, 1
42, 2, 1715, 531, 205, 121, 1, 1, 1
43, 2, 1710, 532, 210, 114, 1, 1, 1
44, 2, 1706, 532, 200, 117, 1, 1, 1
45, 2, 1699, 532, 190, 119, 1, 1, 1
46, 2, 1697, 532, 178, 118, 1, 1, 1
47, 2, 1695, 532, 173, 118, 1, 1, 1
48, 2, 1692, 532, 167, 118, 1, 1, 1
49, 2, 1688, 532, 164, 118, 1, 1, 1
50, 2, 1685, 531, 162, 125, 1, 1, 1
51, 2, 1663, 531, 174, 131, 1, 1, 1
52, 2, 1649, 532, 189, 131, 1, 1, 1
53, 2, 1643, 532, 172, 131, 1, 1, 1
54, 2, 1630, 532, 177, 130, 1, 1, 1
55, 2, 1623, 534, 172, 128, 1, 1, 1
56, 2, 1615, 532, 171, 130, 1, 1, 1
57, 2, 1608, 535, 169, 128, 1, 1, 1
58, 2, 1604, 534, 168, 128, 1, 1, 1
59, 2, 1600, 534, 167, 127, 1, 1, 1
60, 2, 1593, 534, 169, 126, 1, 1, 1
61, 2, 1588, 534, 168, 130, 1, 1, 1
62, 2, 1577, 534, 174, 131, 1, 1, 1
63, 2, 1565, 533, 184, 131, 1, 1, 1
64, 2, 1559, 533, 184, 129, 1, 1, 1
65, 2, 1561, 533, 178, 129, 1, 1, 1
66, 2, 1572, 531, 158, 133, 1, 1, 1
67, 2, 1571, 531, 158, 131, 1, 1, 1
68, 2, 1572, 532, 154, 131, 1, 1, 1
69, 2, 1567, 533, 158, 130, 1, 1, 1
70, 2, 1563, 532, 152, 133, 1, 1, 1
71, 2, 1561, 535, 155, 133, 1, 1, 1
72, 2, 1557, 534, 148, 136, 1, 1, 1
73, 2, 1551, 534, 149, 136, 1, 1, 1
74, 2, 1547, 534, 144, 139, 1, 1, 1
75, 2, 1540, 535, 149, 135, 1, 1, 1
76, 2, 1534, 536, 154, 136, 1, 1, 1
77, 2, 1530, 535, 160, 136, 1, 1, 1
78, 2, 1526, 536, 169, 138, 1, 1, 1
79, 2, 1530, 539, 168, 138, 1, 1, 1
80, 2, 1526, 537, 175, 138, 1, 1, 1
81, 2, 1527, 536, 169, 143, 1, 1, 1
82, 2, 1527, 539, 164, 136, 1, 1, 1
83, 2, 1525, 538, 165, 137, 1, 1, 1
84, 2, 1518, 539, 172, 136, 1, 1, 1
85, 2, 1488, 540, 203, 134, 1, 1, 1
86, 2, 1490, 539, 202, 137, 1, 1, 1
87, 2, 1501, 540, 188, 134, 1, 1, 1
88, 2, 1496, 541, 174, 136, 1, 1, 1
89, 2, 1485, 538, 170, 138, 1, 1, 1
90, 2, 1480, 534, 170, 141, 1, 1, 1
91, 2, 1474, 532, 178, 136, 1, 1, 1
92, 2, 1468, 527, 183, 135, 1, 1, 1
93, 2, 1457, 520, 189, 135, 1, 1, 1
94, 2, 1438, 512, 198, 138, 1, 1, 1
95, 2, 1439, 504, 175, 137, 1, 1, 1
96, 2, 1422, 498, 192, 138, 1, 1, 1
97, 2, 1423, 493, 176, 140, 1, 1, 1
98, 2, 1416, 487, 168, 140, 1, 1, 1
99, 2, 1399, 481, 165, 142, 1, 1, 1
100, 2, 1388, 477, 161, 140, 1, 1, 1
101, 2, 1374, 474, 158, 134, 1, 1, 1
102, 2, 1363, 470, 158, 134, 1, 1, 1
103, 2, 1359, 468, 150, 134, 1, 1, 1
104, 2, 1353, 468, 142, 134, 1, 1, 1
105, 2, 1339, 468, 152, 138, 1, 1, 1
106, 2, 1328, 466, 145, 138, 1, 1, 1
107, 2, 1325, 466, 132, 135, 1, 1, 1
108, 2, 1311, 467, 131, 133, 1, 1, 1
109, 2, 1302, 468, 135, 132, 1, 1, 1
110, 2, 1291, 469, 131, 132, 1, 1, 1
111, 2, 1287, 469, 129, 130, 1, 1, 1
112, 2, 1284, 470, 128, 134, 1, 1, 1
113, 2, 1277, 469, 135, 132, 1, 1, 1
114, 2, 1274, 470, 137, 131, 1, 1, 1
115, 2, 1270, 470, 146, 132, 1, 1, 1
116, 2, 1274, 470, 141, 131, 1, 1, 1
117, 2, 1275, 471, 142, 130, 1, 1, 1
118, 2, 1278, 470, 142, 131, 1, 1, 1
119, 2, 1277, 471, 146, 130, 1, 1, 1
120, 2, 1288, 472, 143, 133, 1, 1, 1
121, 2, 1283, 471, 155, 135, 1, 1, 1
122, 2, 1287, 473, 165, 130, 1, 1, 1
123, 2, 1318, 472, 145, 133, 1, 1, 1
124, 2, 1303, 474, 168, 131, 1, 1, 1
125, 2, 1313, 473, 168, 132, 1, 1, 1
126, 2, 1319, 474, 174, 132, 1, 1, 1
127, 2, 1313, 472, 195, 136, 1, 1, 1
128, 2, 1375, 475, 147, 134, 1, 1, 1
129, 2, 1391, 473, 145, 136, 1, 1, 1
130, 2, 1381, 476, 169, 134, 1, 1, 1
131, 2, 1410, 478, 156, 137, 1, 1, 1
132, 2, 1424, 486, 151, 140, 1, 1, 1
133, 2, 1432, 494, 156, 137, 1, 1, 1
134, 2, 1438, 503, 153, 139, 1, 1, 1
135, 2, 1437, 510, 159, 138, 1, 1, 1
136, 2, 1440, 515, 160, 139, 1, 1, 1
137, 2, 1438, 521, 165, 139, 1, 1, 1
138, 2, 1445, 526, 165, 139, 1, 1, 1
139, 2, 1439, 531, 176, 142, 1, 1, 1
140, 2, 1447, 538, 172, 142, 1, 1, 1
141, 2, 1451, 543, 169, 143, 1, 1, 1
142, 2, 1453, 550, 169, 143, 1, 1, 1
143, 2, 1456, 557, 170, 143, 1, 1, 1
144, 2, 1455, 561, 175, 146, 1, 1, 1
145, 2, 1458, 567, 175, 146, 1, 1, 1
146, 2, 1460, 566, 174, 147, 1, 1, 1
147, 2, 1463, 567, 171, 144, 1, 1, 1
148, 2, 1461, 565, 171, 145, 1, 1, 1
149, 2, 1459, 565, 174, 143, 1, 1, 1
150, 2, 1456, 566, 173, 144, 1, 1, 1
151, 2, 1451, 566, 177, 142, 1, 1, 1
152, 2, 1445, 568, 180, 139, 1, 1, 1
153, 2, 1425, 568, 168, 142, 1, 1, 1
154, 2, 1423, 566, 162, 143, 1, 1, 1
155, 2, 1422, 566, 158, 146, 1, 1, 1
156, 2, 1415, 566, 151, 145, 1, 1, 1
157, 2, 1407, 566, 151, 146, 1, 1, 1
158, 2, 1399, 564, 155, 147, 1, 1, 1
159, 2, 1392, 565, 165, 146, 1, 1, 1
160, 2, 1385, 565, 160, 142, 1, 1, 1
161, 2, 1380, 565, 174, 144, 1, 1, 1
162, 2, 1374, 566, 168, 145, 1, 1, 1
163, 2, 1366, 565, 176, 149, 1, 1, 1
164, 2, 1361, 563, 167, 144, 1, 1, 1
165, 2, 1355, 563, 166, 160, 1, 1, 1
166, 2, 1347, 562, 168, 152, 1, 1, 1
167, 2, 1343, 562, 160, 153, 1, 1, 1
168, 2, 1335, 560, 168, 160, 1, 1, 1
169, 2, 1327, 561, 175, 151, 1, 1, 1
170, 2, 1324, 562, 175, 153, 1, 1, 1
171, 2, 1323, 566, 178, 156, 1, 1, 1
172, 2, 1317, 567, 155, 160, 1, 1, 1
173, 2, 1318, 569, 150, 157, 1, 1, 1
174, 2, 1319, 574, 162, 162, 1, 1, 1
175, 2, 1322, 577, 159, 161, 1, 1, 1
176, 2, 1327, 580, 161, 159, 1, 1, 1
177, 2, 1332, 585, 169, 162, 1, 1, 1
178, 2, 1335, 588, 181, 162, 1, 1, 1
179, 2, 1343, 589, 177, 164, 1, 1, 1
180, 2, 1351, 590, 168, 168, 1, 1, 1
