62, 1, 281, 173, 467, 426, 1, 1, 1
63, 1, 278, 195, 510, 390, 1, 1, 1
64, 1, 267, 199, 536, 403, 1, 1, 1
65, 1, 258, 201, 565, 398, 1, 1, 1
66, 1, 297, 197, 532, 387, 1, 1, 1
67, 1, 382, 197, 487, 399, 1, 1, 1
68, 1, 412, 189, 461, 399, 1, 1, 1
69, 1, 379, 182, 496, 409, 1, 1, 1
70, 1, 472, 177, 393, 404, 1, 1, 1
71, 1, 454, 174, 411, 421, 1, 1, 1
72, 1, 483, 173, 368, 404, 1, 1, 1
73, 1, 572, 175, 296, 419, 1, 1, 1
74, 1, 582, 176, 287, 404, 1, 1, 1
75, 1, 573, 165, 341, 424, 1, 1, 1
76, 1, 558, 167, 387, 418, 1, 1, 1
77, 1, 533, 163, 397, 420, 1, 1, 1
78, 1, 528, 163, 416, 400, 1, 1, 1
