125, 2, 285, 616, 91, 198, 1, 1, 1
126, 2, 329, 615, 90, 196, 1, 1, 1
127, 2, 325, 596, 92, 199, 1, 1, 1
128, 2, 320, 605, 106, 181, 1, 1, 1
129, 2, 334, 619, 97, 152, 1, 1, 1
130, 2, 335, 625, 94, 162, 1, 1, 1
131, 2, 335, 628, 97, 163, 1, 1, 1
132, 2, 332, 630, 100, 167, 1, 1, 1
133, 2, 322, 628, 93, 168, 1, 1, 1
134, 2, 324, 623, 83, 173, 1, 1, 1
135, 2, 326, 617, 83, 169, 1, 1, 1
136, 2, 320, 608, 87, 168, 1, 1, 1
137, 2, 316, 602, 94, 167, 1, 1, 1
138, 2, 315, 597, 95, 166, 1, 1, 1
139, 2, 311, 589, 100, 156, 1, 1, 1
140, 2, 310, 584, 103, 144, 1, 1, 1
141, 2, 309, 578, 106, 139, 1, 1, 1
142, 2, 306, 575, 110, 134, 1, 1, 1
143, 2, 303, 573, 109, 129, 1, 1, 1
144, 2, 301, 571, 110, 128, 1, 1, 1
145, 2, 304, 572, 105, 128, 1, 1, 1
146, 2, 308, 576, 104, 122, 1, 1, 1
147, 2, 316, 579, 98, 118, 1, 1, 1
148, 2, 313, 589, 111, 104, 1, 1, 1
149, 2, 315, 591, 110, 103, 1, 1, 1
150, 2, 350, 591, 119, 81, 1, 1, 1
151, 2, 350, 593, 105, 97, 1, 1, 1
152, 2, 346, 596, 94, 113, 1, 1, 1
153, 2, 344, 597, 87, 86, 1, 1, 1
154, 2, 342, 599, 89, 85, 1, 1, 1
