12, 2, 1152, 422, 534, 383, 1, 1, 1
13, 2, 1156, 424, 514, 385, 1, 1, 1
14, 2, 1157, 424, 516, 390, 1, 1, 1
15, 2, 1158, 427, 510, 373, 1, 1, 1
16, 2, 1154, 426, 510, 388, 1, 1, 1
17, 2, 1176, 427, 446, 384, 1, 1, 1
18, 2, 1198, 426, 419, 388, 1, 1, 1
19, 2, 1214, 422, 411, 387, 1, 1, 1
20, 2, 1207, 419, 426, 393, 1, 1, 1
21, 2, 1198, 417, 452, 392, 1, 1, 1
22, 2, 1190, 420, 464, 387, 1, 1, 1
23, 2, 1181, 423, 580, 369, 1, 1, 1
24, 2, 1195, 421, 578, 368, 1, 1, 1
25, 2, 1196, 421, 577, 371, 1, 1, 1
26, 2, 1181, 425, 585, 366, 1, 1, 1
27, 2, 1177, 426, 589, 363, 1, 1, 1
28, 2, 1171, 429, 598, 358, 1, 1, 1
29, 2, 1171, 433, 594, 358, 1, 1, 1
30, 2, 1153, 433, 613, 357, 1, 1, 1
31, 2, 1156, 441, 612, 348, 1, 1, 1
32, 2, 1149, 433, 622, 359, 1, 1, 1
33, 2, 1152, 393, 671, 399, 1, 1, 1
34, 2, 1176, 416, 592, 373, 1, 1, 1
27, 4, 1315, 373, 605, 442, 1, 1, 1
28, 4, 1307, 373, 613, 453, 1, 1, 1
29, 4, 1294, 375, 626, 455, 1, 1, 1
30, 4, 1280, 376, 640, 448, 1, 1, 1
31, 4, 1272, 385, 648, 444, 1, 1, 1
32, 4, 1264, 385, 656, 427, 1, 1, 1
33, 4, 1252, 385, 666, 450, 1, 1, 1
34, 4, 1246, 383, 672, 446, 1, 1, 1
35, 4, 1243, 380, 677, 451, 1, 1, 1
36, 4, 1229, 384, 691, 453, 1, 1, 1
