1, 1, 1358, 0, 562, 892, 1, 1, 1
2, 1, 1312, 0, 481, 682, 1, 1, 1
3, 1, 1279, 0, 292, 538, 1, 1, 1
4, 1, 1228, 0, 249, 479, 1, 1, 1
5, 1, 1180, 0, 206, 394, 1, 1, 1
6, 1, 1128, 0, 187, 385, 1, 1, 1
7, 1, 1079, 0, 188, 343, 1, 1, 1
8, 1, 1047, 0, 178, 292, 1, 1, 1
9, 1, 1027, 0, 154, 286, 1, 1, 1
10, 1, 1003, 0, 149, 246, 1, 1, 1
11, 1, 986, 0, 136, 257, 1, 1, 1
12, 1, 979, 0, 133, 261, 1, 1, 1
13, 1, 988, 0, 121, 243, 1, 1, 1
14, 1, 995, 12, 111, 248, 1, 1, 1
15, 1, 1003, 24, 103, 214, 1, 1, 1
16, 1, 1006, 30, 99, 221, 1, 1, 1
17, 1, 1007, 31, 98, 210, 1, 1, 1
18, 1, 1011, 33, 91, 186, 1, 1, 1
19, 1, 1015, 31, 82, 195, 1, 1, 1
20, 1, 1010, 34, 82, 174, 1, 1, 1
21, 1, 1025, 35, 55, 140, 1, 1, 1
22, 1, 991, 37, 49, 74, 1, 1, 1
23, 1, 980, 38, 71, 144, 1, 1, 1
24, 1, 969, 39, 71, 154, 1, 1, 1
25, 1, 961, 41, 76, 143, 1, 1, 1
26, 1, 969, 41, 56, 142, 1, 1, 1
27, 1, 987, 60, 27, 28, 1, 1, 1
28, 1, 953, 63, 31, 34, 1, 1, 1
29, 1, 947, 42, 58, 102, 1, 1, 1
30, 1, 943, 43, 58, 125, 1, 1, 1
31, 1, 933, 45, 57, 120, 1, 1, 1
32, 1, 926, 46, 53, 118, 1, 1, 1
33, 1, 916, 47, 50, 107, 1, 1, 1
34, 1, 906, 47, 53, 113, 1, 1, 1
35, 1, 895, 51, 54, 107, 1, 1, 1
1, 3, 999, 0, 165, 188, 1, 1, 1
2, 3, 991, 0, 152, 194, 1, 1, 1
3, 3, 987, 0, 93, 193, 1, 1, 1
4, 3, 945, 0, 101, 171, 1, 1, 1
5, 3, 904, 0, 110, 181, 1, 1, 1
6, 3, 870, 0, 106, 176, 1, 1, 1
7, 3, 839, 0, 115, 165, 1, 1, 1
8, 3, 827, 0, 95, 155, 1, 1, 1
9, 3, 824, 0, 84, 146, 1, 1, 1
10, 3, 817, 0, 93, 144, 1, 1, 1
11, 3, 815, 0, 88, 150, 1, 1, 1
12, 3, 817, 0, 88, 158, 1, 1, 1
13, 3, 835, 0, 78, 151, 1, 1, 1
14, 3, 848, 0, 71, 161, 1, 1, 1
15, 3, 851, 3, 69, 166, 1, 1, 1
16, 3, 860, 7, 62, 165, 1, 1, 1
17, 3, 866, 7, 63, 165, 1, 1, 1
18, 3, 882, 10, 51, 158, 1, 1, 1
19, 3, 893, 12, 41, 85, 1, 1, 1
20, 3, 874, 13, 53, 107, 1, 1, 1
21, 3, 867, 13, 57, 144, 1, 1, 1
22, 3, 860, 16, 56, 129, 1, 1, 1
23, 3, 850, 18, 56, 122, 1, 1, 1
24, 3, 879, 47, 19, 33, 1, 1, 1
25, 3, 842, 28, 36, 56, 1, 1, 1
26, 3, 846, 27, 48, 118, 1, 1, 1
27, 3, 850, 29, 49, 116, 1, 1, 1
28, 3, 856, 29, 46, 115, 1, 1, 1
29, 3, 865, 29, 42, 112, 1, 1, 1
30, 3, 867, 30, 45, 111, 1, 1, 1
31, 3, 871, 31, 41, 109, 1, 1, 1
32, 3, 873, 32, 41, 107, 1, 1, 1
33, 3, 873, 31, 45, 107, 1, 1, 1
34, 3, 879, 34, 38, 98, 1, 1, 1
35, 3, 877, 34, 36, 97, 1, 1, 1
