26, 1, 379, 179, 314, 514, 1, 1, 1
27, 1, 361, 170, 335, 508, 1, 1, 1
28, 1, 360, 168, 325, 514, 1, 1, 1
29, 1, 355, 160, 327, 533, 1, 1, 1
30, 1, 356, 195, 328, 507, 1, 1, 1
31, 1, 367, 203, 325, 506, 1, 1, 1
32, 1, 368, 174, 333, 532, 1, 1, 1
33, 1, 384, 130, 332, 572, 1, 1, 1
34, 1, 394, 201, 331, 507, 1, 1, 1
35, 1, 397, 223, 344, 493, 1, 1, 1
36, 1, 403, 239, 332, 477, 1, 1, 1
37, 1, 411, 218, 375, 498, 1, 1, 1
38, 1, 413, 148, 373, 542, 1, 1, 1
39, 1, 406, 195, 363, 493, 1, 1, 1
26, 2, 610, 200, 354, 410, 1, 1, 1
27, 2, 527, 110, 314, 494, 1, 1, 1
28, 2, 446, 108, 395, 502, 1, 1, 1
29, 2, 453, 123, 386, 496, 1, 1, 1
30, 2, 441, 128, 396, 502, 1, 1, 1
31, 2, 456, 125, 389, 507, 1, 1, 1
32, 2, 444, 160, 410, 472, 1, 1, 1
33, 2, 437, 165, 432, 463, 1, 1, 1
34, 2, 483, 153, 398, 477, 1, 1, 1
35, 2, 458, 151, 427, 497, 1, 1, 1
36, 2, 439, 158, 451, 496, 1, 1, 1
37, 2, 495, 123, 405, 520, 1, 1, 1
38, 2, 474, 110, 426, 502, 1, 1, 1
39, 2, 448, 131, 446, 479, 1, 1, 1
