129, 3, 827, 147, 332, 471, 1, 1, 1
130, 3, 830, 96, 299, 526, 1, 1, 1
131, 3, 827, 102, 311, 506, 1, 1, 1
132, 3, 816, 101, 321, 513, 1, 1, 1
133, 3, 802, 86, 323, 516, 1, 1, 1
134, 3, 803, 76, 309, 519, 1, 1, 1
135, 3, 802, 51, 305, 541, 1, 1, 1
136, 3, 804, 18, 302, 571, 1, 1, 1
137, 3, 799, 16, 315, 576, 1, 1, 1
138, 3, 792, 58, 311, 552, 1, 1, 1
139, 3, 793, 74, 313, 546, 1, 1, 1
140, 3, 796, 69, 313, 559, 1, 1, 1
141, 3, 796, 52, 361, 567, 1, 1, 1
142, 3, 783, 43, 393, 556, 1, 1, 1
143, 3, 770, 52, 406, 531, 1, 1, 1
144, 3, 776, 56, 401, 529, 1, 1, 1
145, 3, 793, 49, 383, 530, 1, 1, 1
146, 3, 801, 15, 378, 558, 1, 1, 1
147, 3, 805, 0, 402, 569, 1, 1, 1
148, 3, 812, 0, 470, 571, 1, 1, 1
149, 3, 816, 0, 472, 581, 1, 1, 1
150, 3, 819, 0, 469, 596, 1, 1, 1
151, 3, 813, 45, 479, 577, 1, 1, 1
152, 3, 815, 63, 472, 581, 1, 1, 1
153, 3, 807, 89, 481, 504, 1, 1, 1
154, 3, 829, 112, 453, 514, 1, 1, 1
155, 3, 845, 118, 443, 537, 1, 1, 1
156, 3, 851, 121, 444, 568, 1, 1, 1
157, 3, 855, 124, 451, 598, 1, 1, 1
158, 3, 839, 142, 472, 609, 1, 1, 1
159, 3, 834, 179, 473, 509, 1, 1, 1
160, 3, 839, 200, 471, 525, 1, 1, 1
161, 3, 828, 219, 469, 545, 1, 1, 1
162, 3, 810, 233, 471, 565, 1, 1, 1
163, 3, 795, 249, 483, 564, 1, 1, 1
164, 3, 788, 248, 496, 589, 1, 1, 1
165, 3, 782, 248, 500, 615, 1, 1, 1
166, 3, 758, 244, 523, 647, 1, 1, 1
167, 3, 712, 243, 586, 660, 1, 1, 1
168, 3, 703, 239, 578, 669, 1, 1, 1
169, 3, 702, 232, 574, 698, 1, 1, 1
170, 3, 692, 207, 598, 748, 1, 1, 1
171, 3, 678, 193, 616, 784, 1, 1, 1
172, 3, 655, 216, 636, 798, 1, 1, 1
173, 3, 639, 218, 642, 788, 1, 1, 1
174, 3, 608, 245, 654, 689, 1, 1, 1
175, 3, 596, 255, 679, 702, 1, 1, 1
176, 3, 583, 233, 666, 751, 1, 1, 1
177, 3, 563, 230, 663, 778, 1, 1, 1
178, 3, 521, 255, 769, 793, 1, 1, 1
179, 3, 493, 262, 772, 810, 1, 1, 1
180, 3, 464, 257, 787, 823, 1, 1, 1
