1, 2, 534, 129, 536, 888, 1, 1, 1
2, 2, 539, 119, 527, 899, 1, 1, 1
3, 2, 542, 111, 535, 906, 1, 1, 1
4, 2, 545, 98, 524, 919, 1, 1, 1
5, 2, 550, 89, 515, 926, 1, 1, 1
6, 2, 553, 84, 504, 932, 1, 1, 1
7, 2, 557, 83, 489, 933, 1, 1, 1
8, 2, 558, 82, 479, 933, 1, 1, 1
9, 2, 562, 83, 466, 932, 1, 1, 1
10, 2, 566, 85, 454, 930, 1, 1, 1
11, 2, 569, 83, 448, 933, 1, 1, 1
12, 2, 571, 82, 452, 932, 1, 1, 1
13, 2, 574, 85, 447, 929, 1, 1, 1
14, 2, 577, 86, 445, 928, 1, 1, 1
15, 2, 582, 87, 442, 928, 1, 1, 1
16, 2, 584, 88, 444, 926, 1, 1, 1
17, 2, 585, 89, 446, 927, 1, 1, 1
18, 2, 586, 89, 448, 927, 1, 1, 1
