1, 2, 0, 905, 368, 829, 1, 1, 1
2, 2, 33, 561, 698, 839, 1, 1, 1
3, 2, 607, 538, 449, 766, 1, 1, 1
4, 2, 973, 564, 334, 454, 1, 1, 1
5, 2, 1200, 439, 241, 419, 1, 1, 1
6, 2, 1141, 423, 399, 320, 1, 1, 1
7, 2, 920, 529, 442, 286, 1, 1, 1
8, 2, 806, 584, 445, 375, 1, 1, 1
9, 2, 749, 614, 495, 288, 1, 1, 1
10, 2, 665, 503, 442, 322, 1, 1, 1
11, 2, 591, 391, 366, 336, 1, 1, 1
12, 2, 602, 356, 375, 377, 1, 1, 1
13, 2, 728, 384, 363, 353, 1, 1, 1
14, 2, 801, 410, 430, 382, 1, 1, 1
15, 2, 872, 369, 450, 398, 1, 1, 1
16, 2, 828, 320, 434, 408, 1, 1, 1
17, 2, 742, 321, 475, 420, 1, 1, 1
18, 2, 803, 384, 481, 410, 1, 1, 1
19, 2, 852, 428, 454, 398, 1, 1, 1
20, 2, 862, 456, 440, 388, 1, 1, 1
21, 2, 856, 437, 444, 395, 1, 1, 1
22, 2, 822, 420, 449, 399, 1, 1, 1
23, 2, 758, 413, 487, 418, 1, 1, 1
24, 2, 725, 432, 512, 408, 1, 1, 1
25, 2, 714, 442, 534, 393, 1, 1, 1
26, 2, 743, 480, 530, 383, 1, 1, 1
27, 2, 765, 563, 526, 376, 1, 1, 1
28, 2, 761, 605, 524, 364, 1, 1, 1
29, 2, 811, 620, 462, 387, 1, 1, 1
30, 2, 840, 676, 428, 352, 1, 1, 1
31, 2, 957, 677, 348, 353, 1, 1, 1
32, 2, 1080, 679, 268, 385, 1, 1, 1
33, 2, 891, 715, 439, 255, 1, 1, 1
34, 2, 702, 652, 440, 356, 1, 1, 1
35, 2, 484, 637, 389, 199, 1, 1, 1
