1, 1, 113, 222, 118, 186, 1, 1, 1
2, 1, 112, 216, 143, 191, 1, 1, 1
3, 1, 149, 186, 142, 239, 1, 1, 1
4, 1, 165, 226, 154, 208, 1, 1, 1
5, 1, 147, 173, 198, 253, 1, 1, 1
6, 1, 114, 97, 233, 326, 1, 1, 1
7, 1, 106, 98, 223, 327, 1, 1, 1
8, 1, 103, 92, 223, 345, 1, 1, 1
9, 1, 93, 90, 234, 380, 1, 1, 1
10, 1, 78, 87, 247, 384, 1, 1, 1
11, 1, 82, 87, 238, 385, 1, 1, 1
12, 1, 71, 92, 248, 380, 1, 1, 1
13, 1, 62, 101, 256, 371, 1, 1, 1
14, 1, 52, 103, 270, 367, 1, 1, 1
15, 1, 36, 101, 283, 382, 1, 1, 1
16, 1, 26, 91, 293, 414, 1, 1, 1
17, 1, 23, 83, 293, 447, 1, 1, 1
18, 1, 22, 73, 297, 455, 1, 1, 1
19, 1, 20, 67, 299, 460, 1, 1, 1
20, 1, 15, 64, 303, 464, 1, 1, 1
21, 1, 11, 59, 309, 468, 1, 1, 1
22, 1, 2, 57, 322, 472, 1, 1, 1
23, 1, 0, 45, 329, 486, 1, 1, 1
24, 1, 0, 31, 336, 503, 1, 1, 1
25, 1, 0, 14, 345, 540, 1, 1, 1
26, 1, 0, 2, 346, 563, 1, 1, 1
27, 1, 0, 2, 354, 565, 1, 1, 1
28, 1, 0, 0, 354, 599, 1, 1, 1
29, 1, 0, 0, 353, 637, 1, 1, 1
30, 1, 0, 0, 358, 639, 1, 1, 1
31, 1, 0, 3, 355, 637, 1, 1, 1
32, 1, 0, 16, 356, 623, 1, 1, 1
33, 1, 0, 38, 358, 602, 1, 1, 1
34, 1, 0, 69, 377, 571, 1, 1, 1
35, 1, 0, 104, 394, 536, 1, 1, 1
36, 1, 0, 129, 426, 511, 1, 1, 1
37, 1, 0, 153, 461, 487, 1, 1, 1
38, 1, 0, 170, 524, 470, 1, 1, 1
39, 1, 0, 188, 586, 452, 1, 1, 1
40, 1, 0, 182, 639, 458, 1, 1, 1
41, 1, 35, 175, 605, 465, 1, 1, 1
42, 1, 48, 170, 592, 469, 1, 1, 1
43, 1, 65, 161, 575, 478, 1, 1, 1
44, 1, 97, 155, 543, 485, 1, 1, 1
45, 1, 130, 144, 509, 495, 1, 1, 1
46, 1, 162, 143, 478, 496, 1, 1, 1
47, 1, 206, 154, 434, 486, 1, 1, 1
48, 1, 232, 170, 408, 470, 1, 1, 1
49, 1, 261, 173, 379, 463, 1, 1, 1
50, 1, 285, 219, 355, 421, 1, 1, 1
51, 1, 306, 240, 334, 369, 1, 1, 1
52, 1, 315, 262, 325, 378, 1, 1, 1
53, 1, 338, 292, 302, 348, 1, 1, 1
54, 1, 356, 361, 284, 279, 1, 1, 1
55, 1, 397, 392, 243, 248, 1, 1, 1
56, 1, 433, 465, 207, 175, 1, 1, 1
57, 1, 497, 549, 143, 91, 1, 1, 1
58, 1, 562, 590, 78, 50, 1, 1, 1
