29, 1, 456, 346, 328, 140, 1, 1, 1
30, 1, 441, 350, 342, 142, 1, 1, 1
31, 1, 439, 348, 346, 142, 1, 1, 1
32, 1, 421, 345, 365, 147, 1, 1, 1
33, 1, 408, 343, 372, 156, 1, 1, 1
34, 1, 393, 339, 382, 166, 1, 1, 1
35, 1, 386, 338, 381, 169, 1, 1, 1
36, 1, 375, 333, 341, 170, 1, 1, 1
37, 1, 370, 335, 319, 167, 1, 1, 1
38, 1, 372, 336, 349, 164, 1, 1, 1
39, 1, 364, 341, 372, 158, 1, 1, 1
40, 1, 358, 343, 384, 161, 1, 1, 1
41, 1, 344, 348, 363, 156, 1, 1, 1
42, 1, 339, 350, 349, 154, 1, 1, 1
43, 1, 334, 344, 358, 161, 1, 1, 1
44, 1, 334, 337, 360, 170, 1, 1, 1
45, 1, 332, 330, 355, 179, 1, 1, 1
46, 1, 324, 329, 375, 166, 1, 1, 1
47, 1, 314, 331, 405, 159, 1, 1, 1
48, 1, 306, 334, 415, 146, 1, 1, 1
49, 1, 298, 341, 415, 152, 1, 1, 1
29, 2, 338, 319, 238, 140, 1, 1, 1
30, 2, 344, 320, 231, 137, 1, 1, 1
31, 2, 353, 319, 229, 143, 1, 1, 1
32, 2, 366, 313, 211, 150, 1, 1, 1
33, 2, 372, 307, 222, 158, 1, 1, 1
34, 2, 369, 301, 223, 162, 1, 1, 1
35, 2, 371, 299, 214, 165, 1, 1, 1
36, 2, 363, 299, 202, 163, 1, 1, 1
37, 2, 354, 302, 199, 140, 1, 1, 1
38, 2, 345, 306, 209, 133, 1, 1, 1
39, 2, 338, 308, 209, 129, 1, 1, 1
40, 2, 339, 308, 207, 132, 1, 1, 1
41, 2, 337, 307, 207, 135, 1, 1, 1
42, 2, 336, 306, 219, 131, 1, 1, 1
43, 2, 339, 304, 202, 113, 1, 1, 1
44, 2, 338, 305, 203, 98, 1, 1, 1
45, 2, 338, 301, 202, 132, 1, 1, 1
46, 2, 339, 295, 213, 138, 1, 1, 1
47, 2, 340, 293, 229, 109, 1, 1, 1
48, 2, 342, 291, 239, 118, 1, 1, 1
49, 2, 342, 289, 248, 128, 1, 1, 1
