1, 1, 1, 48, 565, 450, 1, 1, 1
2, 1, 1, 52, 548, 446, 1, 1, 1
3, 1, 0, 51, 548, 445, 1, 1, 1
4, 1, 1, 50, 544, 446, 1, 1, 1
5, 1, 28, 44, 544, 446, 1, 1, 1
6, 1, 95, 25, 516, 435, 1, 1, 1
7, 1, 139, 15, 510, 442, 1, 1, 1
8, 1, 172, 11, 494, 456, 1, 1, 1
9, 1, 187, 0, 472, 442, 1, 1, 1
10, 1, 208, 0, 477, 424, 1, 1, 1
11, 1, 234, 1, 488, 413, 1, 1, 1
12, 1, 304, 8, 465, 414, 1, 1, 1
13, 1, 362, 0, 430, 423, 1, 1, 1
14, 1, 417, 40, 393, 412, 1, 1, 1
15, 1, 369, 78, 412, 415, 1, 1, 1
16, 1, 369, 76, 382, 406, 1, 1, 1
17, 1, 346, 99, 347, 408, 1, 1, 1
18, 1, 333, 151, 324, 397, 1, 1, 1
19, 1, 250, 127, 353, 399, 1, 1, 1
20, 1, 201, 95, 354, 398, 1, 1, 1
21, 1, 207, 110, 375, 409, 1, 1, 1
22, 1, 146, 113, 411, 405, 1, 1, 1
23, 1, 173, 117, 434, 396, 1, 1, 1
1, 2, 570, 175, 473, 311, 1, 1, 1
2, 2, 493, 173, 525, 316, 1, 1, 1
3, 2, 519, 171, 504, 313, 1, 1, 1
4, 2, 496, 170, 523, 317, 1, 1, 1
5, 2, 491, 167, 514, 315, 1, 1, 1
6, 2, 527, 145, 498, 320, 1, 1, 1
7, 2, 529, 134, 522, 317, 1, 1, 1
8, 2, 618, 145, 453, 315, 1, 1, 1
9, 2, 608, 133, 455, 301, 1, 1, 1
10, 2, 616, 114, 455, 307, 1, 1, 1
11, 2, 673, 110, 416, 298, 1, 1, 1
12, 2, 717, 118, 383, 296, 1, 1, 1
13, 2, 742, 121, 358, 290, 1, 1, 1
14, 2, 735, 150, 365, 290, 1, 1, 1
15, 2, 725, 189, 375, 296, 1, 1, 1
16, 2, 682, 173, 375, 290, 1, 1, 1
17, 2, 614, 204, 376, 282, 1, 1, 1
18, 2, 566, 254, 386, 275, 1, 1, 1
19, 2, 513, 217, 400, 281, 1, 1, 1
20, 2, 468, 181, 425, 293, 1, 1, 1
21, 2, 465, 203, 448, 288, 1, 1, 1
22, 2, 483, 206, 424, 287, 1, 1, 1
23, 2, 522, 207, 414, 281, 1, 1, 1
