53, 3, 62, 851, 662, 465, 1, 1, 1
54, 3, 30, 826, 670, 484, 1, 1, 1
55, 3, 0, 820, 600, 541, 1, 1, 1
56, 3, 0, 854, 569, 551, 1, 1, 1
57, 3, 0, 849, 524, 751, 1, 1, 1
58, 3, 0, 827, 434, 575, 1, 1, 1
59, 3, 0, 767, 413, 636, 1, 1, 1
60, 3, 0, 757, 402, 646, 1, 1, 1
61, 3, 0, 729, 392, 669, 1, 1, 1
62, 3, 0, 716, 306, 571, 1, 1, 1
63, 3, 0, 709, 205, 516, 1, 1, 1
64, 3, 0, 679, 172, 528, 1, 1, 1
65, 3, 0, 640, 193, 569, 1, 1, 1
66, 3, 0, 603, 249, 605, 1, 1, 1
67, 3, 0, 559, 298, 631, 1, 1, 1
68, 3, 0, 532, 334, 579, 1, 1, 1
69, 3, 0, 502, 373, 600, 1, 1, 1
70, 3, 0, 473, 404, 577, 1, 1, 1
71, 3, 0, 443, 444, 587, 1, 1, 1
72, 3, 7, 421, 487, 600, 1, 1, 1
73, 3, 53, 408, 483, 521, 1, 1, 1
74, 3, 79, 398, 501, 537, 1, 1, 1
75, 3, 123, 389, 519, 521, 1, 1, 1
76, 3, 169, 383, 534, 426, 1, 1, 1
77, 3, 220, 382, 548, 397, 1, 1, 1
