1, 5, 954, 751, 248, 297, 1, 1, 1
2, 5, 941, 760, 252, 306, 1, 1, 1
3, 5, 1035, 758, 153, 322, 1, 1, 1
4, 5, 1030, 764, 159, 315, 1, 1, 1
5, 5, 1031, 764, 159, 316, 1, 1, 1
6, 5, 1033, 752, 161, 327, 1, 1, 1
7, 5, 1042, 766, 166, 314, 1, 1, 1
8, 5, 1078, 767, 122, 295, 1, 1, 1
9, 5, 1074, 769, 139, 263, 1, 1, 1
10, 5, 926, 766, 280, 218, 1, 1, 1
11, 5, 930, 767, 279, 313, 1, 1, 1
12, 5, 928, 764, 280, 316, 1, 1, 1
13, 5, 932, 764, 277, 316, 1, 1, 1
14, 5, 934, 763, 279, 317, 1, 1, 1
15, 5, 936, 761, 278, 319, 1, 1, 1
16, 5, 939, 782, 229, 298, 1, 1, 1
17, 5, 938, 766, 278, 314, 1, 1, 1
18, 5, 937, 747, 252, 333, 1, 1, 1
19, 5, 946, 748, 254, 330, 1, 1, 1
20, 5, 956, 734, 253, 346, 1, 1, 1
21, 5, 962, 735, 253, 345, 1, 1, 1
22, 5, 958, 734, 259, 346, 1, 1, 1
23, 5, 957, 738, 258, 342, 1, 1, 1
24, 5, 952, 742, 262, 338, 1, 1, 1
25, 5, 953, 745, 258, 335, 1, 1, 1
26, 5, 952, 746, 238, 334, 1, 1, 1
27, 5, 948, 751, 232, 329, 1, 1, 1
28, 5, 945, 743, 302, 337, 1, 1, 1
29, 5, 946, 746, 277, 334, 1, 1, 1
30, 5, 949, 744, 281, 336, 1, 1, 1
31, 5, 946, 740, 281, 340, 1, 1, 1
32, 5, 944, 738, 284, 342, 1, 1, 1
33, 5, 941, 738, 285, 342, 1, 1, 1
34, 5, 940, 736, 284, 344, 1, 1, 1
35, 5, 938, 736, 286, 344, 1, 1, 1
36, 5, 936, 741, 293, 339, 1, 1, 1
37, 5, 933, 747, 288, 333, 1, 1, 1
38, 5, 942, 744, 280, 336, 1, 1, 1
39, 5, 937, 752, 284, 328, 1, 1, 1
40, 5, 938, 748, 278, 332, 1, 1, 1
41, 5, 932, 753, 282, 327, 1, 1, 1
42, 5, 928, 756, 277, 323, 1, 1, 1
43, 5, 927, 762, 270, 318, 1, 1, 1
44, 5, 917, 762, 270, 317, 1, 1, 1
45, 5, 909, 770, 274, 310, 1, 1, 1
46, 5, 908, 763, 279, 316, 1, 1, 1
47, 5, 906, 766, 278, 314, 1, 1, 1
48, 5, 915, 768, 278, 312, 1, 1, 1
49, 5, 909, 777, 282, 303, 1, 1, 1
50, 5, 910, 773, 282, 307, 1, 1, 1
51, 5, 907, 777, 285, 303, 1, 1, 1
52, 5, 907, 780, 290, 300, 1, 1, 1
53, 5, 907, 781, 291, 299, 1, 1, 1
54, 5, 913, 784, 288, 296, 1, 1, 1
55, 5, 912, 784, 293, 296, 1, 1, 1
56, 5, 912, 782, 294, 298, 1, 1, 1
57, 5, 912, 785, 296, 295, 1, 1, 1
58, 5, 911, 783, 299, 297, 1, 1, 1
59, 5, 911, 785, 300, 295, 1, 1, 1
60, 5, 908, 782, 295, 298, 1, 1, 1
61, 5, 906, 781, 303, 299, 1, 1, 1
62, 5, 901, 782, 308, 298, 1, 1, 1
63, 5, 908, 783, 302, 297, 1, 1, 1
64, 5, 905, 783, 301, 297, 1, 1, 1
65, 5, 921, 786, 283, 294, 1, 1, 1
66, 5, 914, 790, 295, 290, 1, 1, 1
67, 5, 907, 800, 293, 280, 1, 1, 1
68, 5, 892, 810, 300, 270, 1, 1, 1
69, 5, 896, 829, 289, 251, 1, 1, 1
70, 5, 882, 846, 297, 234, 1, 1, 1
71, 5, 870, 869, 301, 211, 1, 1, 1
72, 5, 864, 878, 305, 202, 1, 1, 1
73, 5, 873, 891, 300, 189, 1, 1, 1
74, 5, 872, 896, 301, 184, 1, 1, 1
75, 5, 896, 900, 278, 180, 1, 1, 1
76, 5, 872, 904, 300, 176, 1, 1, 1
77, 5, 872, 906, 302, 174, 1, 1, 1
78, 5, 874, 903, 303, 177, 1, 1, 1
79, 5, 882, 899, 291, 181, 1, 1, 1
80, 5, 879, 902, 314, 178, 1, 1, 1
81, 5, 885, 902, 314, 178, 1, 1, 1
82, 5, 894, 901, 310, 179, 1, 1, 1
83, 5, 896, 908, 311, 172, 1, 1, 1
84, 5, 892, 909, 314, 171, 1, 1, 1
85, 5, 891, 910, 318, 170, 1, 1, 1
86, 5, 889, 912, 317, 168, 1, 1, 1
87, 5, 893, 912, 316, 168, 1, 1, 1
88, 5, 894, 910, 317, 170, 1, 1, 1
89, 5, 893, 907, 318, 173, 1, 1, 1
90, 5, 890, 908, 324, 171, 1, 1, 1
91, 5, 892, 906, 324, 174, 1, 1, 1
92, 5, 894, 904, 323, 176, 1, 1, 1
93, 5, 886, 902, 331, 178, 1, 1, 1
94, 5, 877, 899, 337, 181, 1, 1, 1
95, 5, 880, 900, 339, 180, 1, 1, 1
96, 5, 875, 897, 338, 183, 1, 1, 1
97, 5, 876, 896, 339, 184, 1, 1, 1
98, 5, 873, 891, 338, 189, 1, 1, 1
99, 5, 869, 910, 342, 170, 1, 1, 1
100, 5, 865, 903, 340, 177, 1, 1, 1
101, 5, 864, 897, 340, 183, 1, 1, 1
102, 5, 864, 895, 343, 185, 1, 1, 1
103, 5, 869, 888, 328, 192, 1, 1, 1
104, 5, 856, 875, 349, 205, 1, 1, 1
105, 5, 861, 865, 341, 215, 1, 1, 1
106, 5, 859, 848, 329, 232, 1, 1, 1
107, 5, 864, 839, 340, 241, 1, 1, 1
108, 5, 866, 832, 346, 248, 1, 1, 1
109, 5, 866, 827, 346, 253, 1, 1, 1
110, 5, 865, 824, 345, 256, 1, 1, 1
111, 5, 865, 821, 346, 259, 1, 1, 1
112, 5, 868, 822, 346, 258, 1, 1, 1
113, 5, 867, 824, 346, 256, 1, 1, 1
114, 5, 867, 822, 347, 258, 1, 1, 1
115, 5, 859, 820, 352, 260, 1, 1, 1
116, 5, 859, 819, 348, 261, 1, 1, 1
117, 5, 863, 822, 354, 258, 1, 1, 1
118, 5, 868, 817, 350, 263, 1, 1, 1
119, 5, 875, 821, 344, 259, 1, 1, 1
120, 5, 879, 802, 340, 278, 1, 1, 1
