1, 1, 326, 371, 61, 34, 1, 1, 1
2, 1, 316, 371, 60, 32, 1, 1, 1
3, 1, 299, 368, 62, 33, 1, 1, 1
4, 1, 286, 369, 60, 32, 1, 1, 1
5, 1, 278, 368, 59, 32, 1, 1, 1
6, 1, 269, 371, 62, 31, 1, 1, 1
7, 1, 261, 372, 61, 29, 1, 1, 1
8, 1, 248, 369, 61, 29, 1, 1, 1
9, 1, 231, 367, 60, 28, 1, 1, 1
10, 1, 218, 365, 62, 29, 1, 1, 1
11, 1, 209, 366, 61, 27, 1, 1, 1
12, 1, 199, 364, 62, 28, 1, 1, 1
13, 1, 190, 362, 62, 27, 1, 1, 1
14, 1, 182, 361, 63, 27, 1, 1, 1
15, 1, 178, 358, 62, 27, 1, 1, 1
16, 1, 179, 356, 62, 27, 1, 1, 1
17, 1, 183, 354, 61, 27, 1, 1, 1
18, 1, 183, 349, 61, 26, 1, 1, 1
19, 1, 181, 343, 62, 27, 1, 1, 1
20, 1, 181, 337, 62, 30, 1, 1, 1
21, 1, 184, 331, 62, 29, 1, 1, 1
22, 1, 190, 322, 63, 29, 1, 1, 1
23, 1, 192, 316, 63, 29, 1, 1, 1
24, 1, 196, 306, 62, 28, 1, 1, 1
25, 1, 196, 296, 62, 28, 1, 1, 1
26, 1, 200, 292, 63, 28, 1, 1, 1
27, 1, 201, 287, 63, 28, 1, 1, 1
28, 1, 199, 282, 63, 28, 1, 1, 1
29, 1, 200, 277, 63, 29, 1, 1, 1
30, 1, 203, 273, 62, 29, 1, 1, 1
31, 1, 204, 272, 65, 29, 1, 1, 1
32, 1, 208, 266, 64, 29, 1, 1, 1
33, 1, 209, 261, 64, 29, 1, 1, 1
34, 1, 208, 259, 64, 28, 1, 1, 1
35, 1, 211, 258, 63, 27, 1, 1, 1
36, 1, 218, 257, 64, 29, 1, 1, 1
37, 1, 223, 257, 65, 28, 1, 1, 1
38, 1, 228, 254, 60, 28, 1, 1, 1
39, 1, 233, 253, 62, 28, 1, 1, 1
1, 2, 352, 319, 61, 36, 1, 1, 1
2, 2, 342, 321, 60, 33, 1, 1, 1
3, 2, 326, 321, 61, 32, 1, 1, 1
4, 2, 313, 320, 62, 33, 1, 1, 1
5, 2, 305, 321, 61, 32, 1, 1, 1
6, 2, 299, 324, 60, 32, 1, 1, 1
7, 2, 290, 325, 61, 32, 1, 1, 1
8, 2, 279, 325, 59, 30, 1, 1, 1
9, 2, 261, 322, 61, 31, 1, 1, 1
10, 2, 250, 321, 61, 30, 1, 1, 1
11, 2, 240, 323, 61, 30, 1, 1, 1
12, 2, 231, 322, 60, 30, 1, 1, 1
13, 2, 221, 322, 61, 29, 1, 1, 1
14, 2, 215, 321, 61, 29, 1, 1, 1
15, 2, 210, 319, 62, 29, 1, 1, 1
16, 2, 213, 319, 61, 27, 1, 1, 1
17, 2, 218, 316, 60, 28, 1, 1, 1
18, 2, 216, 313, 61, 26, 1, 1, 1
19, 2, 215, 309, 61, 27, 1, 1, 1
20, 2, 215, 305, 62, 26, 1, 1, 1
21, 2, 219, 300, 61, 25, 1, 1, 1
22, 2, 224, 292, 62, 26, 1, 1, 1
23, 2, 228, 287, 63, 26, 1, 1, 1
24, 2, 232, 278, 62, 25, 1, 1, 1
25, 2, 232, 269, 62, 26, 1, 1, 1
26, 2, 235, 266, 63, 26, 1, 1, 1
27, 2, 237, 261, 63, 28, 1, 1, 1
28, 2, 236, 257, 62, 26, 1, 1, 1
29, 2, 237, 256, 63, 23, 1, 1, 1
30, 2, 240, 253, 63, 22, 1, 1, 1
31, 2, 244, 252, 62, 21, 1, 1, 1
32, 2, 247, 248, 63, 21, 1, 1, 1
33, 2, 248, 245, 62, 21, 1, 1, 1
34, 2, 248, 243, 62, 22, 1, 1, 1
35, 2, 252, 243, 62, 24, 1, 1, 1
36, 2, 257, 244, 64, 26, 1, 1, 1
37, 2, 263, 244, 63, 26, 1, 1, 1
38, 2, 267, 243, 65, 27, 1, 1, 1
39, 2, 272, 243, 63, 26, 1, 1, 1
1, 3, 399, 276, 61, 36, 1, 1, 1
2, 3, 390, 276, 61, 36, 1, 1, 1
3, 3, 375, 276, 60, 35, 1, 1, 1
4, 3, 360, 277, 62, 35, 1, 1, 1
5, 3, 354, 279, 63, 33, 1, 1, 1
6, 3, 347, 283, 61, 32, 1, 1, 1
7, 3, 339, 285, 62, 32, 1, 1, 1
8, 3, 328, 284, 60, 33, 1, 1, 1
9, 3, 312, 283, 59, 32, 1, 1, 1
10, 3, 301, 284, 60, 31, 1, 1, 1
11, 3, 291, 285, 60, 30, 1, 1, 1
12, 3, 282, 285, 61, 30, 1, 1, 1
13, 3, 273, 285, 60, 29, 1, 1, 1
14, 3, 266, 284, 62, 31, 1, 1, 1
15, 3, 262, 283, 62, 30, 1, 1, 1
16, 3, 265, 284, 61, 28, 1, 1, 1
17, 3, 267, 281, 61, 30, 1, 1, 1
18, 3, 269, 279, 61, 28, 1, 1, 1
19, 3, 267, 275, 62, 28, 1, 1, 1
20, 3, 269, 271, 61, 28, 1, 1, 1
21, 3, 271, 265, 64, 30, 1, 1, 1
22, 3, 279, 259, 61, 28, 1, 1, 1
23, 3, 281, 254, 62, 27, 1, 1, 1
24, 3, 285, 245, 62, 28, 1, 1, 1
25, 3, 286, 236, 63, 29, 1, 1, 1
26, 3, 290, 234, 62, 27, 1, 1, 1
27, 3, 290, 231, 63, 27, 1, 1, 1
28, 3, 290, 227, 63, 27, 1, 1, 1
29, 3, 291, 223, 63, 29, 1, 1, 1
30, 3, 293, 223, 63, 26, 1, 1, 1
31, 3, 298, 221, 62, 26, 1, 1, 1
32, 3, 300, 217, 63, 29, 1, 1, 1
33, 3, 303, 214, 63, 26, 1, 1, 1
34, 3, 302, 213, 63, 28, 1, 1, 1
35, 3, 307, 214, 60, 29, 1, 1, 1
36, 3, 313, 217, 57, 28, 1, 1, 1
37, 3, 317, 220, 54, 25, 1, 1, 1
38, 3, 322, 217, 63, 29, 1, 1, 1
39, 3, 328, 215, 65, 33, 1, 1, 1
