1, 2, 501, 0, 459, 271, 1, 1, 1
2, 2, 518, 0, 442, 364, 1, 1, 1
3, 2, 516, 0, 444, 358, 1, 1, 1
4, 2, 614, 64, 346, 327, 1, 1, 1
5, 2, 685, 84, 275, 470, 1, 1, 1
6, 2, 541, 52, 419, 574, 1, 1, 1
7, 2, 513, 0, 439, 694, 1, 1, 1
8, 2, 536, 0, 360, 720, 1, 1, 1
9, 2, 399, 166, 561, 500, 1, 1, 1
10, 2, 349, 151, 611, 569, 1, 1, 1
11, 2, 296, 220, 512, 500, 1, 1, 1
12, 2, 362, 211, 349, 509, 1, 1, 1
13, 2, 240, 91, 346, 629, 1, 1, 1
14, 2, 26, 257, 670, 463, 1, 1, 1
15, 2, 108, 437, 523, 283, 1, 1, 1
16, 2, 141, 417, 430, 303, 1, 1, 1
17, 2, 281, 205, 350, 382, 1, 1, 1
18, 2, 103, 142, 493, 449, 1, 1, 1
19, 2, 161, 302, 398, 389, 1, 1, 1
20, 2, 326, 307, 279, 383, 1, 1, 1
21, 2, 461, 217, 298, 345, 1, 1, 1
22, 2, 495, 227, 354, 440, 1, 1, 1
23, 2, 510, 252, 308, 381, 1, 1, 1
24, 2, 493, 233, 352, 327, 1, 1, 1
25, 2, 437, 251, 393, 397, 1, 1, 1
26, 2, 354, 246, 296, 313, 1, 1, 1
27, 2, 407, 207, 371, 380, 1, 1, 1
28, 2, 246, 205, 371, 268, 1, 1, 1
29, 2, 383, 134, 220, 379, 1, 1, 1
30, 2, 281, 73, 345, 392, 1, 1, 1
31, 2, 447, 67, 342, 432, 1, 1, 1
32, 2, 527, 7, 381, 540, 1, 1, 1
33, 2, 520, 69, 440, 442, 1, 1, 1
34, 2, 642, 133, 318, 404, 1, 1, 1
35, 2, 685, 126, 275, 434, 1, 1, 1
36, 2, 716, 43, 244, 383, 1, 1, 1
37, 2, 706, 169, 254, 263, 1, 1, 1
38, 2, 762, 126, 198, 297, 1, 1, 1
39, 2, 774, 82, 186, 336, 1, 1, 1
40, 2, 655, 58, 305, 339, 1, 1, 1
41, 2, 837, 46, 123, 339, 1, 1, 1
42, 2, 629, 0, 331, 328, 1, 1, 1
43, 2, 637, 0, 321, 171, 1, 1, 1
44, 2, 570, 1, 389, 248, 1, 1, 1
45, 2, 387, 65, 532, 264, 1, 1, 1
46, 2, 355, 39, 423, 340, 1, 1, 1
47, 2, 267, 74, 463, 319, 1, 1, 1
48, 2, 156, 83, 501, 293, 1, 1, 1
49, 2, 149, 35, 538, 329, 1, 1, 1
50, 2, 182, 0, 394, 327, 1, 1, 1
51, 2, 168, 0, 390, 328, 1, 1, 1
52, 2, 152, 0, 378, 323, 1, 1, 1
53, 2, 197, 3, 403, 291, 1, 1, 1
54, 2, 235, 18, 305, 266, 1, 1, 1
55, 2, 287, 0, 258, 257, 1, 1, 1
56, 2, 332, 0, 361, 271, 1, 1, 1
57, 2, 346, 58, 426, 247, 1, 1, 1
58, 2, 534, 48, 205, 240, 1, 1, 1
59, 2, 588, 38, 233, 233, 1, 1, 1
60, 2, 582, 16, 229, 272, 1, 1, 1
61, 2, 609, 0, 207, 224, 1, 1, 1
62, 2, 677, 0, 243, 235, 1, 1, 1
63, 2, 737, 0, 223, 221, 1, 1, 1
64, 2, 811, 0, 149, 217, 1, 1, 1
65, 2, 843, 18, 117, 213, 1, 1, 1
