50, 2, 645, 159, 174, 72, 1, 1, 1
51, 2, 636, 159, 175, 70, 1, 1, 1
52, 2, 622, 157, 182, 69, 1, 1, 1
53, 2, 606, 155, 183, 70, 1, 1, 1
54, 2, 592, 155, 178, 70, 1, 1, 1
55, 2, 579, 157, 180, 69, 1, 1, 1
56, 2, 559, 157, 177, 68, 1, 1, 1
57, 2, 543, 157, 172, 69, 1, 1, 1
58, 2, 531, 156, 173, 75, 1, 1, 1
59, 2, 515, 156, 172, 78, 1, 1, 1
60, 2, 499, 155, 171, 72, 1, 1, 1
61, 2, 487, 155, 169, 66, 1, 1, 1
62, 2, 473, 155, 169, 69, 1, 1, 1
63, 2, 457, 153, 165, 69, 1, 1, 1
64, 2, 446, 155, 165, 71, 1, 1, 1
65, 2, 434, 156, 164, 67, 1, 1, 1
66, 2, 420, 156, 171, 69, 1, 1, 1
67, 2, 410, 157, 165, 65, 1, 1, 1
68, 2, 400, 149, 157, 73, 1, 1, 1
69, 2, 395, 147, 157, 76, 1, 1, 1
70, 2, 383, 155, 162, 75, 1, 1, 1
71, 2, 376, 157, 164, 72, 1, 1, 1
72, 2, 359, 154, 166, 70, 1, 1, 1
73, 2, 350, 157, 161, 70, 1, 1, 1
74, 2, 335, 155, 163, 68, 1, 1, 1
75, 2, 328, 151, 160, 61, 1, 1, 1
76, 2, 313, 146, 153, 60, 1, 1, 1
77, 2, 300, 141, 158, 66, 1, 1, 1
78, 2, 288, 142, 154, 60, 1, 1, 1
79, 2, 278, 143, 153, 58, 1, 1, 1
80, 2, 266, 142, 151, 57, 1, 1, 1
