16, 3, 361, 182, 219, 179, 1, 1, 1
17, 3, 344, 179, 219, 179, 1, 1, 1
18, 3, 326, 175, 217, 182, 1, 1, 1
19, 3, 316, 170, 218, 184, 1, 1, 1
20, 3, 298, 167, 223, 186, 1, 1, 1
21, 3, 287, 165, 223, 189, 1, 1, 1
22, 3, 284, 162, 226, 191, 1, 1, 1
23, 3, 280, 159, 218, 195, 1, 1, 1
24, 3, 271, 156, 214, 199, 1, 1, 1
25, 3, 274, 154, 194, 205, 1, 1, 1
26, 3, 282, 152, 176, 210, 1, 1, 1
27, 3, 288, 148, 155, 216, 1, 1, 1
28, 3, 301, 145, 143, 222, 1, 1, 1
29, 3, 320, 142, 139, 227, 1, 1, 1
30, 3, 321, 143, 164, 230, 1, 1, 1
31, 3, 332, 144, 188, 233, 1, 1, 1
32, 3, 342, 144, 203, 236, 1, 1, 1
33, 3, 356, 141, 220, 240, 1, 1, 1
34, 3, 372, 143, 240, 241, 1, 1, 1
35, 3, 383, 146, 265, 240, 1, 1, 1
36, 3, 404, 148, 272, 239, 1, 1, 1
37, 3, 431, 149, 270, 238, 1, 1, 1
38, 3, 459, 150, 266, 236, 1, 1, 1
