7, 4, 847, 378, 423, 154, 1, 1, 1
8, 4, 824, 386, 431, 147, 1, 1, 1
9, 4, 792, 397, 458, 142, 1, 1, 1
10, 4, 771, 403, 460, 144, 1, 1, 1
11, 4, 746, 400, 468, 152, 1, 1, 1
12, 4, 726, 414, 484, 147, 1, 1, 1
13, 4, 706, 416, 497, 143, 1, 1, 1
14, 4, 689, 423, 510, 141, 1, 1, 1
15, 4, 682, 415, 506, 155, 1, 1, 1
16, 4, 671, 408, 504, 165, 1, 1, 1
17, 4, 648, 408, 507, 176, 1, 1, 1
18, 4, 628, 400, 487, 175, 1, 1, 1
19, 4, 604, 395, 472, 187, 1, 1, 1
20, 4, 577, 394, 459, 184, 1, 1, 1
21, 4, 566, 387, 433, 182, 1, 1, 1
22, 4, 550, 384, 415, 182, 1, 1, 1
23, 4, 535, 383, 405, 178, 1, 1, 1
24, 4, 525, 379, 375, 178, 1, 1, 1
25, 4, 512, 370, 356, 183, 1, 1, 1
26, 4, 502, 364, 332, 184, 1, 1, 1
27, 4, 495, 358, 308, 185, 1, 1, 1
28, 4, 479, 348, 299, 193, 1, 1, 1
29, 4, 464, 342, 296, 189, 1, 1, 1
30, 4, 455, 337, 290, 192, 1, 1, 1
31, 4, 444, 334, 282, 188, 1, 1, 1
32, 4, 435, 330, 279, 192, 1, 1, 1
33, 4, 433, 328, 275, 187, 1, 1, 1
34, 4, 442, 331, 259, 181, 1, 1, 1
35, 4, 434, 335, 258, 175, 1, 1, 1
36, 4, 427, 342, 253, 163, 1, 1, 1
37, 4, 412, 340, 258, 162, 1, 1, 1
38, 4, 404, 335, 254, 164, 1, 1, 1
39, 4, 400, 329, 244, 166, 1, 1, 1
40, 4, 370, 316, 265, 176, 1, 1, 1
41, 4, 354, 308, 280, 181, 1, 1, 1
42, 4, 350, 304, 268, 181, 1, 1, 1
43, 4, 349, 304, 266, 179, 1, 1, 1
44, 4, 342, 303, 268, 176, 1, 1, 1
45, 4, 333, 299, 284, 180, 1, 1, 1
46, 4, 334, 308, 279, 168, 1, 1, 1
47, 4, 326, 316, 280, 159, 1, 1, 1
48, 4, 322, 316, 279, 150, 1, 1, 1
