1, 2, 263, 370, 568, 199, 1, 1, 1
2, 2, 272, 368, 565, 199, 1, 1, 1
3, 2, 296, 369, 563, 199, 1, 1, 1
4, 2, 339, 368, 557, 201, 1, 1, 1
5, 2, 360, 368, 557, 201, 1, 1, 1
6, 2, 360, 369, 535, 199, 1, 1, 1
7, 2, 362, 369, 535, 200, 1, 1, 1
8, 2, 354, 371, 536, 199, 1, 1, 1
9, 2, 354, 374, 536, 199, 1, 1, 1
10, 2, 370, 376, 534, 199, 1, 1, 1
11, 2, 400, 374, 529, 199, 1, 1, 1
12, 2, 415, 373, 528, 199, 1, 1, 1
13, 2, 434, 372, 527, 199, 1, 1, 1
14, 2, 458, 373, 524, 200, 1, 1, 1
15, 2, 480, 372, 522, 199, 1, 1, 1
16, 2, 489, 371, 522, 190, 1, 1, 1
17, 2, 495, 369, 522, 199, 1, 1, 1
18, 2, 504, 367, 521, 200, 1, 1, 1
19, 2, 516, 367, 520, 200, 1, 1, 1
20, 2, 527, 367, 521, 200, 1, 1, 1
21, 2, 541, 367, 519, 190, 1, 1, 1
22, 2, 554, 366, 517, 200, 1, 1, 1
23, 2, 566, 368, 517, 200, 1, 1, 1
24, 2, 578, 369, 517, 200, 1, 1, 1
25, 2, 587, 368, 515, 199, 1, 1, 1
26, 2, 594, 366, 515, 201, 1, 1, 1
27, 2, 603, 366, 513, 201, 1, 1, 1
28, 2, 604, 366, 514, 201, 1, 1, 1
29, 2, 605, 367, 514, 202, 1, 1, 1
30, 2, 610, 367, 514, 202, 1, 1, 1
31, 2, 617, 367, 513, 202, 1, 1, 1
32, 2, 616, 369, 515, 201, 1, 1, 1
33, 2, 616, 368, 515, 202, 1, 1, 1
34, 2, 616, 369, 517, 201, 1, 1, 1
35, 2, 619, 369, 514, 193, 1, 1, 1
36, 2, 620, 368, 514, 194, 1, 1, 1
37, 2, 628, 367, 507, 194, 1, 1, 1
38, 2, 780, 368, 355, 193, 1, 1, 1
39, 2, 782, 367, 354, 193, 1, 1, 1
40, 2, 784, 367, 352, 193, 1, 1, 1
41, 2, 784, 366, 354, 194, 1, 1, 1
42, 2, 783, 366, 354, 194, 1, 1, 1
43, 2, 785, 366, 353, 195, 1, 1, 1
44, 2, 786, 366, 353, 196, 1, 1, 1
45, 2, 782, 367, 356, 192, 1, 1, 1
46, 2, 879, 367, 259, 201, 1, 1, 1
47, 2, 876, 366, 261, 202, 1, 1, 1
48, 2, 875, 367, 261, 202, 1, 1, 1
49, 2, 875, 368, 261, 200, 1, 1, 1
50, 2, 875, 367, 262, 202, 1, 1, 1
51, 2, 875, 367, 261, 201, 1, 1, 1
52, 2, 875, 366, 262, 202, 1, 1, 1
53, 2, 853, 367, 283, 201, 1, 1, 1
54, 2, 850, 368, 287, 200, 1, 1, 1
55, 2, 856, 367, 290, 201, 1, 1, 1
