98, 4, 652, 407, 238, 318, 1, 1, 1
99, 4, 663, 400, 247, 321, 1, 1, 1
100, 4, 666, 395, 254, 320, 1, 1, 1
101, 4, 670, 393, 252, 320, 1, 1, 1
102, 4, 685, 395, 231, 322, 1, 1, 1
103, 4, 727, 403, 235, 319, 1, 1, 1
104, 4, 762, 411, 278, 317, 1, 1, 1
105, 4, 773, 415, 265, 312, 1, 1, 1
106, 4, 787, 416, 250, 314, 1, 1, 1
107, 4, 805, 418, 232, 314, 1, 1, 1
108, 4, 829, 418, 227, 316, 1, 1, 1
109, 4, 857, 412, 273, 321, 1, 1, 1
110, 4, 868, 410, 264, 322, 1, 1, 1
111, 4, 868, 412, 262, 323, 1, 1, 1
112, 4, 868, 412, 260, 320, 1, 1, 1
113, 4, 924, 416, 215, 314, 1, 1, 1
114, 4, 955, 403, 262, 320, 1, 1, 1
115, 4, 973, 397, 251, 313, 1, 1, 1
116, 4, 973, 399, 243, 310, 1, 1, 1
