1, 1, 1316, 462, 203, 168, 1, 1, 1
2, 1, 1307, 438, 208, 191, 1, 1, 1
3, 1, 1310, 447, 196, 182, 1, 1, 1
4, 1, 1308, 453, 208, 176, 1, 1, 1
5, 1, 1311, 460, 208, 169, 1, 1, 1
6, 1, 1310, 457, 192, 172, 1, 1, 1
7, 1, 1313, 455, 185, 176, 1, 1, 1
8, 1, 1317, 454, 182, 176, 1, 1, 1
9, 1, 1309, 450, 210, 179, 1, 1, 1
10, 1, 1291, 458, 252, 172, 1, 1, 1
11, 1, 1294, 451, 245, 178, 1, 1, 1
12, 1, 1301, 458, 221, 171, 1, 1, 1
13, 1, 1301, 434, 199, 196, 1, 1, 1
14, 1, 1302, 433, 198, 196, 1, 1, 1
15, 1, 1304, 446, 197, 184, 1, 1, 1
16, 1, 1308, 445, 195, 186, 1, 1, 1
17, 1, 1307, 454, 206, 175, 1, 1, 1
18, 1, 1309, 446, 206, 185, 1, 1, 1
19, 1, 1290, 453, 240, 176, 1, 1, 1
20, 1, 1285, 453, 249, 176, 1, 1, 1
21, 1, 1293, 453, 236, 175, 1, 1, 1
22, 1, 1287, 436, 233, 194, 1, 1, 1
23, 1, 1292, 442, 223, 186, 1, 1, 1
24, 1, 1288, 451, 218, 177, 1, 1, 1
25, 1, 1298, 453, 223, 176, 1, 1, 1
26, 1, 1297, 458, 215, 170, 1, 1, 1
27, 1, 1298, 456, 213, 171, 1, 1, 1
28, 1, 1305, 452, 208, 175, 1, 1, 1
29, 1, 1302, 452, 219, 176, 1, 1, 1
30, 1, 1294, 443, 240, 184, 1, 1, 1
31, 1, 1297, 427, 206, 200, 1, 1, 1
32, 1, 1310, 450, 209, 177, 1, 1, 1
33, 1, 1308, 439, 187, 188, 1, 1, 1
34, 1, 1308, 442, 191, 186, 1, 1, 1
35, 1, 1308, 453, 198, 175, 1, 1, 1
36, 1, 1305, 441, 206, 186, 1, 1, 1
37, 1, 1303, 437, 203, 190, 1, 1, 1
38, 1, 1302, 445, 221, 185, 1, 1, 1
39, 1, 1294, 445, 227, 184, 1, 1, 1
40, 1, 1302, 450, 218, 178, 1, 1, 1
41, 1, 1300, 455, 214, 174, 1, 1, 1
42, 1, 1307, 452, 195, 176, 1, 1, 1
43, 1, 1305, 451, 208, 177, 1, 1, 1
44, 1, 1308, 449, 207, 179, 1, 1, 1
45, 1, 1307, 448, 209, 178, 1, 1, 1
46, 1, 1310, 450, 204, 177, 1, 1, 1
47, 1, 1301, 454, 214, 174, 1, 1, 1
48, 1, 1302, 450, 213, 178, 1, 1, 1
1, 3, 725, 496, 327, 171, 1, 1, 1
2, 3, 725, 493, 327, 168, 1, 1, 1
3, 3, 716, 498, 334, 162, 1, 1, 1
4, 3, 720, 480, 326, 185, 1, 1, 1
5, 3, 719, 478, 331, 188, 1, 1, 1
6, 3, 726, 494, 326, 173, 1, 1, 1
7, 3, 725, 493, 328, 174, 1, 1, 1
8, 3, 732, 494, 321, 173, 1, 1, 1
9, 3, 729, 482, 320, 185, 1, 1, 1
10, 3, 724, 462, 324, 204, 1, 1, 1
11, 3, 733, 453, 328, 213, 1, 1, 1
12, 3, 734, 453, 328, 213, 1, 1, 1
13, 3, 729, 487, 334, 178, 1, 1, 1
14, 3, 726, 487, 336, 179, 1, 1, 1
15, 3, 720, 490, 341, 176, 1, 1, 1
16, 3, 704, 493, 339, 173, 1, 1, 1
17, 3, 660, 502, 316, 161, 1, 1, 1
18, 3, 654, 511, 325, 152, 1, 1, 1
19, 3, 662, 504, 319, 159, 1, 1, 1
20, 3, 667, 502, 319, 133, 1, 1, 1
21, 3, 669, 502, 315, 138, 1, 1, 1
22, 3, 659, 505, 325, 140, 1, 1, 1
23, 3, 658, 500, 328, 131, 1, 1, 1
24, 3, 652, 500, 332, 127, 1, 1, 1
25, 3, 650, 499, 334, 129, 1, 1, 1
26, 3, 663, 504, 319, 156, 1, 1, 1
27, 3, 672, 498, 308, 128, 1, 1, 1
28, 3, 671, 496, 308, 143, 1, 1, 1
29, 3, 670, 500, 308, 142, 1, 1, 1
30, 3, 671, 496, 307, 133, 1, 1, 1
31, 3, 663, 492, 315, 136, 1, 1, 1
32, 3, 647, 475, 335, 153, 1, 1, 1
33, 3, 647, 476, 334, 150, 1, 1, 1
34, 3, 647, 484, 336, 138, 1, 1, 1
35, 3, 637, 466, 344, 151, 1, 1, 1
36, 3, 640, 482, 343, 141, 1, 1, 1
37, 3, 641, 478, 338, 138, 1, 1, 1
38, 3, 640, 477, 341, 143, 1, 1, 1
39, 3, 643, 467, 338, 157, 1, 1, 1
40, 3, 641, 471, 342, 161, 1, 1, 1
41, 3, 633, 487, 351, 140, 1, 1, 1
42, 3, 629, 491, 262, 150, 1, 1, 1
43, 3, 612, 497, 369, 166, 1, 1, 1
44, 3, 615, 501, 368, 162, 1, 1, 1
45, 3, 621, 494, 363, 169, 1, 1, 1
46, 3, 621, 483, 364, 180, 1, 1, 1
47, 3, 622, 486, 363, 176, 1, 1, 1
48, 3, 639, 481, 345, 182, 1, 1, 1
