1, 1, 436, 129, 69, 94, 1, 1, 1
2, 1, 439, 122, 72, 99, 1, 1, 1
3, 1, 438, 129, 71, 96, 1, 1, 1
4, 1, 437, 122, 82, 101, 1, 1, 1
5, 1, 440, 127, 77, 101, 1, 1, 1
6, 1, 432, 121, 89, 106, 1, 1, 1
7, 1, 426, 128, 83, 102, 1, 1, 1
8, 1, 415, 125, 93, 103, 1, 1, 1
9, 1, 401, 132, 91, 101, 1, 1, 1
10, 1, 395, 125, 95, 109, 1, 1, 1
11, 1, 385, 129, 90, 108, 1, 1, 1
12, 1, 383, 124, 99, 114, 1, 1, 1
13, 1, 386, 123, 85, 117, 1, 1, 1
14, 1, 383, 120, 87, 121, 1, 1, 1
15, 1, 384, 126, 77, 117, 1, 1, 1
16, 1, 385, 124, 87, 118, 1, 1, 1
17, 1, 387, 125, 76, 121, 1, 1, 1
18, 1, 387, 122, 81, 125, 1, 1, 1
19, 1, 389, 127, 76, 121, 1, 1, 1
20, 1, 393, 126, 84, 124, 1, 1, 1
21, 1, 390, 131, 76, 121, 1, 1, 1
22, 1, 398, 124, 82, 127, 1, 1, 1
23, 1, 403, 126, 69, 130, 1, 1, 1
24, 1, 411, 119, 72, 132, 1, 1, 1
25, 1, 415, 127, 64, 132, 1, 1, 1
26, 1, 416, 120, 63, 136, 1, 1, 1
27, 1, 414, 126, 66, 137, 1, 1, 1
28, 1, 420, 119, 63, 142, 1, 1, 1
29, 1, 423, 128, 65, 139, 1, 1, 1
30, 1, 432, 115, 68, 151, 1, 1, 1
31, 1, 436, 127, 68, 144, 1, 1, 1
32, 1, 445, 113, 64, 158, 1, 1, 1
33, 1, 443, 126, 68, 151, 1, 1, 1
34, 1, 449, 115, 67, 163, 1, 1, 1
35, 1, 449, 127, 69, 156, 1, 1, 1
36, 1, 458, 110, 68, 174, 1, 1, 1
37, 1, 462, 123, 71, 166, 1, 1, 1
38, 1, 468, 106, 70, 184, 1, 1, 1
39, 1, 477, 118, 70, 178, 1, 1, 1
40, 1, 492, 103, 75, 193, 1, 1, 1
41, 1, 506, 114, 73, 187, 1, 1, 1
42, 1, 513, 97, 79, 206, 1, 1, 1
43, 1, 526, 105, 78, 205, 1, 1, 1
44, 1, 540, 94, 82, 221, 1, 1, 1
45, 1, 554, 97, 83, 219, 1, 1, 1
1, 2, 302, 127, 59, 98, 1, 1, 1
2, 2, 305, 124, 59, 98, 1, 1, 1
3, 2, 294, 131, 71, 98, 1, 1, 1
4, 2, 293, 123, 69, 105, 1, 1, 1
5, 2, 286, 130, 86, 100, 1, 1, 1
6, 2, 283, 123, 78, 106, 1, 1, 1
7, 2, 275, 134, 92, 99, 1, 1, 1
8, 2, 273, 123, 76, 109, 1, 1, 1
9, 2, 264, 134, 86, 104, 1, 1, 1
10, 2, 275, 126, 63, 110, 1, 1, 1
11, 2, 271, 138, 70, 101, 1, 1, 1
12, 2, 270, 127, 66, 111, 1, 1, 1
13, 2, 280, 138, 61, 106, 1, 1, 1
14, 2, 279, 125, 54, 117, 1, 1, 1
15, 2, 270, 134, 62, 112, 1, 1, 1
16, 2, 266, 124, 56, 123, 1, 1, 1
17, 2, 259, 135, 61, 115, 1, 1, 1
18, 2, 262, 128, 63, 120, 1, 1, 1
19, 2, 263, 138, 56, 114, 1, 1, 1
20, 2, 267, 133, 54, 119, 1, 1, 1
21, 2, 272, 136, 50, 120, 1, 1, 1
22, 2, 275, 130, 53, 127, 1, 1, 1
23, 2, 279, 130, 53, 129, 1, 1, 1
24, 2, 284, 123, 51, 138, 1, 1, 1
25, 2, 287, 124, 53, 139, 1, 1, 1
26, 2, 290, 127, 50, 137, 1, 1, 1
27, 2, 286, 121, 55, 143, 1, 1, 1
28, 2, 291, 129, 54, 140, 1, 1, 1
29, 2, 292, 118, 57, 149, 1, 1, 1
30, 2, 295, 126, 56, 147, 1, 1, 1
31, 2, 296, 114, 60, 156, 1, 1, 1
32, 2, 298, 123, 58, 156, 1, 1, 1
33, 2, 292, 113, 62, 161, 1, 1, 1
34, 2, 289, 124, 62, 161, 1, 1, 1
35, 2, 284, 109, 66, 180, 1, 1, 1
36, 2, 284, 117, 64, 175, 1, 1, 1
37, 2, 282, 111, 70, 181, 1, 1, 1
38, 2, 279, 115, 68, 183, 1, 1, 1
39, 2, 275, 112, 72, 190, 1, 1, 1
40, 2, 280, 109, 73, 196, 1, 1, 1
41, 2, 279, 114, 76, 194, 1, 1, 1
42, 2, 276, 100, 77, 204, 1, 1, 1
43, 2, 275, 110, 80, 207, 1, 1, 1
44, 2, 277, 92, 84, 220, 1, 1, 1
45, 2, 283, 106, 87, 223, 1, 1, 1
1, 3, 321, 133, 56, 92, 1, 1, 1
2, 3, 326, 128, 57, 89, 1, 1, 1
3, 3, 322, 128, 58, 100, 1, 1, 1
4, 3, 337, 130, 49, 93, 1, 1, 1
5, 3, 329, 126, 58, 98, 1, 1, 1
6, 3, 324, 124, 65, 107, 1, 1, 1
7, 3, 312, 122, 73, 109, 1, 1, 1
8, 3, 305, 126, 71, 104, 1, 1, 1
9, 3, 296, 129, 68, 107, 1, 1, 1
10, 3, 292, 128, 59, 105, 1, 1, 1
11, 3, 288, 128, 58, 110, 1, 1, 1
12, 3, 292, 129, 51, 106, 1, 1, 1
13, 3, 284, 130, 63, 110, 1, 1, 1
14, 3, 306, 145, 34, 93, 1, 1, 1
15, 3, 288, 134, 50, 107, 1, 1, 1
16, 3, 285, 129, 52, 115, 1, 1, 1
17, 3, 293, 139, 47, 105, 1, 1, 1
18, 3, 291, 135, 50, 114, 1, 1, 1
19, 3, 302, 138, 47, 110, 1, 1, 1
20, 3, 303, 127, 55, 121, 1, 1, 1
21, 3, 300, 133, 65, 120, 1, 1, 1
22, 3, 302, 124, 60, 126, 1, 1, 1
23, 3, 302, 129, 71, 127, 1, 1, 1
24, 3, 307, 131, 57, 122, 1, 1, 1
25, 3, 284, 131, 85, 129, 1, 1, 1
26, 3, 277, 120, 69, 143, 1, 1, 1
27, 3, 263, 128, 73, 137, 1, 1, 1
28, 3, 264, 122, 45, 142, 1, 1, 1
29, 3, 254, 132, 49, 138, 1, 1, 1
30, 3, 250, 125, 54, 145, 1, 1, 1
31, 3, 243, 129, 58, 144, 1, 1, 1
32, 3, 231, 123, 63, 157, 1, 1, 1
33, 3, 219, 122, 64, 157, 1, 1, 1
34, 3, 210, 123, 44, 153, 1, 1, 1
35, 3, 202, 119, 45, 166, 1, 1, 1
36, 3, 184, 130, 69, 159, 1, 1, 1
37, 3, 182, 118, 42, 166, 1, 1, 1
38, 3, 164, 131, 41, 166, 1, 1, 1
39, 3, 159, 116, 44, 176, 1, 1, 1
40, 3, 154, 130, 50, 177, 1, 1, 1
41, 3, 150, 113, 62, 195, 1, 1, 1
42, 3, 138, 121, 65, 194, 1, 1, 1
43, 3, 133, 111, 67, 205, 1, 1, 1
44, 3, 128, 114, 67, 208, 1, 1, 1
45, 3, 121, 113, 74, 217, 1, 1, 1
1, 4, 229, 144, 57, 81, 1, 1, 1
2, 4, 235, 147, 53, 79, 1, 1, 1
3, 4, 233, 148, 53, 81, 1, 1, 1
4, 4, 233, 145, 55, 85, 1, 1, 1
5, 4, 233, 148, 61, 84, 1, 1, 1
6, 4, 229, 137, 64, 94, 1, 1, 1
7, 4, 224, 143, 68, 91, 1, 1, 1
8, 4, 205, 136, 92, 98, 1, 1, 1
9, 4, 183, 141, 82, 96, 1, 1, 1
10, 4, 168, 136, 87, 102, 1, 1, 1
11, 4, 149, 145, 86, 96, 1, 1, 1
12, 4, 148, 138, 80, 102, 1, 1, 1
13, 4, 144, 144, 70, 101, 1, 1, 1
14, 4, 143, 140, 58, 106, 1, 1, 1
15, 4, 145, 145, 50, 102, 1, 1, 1
16, 4, 138, 142, 53, 107, 1, 1, 1
17, 4, 148, 144, 46, 106, 1, 1, 1
18, 4, 148, 140, 50, 112, 1, 1, 1
19, 4, 156, 141, 48, 112, 1, 1, 1
20, 4, 160, 138, 51, 118, 1, 1, 1
21, 4, 167, 138, 49, 118, 1, 1, 1
22, 4, 172, 138, 52, 121, 1, 1, 1
23, 4, 181, 137, 49, 123, 1, 1, 1
24, 4, 183, 140, 53, 122, 1, 1, 1
25, 4, 188, 137, 51, 127, 1, 1, 1
26, 4, 185, 143, 54, 124, 1, 1, 1
27, 4, 187, 134, 52, 129, 1, 1, 1
28, 4, 188, 142, 53, 130, 1, 1, 1
29, 4, 193, 132, 53, 129, 1, 1, 1
30, 4, 201, 143, 57, 133, 1, 1, 1
31, 4, 205, 128, 55, 146, 1, 1, 1
32, 4, 211, 143, 53, 138, 1, 1, 1
33, 4, 207, 134, 59, 150, 1, 1, 1
34, 4, 206, 154, 64, 135, 1, 1, 1
35, 4, 198, 148, 62, 142, 1, 1, 1
36, 4, 196, 154, 60, 142, 1, 1, 1
37, 4, 197, 152, 58, 145, 1, 1, 1
38, 4, 185, 150, 65, 153, 1, 1, 1
39, 4, 187, 137, 62, 167, 1, 1, 1
40, 4, 189, 136, 68, 175, 1, 1, 1
41, 4, 192, 122, 68, 193, 1, 1, 1
42, 4, 186, 128, 74, 191, 1, 1, 1
43, 4, 187, 128, 71, 198, 1, 1, 1
44, 4, 188, 124, 76, 204, 1, 1, 1
45, 4, 188, 127, 78, 205, 1, 1, 1
1, 5, 197, 135, 62, 91, 1, 1, 1
2, 5, 201, 134, 52, 92, 1, 1, 1
3, 5, 204, 133, 71, 96, 1, 1, 1
4, 5, 208, 133, 51, 96, 1, 1, 1
5, 5, 217, 129, 52, 102, 1, 1, 1
6, 5, 218, 128, 57, 98, 1, 1, 1
7, 5, 219, 130, 51, 98, 1, 1, 1
8, 5, 216, 130, 48, 102, 1, 1, 1
9, 5, 216, 133, 75, 103, 1, 1, 1
10, 5, 220, 124, 70, 112, 1, 1, 1
11, 5, 228, 127, 58, 111, 1, 1, 1
12, 5, 234, 123, 62, 112, 1, 1, 1
13, 5, 243, 133, 47, 109, 1, 1, 1
14, 5, 241, 126, 57, 115, 1, 1, 1
15, 5, 240, 132, 56, 112, 1, 1, 1
16, 5, 238, 131, 45, 114, 1, 1, 1
17, 5, 240, 130, 53, 116, 1, 1, 1
18, 5, 242, 130, 26, 118, 1, 1, 1
19, 5, 244, 125, 47, 118, 1, 1, 1
20, 5, 251, 132, 39, 118, 1, 1, 1
21, 5, 253, 124, 47, 126, 1, 1, 1
22, 5, 259, 131, 47, 122, 1, 1, 1
23, 5, 258, 122, 55, 129, 1, 1, 1
24, 5, 258, 131, 45, 128, 1, 1, 1
25, 5, 249, 127, 48, 132, 1, 1, 1
26, 5, 239, 126, 53, 137, 1, 1, 1
27, 5, 220, 127, 81, 139, 1, 1, 1
28, 5, 209, 123, 64, 135, 1, 1, 1
29, 5, 196, 130, 71, 140, 1, 1, 1
30, 5, 184, 120, 73, 148, 1, 1, 1
31, 5, 175, 129, 57, 147, 1, 1, 1
32, 5, 164, 119, 58, 158, 1, 1, 1
33, 5, 154, 123, 63, 157, 1, 1, 1
34, 5, 136, 120, 73, 164, 1, 1, 1
35, 5, 119, 120, 83, 166, 1, 1, 1
36, 5, 111, 118, 79, 172, 1, 1, 1
37, 5, 100, 116, 85, 171, 1, 1, 1
38, 5, 88, 128, 80, 169, 1, 1, 1
39, 5, 68, 123, 96, 177, 1, 1, 1
40, 5, 64, 129, 94, 178, 1, 1, 1
41, 5, 52, 119, 87, 190, 1, 1, 1
42, 5, 33, 123, 96, 191, 1, 1, 1
43, 5, 12, 124, 104, 197, 1, 1, 1
44, 5, 0, 109, 97, 205, 1, 1, 1
45, 5, 0, 115, 92, 215, 1, 1, 1
