331, 1, 1437, 520, 71, 280, 1, 1, 1
332, 1, 1427, 523, 76, 275, 1, 1, 1
333, 1, 1436, 519, 65, 279, 1, 1, 1
334, 1, 1428, 519, 78, 280, 1, 1, 1
335, 1, 1424, 525, 79, 274, 1, 1, 1
336, 1, 1432, 532, 72, 269, 1, 1, 1
337, 1, 1425, 533, 85, 271, 1, 1, 1
338, 1, 1431, 543, 73, 264, 1, 1, 1
339, 1, 1435, 542, 73, 265, 1, 1, 1
340, 1, 1429, 551, 79, 256, 1, 1, 1
341, 1, 1434, 549, 73, 256, 1, 1, 1
342, 1, 1436, 550, 72, 255, 1, 1, 1
182, 3, 830, 318, 150, 98, 1, 1, 1
183, 3, 830, 323, 149, 91, 1, 1, 1
184, 3, 827, 319, 143, 91, 1, 1, 1
185, 3, 812, 314, 156, 97, 1, 1, 1
186, 3, 825, 322, 140, 88, 1, 1, 1
187, 3, 830, 313, 130, 97, 1, 1, 1
188, 3, 816, 309, 145, 97, 1, 1, 1
189, 3, 825, 315, 133, 92, 1, 1, 1
190, 3, 824, 309, 135, 101, 1, 1, 1
191, 3, 818, 309, 141, 101, 1, 1, 1
192, 3, 821, 313, 132, 94, 1, 1, 1
193, 3, 816, 307, 130, 98, 1, 1, 1
194, 3, 820, 307, 129, 98, 1, 1, 1
195, 3, 819, 306, 124, 100, 1, 1, 1
196, 3, 808, 304, 136, 105, 1, 1, 1
197, 3, 809, 308, 134, 101, 1, 1, 1
198, 3, 816, 315, 135, 95, 1, 1, 1
199, 3, 810, 311, 139, 102, 1, 1, 1
200, 3, 818, 313, 137, 102, 1, 1, 1
201, 3, 807, 308, 150, 108, 1, 1, 1
202, 3, 815, 318, 143, 105, 1, 1, 1
203, 3, 817, 319, 137, 101, 1, 1, 1
204, 3, 819, 320, 138, 104, 1, 1, 1
205, 3, 821, 316, 137, 109, 1, 1, 1
206, 3, 825, 323, 134, 103, 1, 1, 1
207, 3, 819, 324, 140, 103, 1, 1, 1
208, 3, 819, 330, 140, 101, 1, 1, 1
209, 3, 826, 329, 135, 104, 1, 1, 1
210, 3, 822, 326, 140, 106, 1, 1, 1
211, 3, 823, 330, 133, 101, 1, 1, 1
212, 3, 815, 326, 142, 105, 1, 1, 1
213, 3, 820, 330, 125, 101, 1, 1, 1
214, 3, 817, 324, 126, 107, 1, 1, 1
