14, 5, 0, 17, 524, 703, 1, 1, 1
15, 5, 0, 0, 846, 720, 1, 1, 1
16, 5, 0, 27, 945, 693, 1, 1, 1
17, 5, 0, 20, 1021, 700, 1, 1, 1
18, 5, 0, 55, 1118, 665, 1, 1, 1
19, 5, 193, 85, 1019, 635, 1, 1, 1
20, 5, 444, 80, 836, 640, 1, 1, 1
21, 5, 0, 153, 1280, 567, 1, 1, 1
22, 5, 894, 210, 386, 510, 1, 1, 1
23, 5, 993, 236, 287, 484, 1, 1, 1
24, 5, 1095, 470, 185, 250, 1, 1, 1
20, 6, 0, 166, 201, 432, 1, 1, 1
21, 6, 0, 156, 601, 564, 1, 1, 1
22, 6, 339, 104, 488, 616, 1, 1, 1
23, 6, 769, 139, 223, 568, 1, 1, 1
24, 6, 571, 288, 200, 126, 1, 1, 1
25, 6, 852, 142, 408, 188, 1, 1, 1
26, 6, 1101, 141, 179, 170, 1, 1, 1
22, 7, 0, 89, 566, 631, 1, 1, 1
23, 7, 0, 44, 1005, 676, 1, 1, 1
24, 7, 0, 52, 1280, 668, 1, 1, 1
25, 7, 239, 135, 1041, 585, 1, 1, 1
26, 7, 664, 292, 616, 428, 1, 1, 1
27, 7, 960, 272, 320, 448, 1, 1, 1
28, 7, 1120, 633, 160, 87, 1, 1, 1
