1, 4, 532, 149, 239, 172, 1, 1, 1
2, 4, 527, 147, 241, 178, 1, 1, 1
3, 4, 532, 147, 217, 184, 1, 1, 1
4, 4, 539, 147, 210, 187, 1, 1, 1
5, 4, 528, 147, 227, 187, 1, 1, 1
6, 4, 552, 148, 238, 185, 1, 1, 1
7, 4, 556, 147, 252, 180, 1, 1, 1
8, 4, 563, 147, 245, 182, 1, 1, 1
9, 4, 580, 147, 263, 181, 1, 1, 1
10, 4, 575, 151, 296, 183, 1, 1, 1
11, 4, 584, 151, 283, 183, 1, 1, 1
12, 4, 600, 147, 275, 186, 1, 1, 1
13, 4, 612, 144, 275, 189, 1, 1, 1
14, 4, 620, 142, 276, 191, 1, 1, 1
15, 4, 626, 143, 278, 190, 1, 1, 1
16, 4, 615, 141, 295, 191, 1, 1, 1
17, 4, 634, 139, 294, 193, 1, 1, 1
18, 4, 649, 136, 270, 197, 1, 1, 1
19, 4, 660, 134, 237, 197, 1, 1, 1
20, 4, 661, 135, 213, 195, 1, 1, 1
21, 4, 665, 135, 204, 197, 1, 1, 1
22, 4, 656, 132, 210, 199, 1, 1, 1
23, 4, 655, 133, 206, 199, 1, 1, 1
24, 4, 675, 133, 188, 198, 1, 1, 1
25, 4, 674, 134, 188, 197, 1, 1, 1
26, 4, 675, 134, 188, 198, 1, 1, 1
27, 4, 675, 133, 190, 199, 1, 1, 1
28, 4, 669, 131, 202, 200, 1, 1, 1
29, 4, 671, 131, 210, 200, 1, 1, 1
30, 4, 674, 130, 217, 201, 1, 1, 1
31, 4, 674, 129, 225, 202, 1, 1, 1
32, 4, 674, 127, 238, 203, 1, 1, 1
33, 4, 673, 127, 241, 204, 1, 1, 1
34, 4, 672, 128, 243, 202, 1, 1, 1
35, 4, 671, 128, 245, 203, 1, 1, 1
36, 4, 670, 138, 242, 193, 1, 1, 1
37, 4, 671, 142, 245, 190, 1, 1, 1
38, 4, 673, 147, 240, 184, 1, 1, 1
39, 4, 678, 151, 239, 180, 1, 1, 1
40, 4, 686, 154, 237, 177, 1, 1, 1
41, 4, 690, 149, 253, 182, 1, 1, 1
42, 4, 723, 148, 214, 183, 1, 1, 1
43, 4, 741, 146, 197, 184, 1, 1, 1
44, 4, 796, 147, 139, 184, 1, 1, 1
45, 4, 830, 143, 130, 188, 1, 1, 1
46, 4, 904, 136, 56, 190, 1, 1, 1
1, 3, 530, 178, 333, 265, 1, 1, 1
2, 3, 553, 180, 326, 254, 1, 1, 1
3, 3, 529, 177, 368, 255, 1, 1, 1
4, 3, 535, 173, 372, 259, 1, 1, 1
5, 3, 608, 172, 304, 261, 1, 1, 1
6, 3, 652, 171, 264, 260, 1, 1, 1
7, 3, 663, 171, 260, 249, 1, 1, 1
8, 3, 650, 167, 279, 247, 1, 1, 1
9, 3, 680, 167, 246, 247, 1, 1, 1
10, 3, 710, 166, 234, 246, 1, 1, 1
11, 3, 726, 167, 234, 239, 1, 1, 1
12, 3, 772, 164, 188, 237, 1, 1, 1
13, 3, 785, 162, 175, 239, 1, 1, 1
14, 3, 796, 158, 164, 242, 1, 1, 1
15, 3, 805, 162, 155, 232, 1, 1, 1
16, 3, 807, 159, 153, 218, 1, 1, 1
17, 3, 819, 155, 141, 221, 1, 1, 1
18, 3, 817, 159, 143, 219, 1, 1, 1
19, 3, 843, 157, 117, 214, 1, 1, 1
20, 3, 854, 155, 106, 213, 1, 1, 1
21, 3, 883, 142, 77, 227, 1, 1, 1
22, 3, 890, 144, 70, 225, 1, 1, 1
23, 3, 894, 139, 66, 229, 1, 1, 1
24, 3, 897, 134, 63, 236, 1, 1, 1
25, 3, 899, 128, 61, 240, 1, 1, 1
26, 3, 901, 127, 59, 241, 1, 1, 1
27, 3, 902, 127, 58, 241, 1, 1, 1
28, 3, 903, 126, 57, 242, 1, 1, 1
29, 3, 901, 124, 59, 245, 1, 1, 1
30, 3, 900, 123, 60, 241, 1, 1, 1
31, 3, 902, 124, 58, 239, 1, 1, 1
32, 3, 906, 123, 54, 240, 1, 1, 1
33, 3, 902, 123, 58, 239, 1, 1, 1
34, 3, 891, 124, 69, 240, 1, 1, 1
35, 3, 891, 126, 69, 236, 1, 1, 1
36, 3, 890, 127, 70, 236, 1, 1, 1
37, 3, 900, 133, 60, 228, 1, 1, 1
38, 3, 907, 141, 53, 222, 1, 1, 1
39, 3, 908, 144, 52, 218, 1, 1, 1
40, 3, 916, 150, 44, 213, 1, 1, 1
41, 3, 914, 151, 46, 214, 1, 1, 1
42, 3, 911, 151, 49, 219, 1, 1, 1
43, 3, 904, 148, 56, 224, 1, 1, 1
44, 3, 900, 150, 60, 222, 1, 1, 1
45, 3, 891, 152, 69, 220, 1, 1, 1
46, 3, 886, 155, 74, 217, 1, 1, 1
47, 3, 890, 153, 70, 230, 1, 1, 1
48, 3, 892, 153, 68, 230, 1, 1, 1
49, 3, 893, 151, 67, 232, 1, 1, 1
50, 3, 889, 151, 71, 233, 1, 1, 1
51, 3, 882, 152, 78, 232, 1, 1, 1
52, 3, 854, 152, 106, 230, 1, 1, 1
53, 3, 872, 152, 88, 230, 1, 1, 1
54, 3, 882, 161, 78, 221, 1, 1, 1
55, 3, 888, 166, 72, 216, 1, 1, 1
56, 3, 890, 159, 70, 208, 1, 1, 1
57, 3, 895, 257, 65, 111, 1, 1, 1
