1, 2, 430, 263, 334, 178, 1, 1, 1
2, 2, 402, 265, 333, 177, 1, 1, 1
3, 2, 377, 270, 332, 172, 1, 1, 1
4, 2, 349, 264, 323, 178, 1, 1, 1
5, 2, 321, 261, 325, 182, 1, 1, 1
6, 2, 302, 265, 313, 178, 1, 1, 1
7, 2, 272, 260, 319, 182, 1, 1, 1
8, 2, 249, 253, 320, 189, 1, 1, 1
9, 2, 222, 261, 319, 180, 1, 1, 1
10, 2, 193, 257, 316, 185, 1, 1, 1
11, 2, 172, 253, 311, 189, 1, 1, 1
12, 2, 144, 265, 318, 178, 1, 1, 1
13, 2, 115, 260, 325, 185, 1, 1, 1
14, 2, 89, 256, 317, 188, 1, 1, 1
15, 2, 63, 256, 319, 188, 1, 1, 1
16, 2, 34, 258, 320, 188, 1, 1, 1
17, 2, 11, 255, 315, 190, 1, 1, 1
18, 2, 0, 254, 305, 192, 1, 1, 1
19, 2, 0, 266, 288, 180, 1, 1, 1
20, 2, 0, 265, 259, 181, 1, 1, 1
21, 2, 0, 271, 230, 176, 1, 1, 1
22, 2, 0, 282, 196, 165, 1, 1, 1
23, 2, 0, 281, 164, 165, 1, 1, 1
24, 2, 0, 283, 137, 168, 1, 1, 1
25, 2, 0, 286, 108, 158, 1, 1, 1
1, 3, 772, 256, 188, 181, 1, 1, 1
2, 3, 757, 263, 203, 175, 1, 1, 1
3, 3, 735, 264, 225, 174, 1, 1, 1
4, 3, 722, 258, 238, 180, 1, 1, 1
5, 3, 704, 263, 256, 175, 1, 1, 1
6, 3, 682, 267, 271, 171, 1, 1, 1
7, 3, 660, 262, 285, 177, 1, 1, 1
8, 3, 642, 262, 309, 176, 1, 1, 1
9, 3, 624, 266, 297, 171, 1, 1, 1
10, 3, 596, 269, 295, 170, 1, 1, 1
11, 3, 582, 263, 274, 177, 1, 1, 1
12, 3, 562, 262, 293, 177, 1, 1, 1
13, 3, 544, 270, 292, 171, 1, 1, 1
14, 3, 524, 268, 280, 175, 1, 1, 1
15, 3, 504, 265, 297, 178, 1, 1, 1
16, 3, 479, 268, 281, 175, 1, 1, 1
17, 3, 461, 275, 289, 169, 1, 1, 1
18, 3, 436, 272, 282, 173, 1, 1, 1
19, 3, 412, 269, 286, 177, 1, 1, 1
20, 3, 393, 271, 295, 175, 1, 1, 1
21, 3, 374, 262, 321, 184, 1, 1, 1
22, 3, 362, 245, 296, 200, 1, 1, 1
23, 3, 342, 239, 275, 206, 1, 1, 1
24, 3, 333, 234, 261, 212, 1, 1, 1
25, 3, 319, 232, 266, 212, 1, 1, 1
