1, 10, 1448, 6, 238, 247, 1, 1, 1
2, 10, 1449, 6, 247, 246, 1, 1, 1
3, 10, 1449, 6, 261, 246, 1, 1, 1
4, 10, 1450, 8, 269, 244, 1, 1, 1
5, 10, 1451, 0, 314, 251, 1, 1, 1
6, 10, 1451, 0, 323, 250, 1, 1, 1
7, 10, 1450, 0, 323, 252, 1, 1, 1
8, 10, 1452, 0, 327, 252, 1, 1, 1
9, 10, 1476, 0, 300, 251, 1, 1, 1
10, 10, 1477, 0, 295, 252, 1, 1, 1
11, 10, 1476, 0, 292, 254, 1, 1, 1
12, 10, 1472, 0, 296, 253, 1, 1, 1
13, 10, 1473, 0, 285, 253, 1, 1, 1
14, 10, 1469, 0, 283, 250, 1, 1, 1
15, 10, 1472, 0, 292, 252, 1, 1, 1
16, 10, 1472, 0, 263, 253, 1, 1, 1
17, 10, 1474, 0, 250, 252, 1, 1, 1
18, 10, 1451, 0, 290, 254, 1, 1, 1
19, 10, 1455, 0, 302, 251, 1, 1, 1
20, 10, 1457, 0, 294, 250, 1, 1, 1
21, 10, 1477, 0, 193, 250, 1, 1, 1
22, 10, 1479, 0, 290, 252, 1, 1, 1
23, 10, 1477, 0, 283, 252, 1, 1, 1
24, 10, 1478, 0, 267, 252, 1, 1, 1
25, 10, 1470, 0, 254, 253, 1, 1, 1
26, 10, 1470, 0, 259, 252, 1, 1, 1
27, 10, 1471, 0, 258, 253, 1, 1, 1
28, 10, 1480, 0, 251, 251, 1, 1, 1
29, 10, 1478, 0, 247, 252, 1, 1, 1
30, 10, 1479, 0, 248, 252, 1, 1, 1
31, 10, 1477, 0, 246, 252, 1, 1, 1
32, 10, 1477, 0, 252, 249, 1, 1, 1
33, 10, 1476, 0, 251, 253, 1, 1, 1
34, 10, 1477, 0, 248, 252, 1, 1, 1
35, 10, 1477, 0, 247, 250, 1, 1, 1
36, 10, 1464, 0, 262, 254, 1, 1, 1
37, 10, 1476, 0, 248, 253, 1, 1, 1
38, 10, 1479, 0, 244, 253, 1, 1, 1
39, 10, 1482, 0, 245, 251, 1, 1, 1
40, 10, 1474, 0, 249, 252, 1, 1, 1
41, 10, 1430, 0, 309, 252, 1, 1, 1
42, 10, 1430, 0, 330, 250, 1, 1, 1
43, 10, 1426, 0, 329, 251, 1, 1, 1
44, 10, 1429, 0, 330, 251, 1, 1, 1
45, 10, 1427, 0, 334, 252, 1, 1, 1
46, 10, 1428, 0, 321, 250, 1, 1, 1
47, 10, 1478, 0, 277, 251, 1, 1, 1
48, 10, 1473, 0, 273, 208, 1, 1, 1
50, 10, 1444, 0, 250, 251, 1, 1, 1
51, 10, 1426, 0, 228, 254, 1, 1, 1
52, 10, 1415, 6, 238, 217, 1, 1, 1
53, 10, 1397, 30, 247, 220, 1, 1, 1
54, 10, 1398, 24, 267, 183, 1, 1, 1
55, 10, 1396, 22, 218, 224, 1, 1, 1
56, 10, 1377, 20, 209, 217, 1, 1, 1
57, 10, 1331, 22, 273, 214, 1, 1, 1
58, 10, 1332, 17, 242, 217, 1, 1, 1
59, 10, 1350, 11, 234, 226, 1, 1, 1
60, 10, 1357, 11, 219, 225, 1, 1, 1
61, 10, 1358, 7, 213, 228, 1, 1, 1
62, 10, 1353, 9, 212, 212, 1, 1, 1
63, 10, 1354, 6, 215, 229, 1, 1, 1
64, 10, 1352, 6, 217, 224, 1, 1, 1
65, 10, 1354, 6, 214, 217, 1, 1, 1
66, 10, 1350, 4, 214, 218, 1, 1, 1
67, 10, 1353, 6, 214, 219, 1, 1, 1
68, 10, 1351, 2, 217, 224, 1, 1, 1
69, 10, 1372, 7, 195, 197, 1, 1, 1
70, 10, 1374, 5, 195, 204, 1, 1, 1
71, 10, 1375, 8, 189, 199, 1, 1, 1
72, 10, 1338, 11, 231, 193, 1, 1, 1
73, 10, 1339, 15, 233, 182, 1, 1, 1
74, 10, 1378, 16, 198, 155, 1, 1, 1
75, 10, 1424, 20, 149, 161, 1, 1, 1
76, 10, 1421, 18, 155, 157, 1, 1, 1
77, 10, 1459, 20, 118, 165, 1, 1, 1
78, 10, 1522, 43, 37, 107, 1, 1, 1
79, 10, 1278, 0, 130, 227, 1, 1, 1
80, 10, 1257, 0, 142, 175, 1, 1, 1
81, 10, 1249, 4, 141, 143, 1, 1, 1
82, 10, 1244, 0, 143, 179, 1, 1, 1
83, 10, 1245, 0, 107, 179, 1, 1, 1
84, 10, 1246, 0, 109, 166, 1, 1, 1
85, 10, 1247, 0, 106, 102, 1, 1, 1
86, 10, 1244, 0, 102, 103, 1, 1, 1
87, 10, 1247, 0, 63, 96, 1, 1, 1
90, 10, 966, 39, 48, 73, 1, 1, 1
91, 10, 920, 128, 95, 150, 1, 1, 1
80, 11, 1862, 83, 58, 127, 1, 1, 1
81, 11, 1762, 77, 157, 157, 1, 1, 1
82, 11, 1708, 85, 212, 156, 1, 1, 1
83, 11, 1693, 74, 227, 160, 1, 1, 1
84, 11, 1693, 75, 226, 232, 1, 1, 1
85, 11, 1692, 75, 228, 232, 1, 1, 1
86, 11, 1689, 77, 230, 231, 1, 1, 1
87, 11, 1692, 74, 228, 233, 1, 1, 1
88, 11, 1707, 65, 213, 244, 1, 1, 1
89, 11, 1708, 68, 212, 239, 1, 1, 1
90, 11, 1720, 81, 200, 227, 1, 1, 1
91, 11, 1709, 74, 211, 228, 1, 1, 1
92, 11, 1686, 76, 234, 224, 1, 1, 1
93, 11, 1627, 87, 270, 255, 1, 1, 1
94, 11, 1613, 75, 279, 265, 1, 1, 1
95, 11, 1597, 77, 300, 258, 1, 1, 1
96, 11, 1575, 73, 309, 265, 1, 1, 1
97, 11, 1550, 76, 322, 268, 1, 1, 1
98, 11, 1537, 83, 311, 279, 1, 1, 1
99, 11, 1536, 92, 337, 284, 1, 1, 1
100, 11, 1528, 93, 343, 280, 1, 1, 1
101, 11, 1528, 118, 271, 293, 1, 1, 1
102, 11, 1467, 262, 313, 247, 1, 1, 1
166, 8, 1332, 14, 164, 171, 1, 1, 1
167, 8, 1362, 15, 160, 219, 1, 1, 1
168, 8, 1398, 9, 185, 230, 1, 1, 1
169, 8, 1456, 15, 160, 191, 1, 1, 1
170, 8, 1496, 17, 139, 192, 1, 1, 1
171, 8, 1504, 48, 141, 171, 1, 1, 1
172, 8, 1516, 46, 116, 196, 1, 1, 1
173, 8, 1494, 38, 125, 223, 1, 1, 1
174, 8, 1480, 38, 151, 226, 1, 1, 1
175, 8, 1448, 18, 178, 248, 1, 1, 1
176, 8, 1383, 29, 235, 232, 1, 1, 1
177, 8, 1335, 29, 280, 234, 1, 1, 1
178, 8, 1268, 35, 343, 224, 1, 1, 1
179, 8, 1217, 51, 350, 204, 1, 1, 1
180, 8, 1214, 55, 317, 195, 1, 1, 1
181, 8, 1215, 57, 326, 193, 1, 1, 1
182, 8, 1200, 66, 319, 214, 1, 1, 1
183, 8, 1206, 56, 299, 211, 1, 1, 1
184, 8, 1203, 49, 311, 215, 1, 1, 1
185, 8, 1202, 62, 301, 236, 1, 1, 1
186, 8, 1201, 58, 306, 255, 1, 1, 1
187, 8, 1191, 43, 298, 209, 1, 1, 1
188, 8, 1186, 39, 317, 213, 1, 1, 1
189, 8, 1191, 39, 320, 221, 1, 1, 1
190, 8, 1187, 39, 310, 199, 1, 1, 1
191, 8, 1152, 43, 327, 207, 1, 1, 1
192, 8, 1129, 49, 309, 203, 1, 1, 1
193, 8, 1054, 103, 249, 270, 1, 1, 1
194, 8, 1064, 196, 183, 191, 1, 1, 1
