1, 2, 293, 249, 569, 624, 1, 1, 1
2, 2, 398, 255, 503, 586, 1, 1, 1
3, 2, 434, 246, 517, 602, 1, 1, 1
4, 2, 495, 246, 500, 564, 1, 1, 1
5, 2, 578, 241, 458, 572, 1, 1, 1
6, 2, 621, 223, 478, 588, 1, 1, 1
7, 2, 683, 221, 466, 533, 1, 1, 1
8, 2, 716, 241, 486, 490, 1, 1, 1
9, 2, 737, 257, 528, 474, 1, 1, 1
10, 2, 833, 263, 476, 442, 1, 1, 1
11, 2, 970, 614, 101, 73, 1, 1, 1
12, 2, 1140, 335, 326, 360, 1, 1, 1
13, 2, 1185, 339, 332, 352, 1, 1, 1
14, 2, 1218, 345, 352, 319, 1, 1, 1
15, 2, 1306, 310, 263, 321, 1, 1, 1
16, 2, 1345, 292, 182, 353, 1, 1, 1
17, 2, 1340, 283, 190, 357, 1, 1, 1
18, 2, 1221, 253, 311, 351, 1, 1, 1
19, 2, 1278, 286, 252, 331, 1, 1, 1
20, 2, 1319, 288, 196, 286, 1, 1, 1
21, 2, 1313, 293, 167, 283, 1, 1, 1
22, 2, 1319, 287, 138, 276, 1, 1, 1
23, 2, 1201, 286, 159, 269, 1, 1, 1
24, 2, 1205, 287, 144, 269, 1, 1, 1
25, 2, 1050, 289, 226, 84, 1, 1, 1
1, 3, 544, 493, 363, 412, 1, 1, 1
2, 3, 592, 466, 317, 428, 1, 1, 1
3, 3, 622, 459, 297, 380, 1, 1, 1
4, 3, 658, 454, 337, 384, 1, 1, 1
5, 3, 737, 445, 300, 374, 1, 1, 1
6, 3, 793, 444, 242, 366, 1, 1, 1
7, 3, 845, 443, 287, 309, 1, 1, 1
8, 3, 872, 587, 253, 150, 1, 1, 1
9, 3, 961, 559, 264, 183, 1, 1, 1
10, 3, 1006, 359, 396, 339, 1, 1, 1
11, 3, 1121, 341, 360, 357, 1, 1, 1
12, 3, 1194, 355, 352, 336, 1, 1, 1
13, 3, 1225, 352, 402, 323, 1, 1, 1
14, 3, 1259, 341, 394, 356, 1, 1, 1
15, 3, 1276, 332, 399, 365, 1, 1, 1
16, 3, 1326, 321, 355, 373, 1, 1, 1
17, 3, 1396, 324, 294, 372, 1, 1, 1
18, 3, 1444, 308, 246, 393, 1, 1, 1
19, 3, 1483, 298, 207, 399, 1, 1, 1
20, 3, 1487, 292, 181, 385, 1, 1, 1
21, 3, 1500, 289, 169, 392, 1, 1, 1
22, 3, 1479, 293, 201, 392, 1, 1, 1
23, 3, 1465, 296, 219, 382, 1, 1, 1
24, 3, 1451, 297, 234, 382, 1, 1, 1
25, 3, 1426, 312, 251, 366, 1, 1, 1
26, 3, 1395, 329, 273, 352, 1, 1, 1
27, 3, 1385, 328, 291, 340, 1, 1, 1
28, 3, 1399, 311, 284, 349, 1, 1, 1
1, 4, 741, 245, 629, 577, 1, 1, 1
2, 4, 776, 230, 625, 628, 1, 1, 1
3, 4, 816, 225, 612, 597, 1, 1, 1
4, 4, 833, 221, 629, 604, 1, 1, 1
5, 4, 849, 224, 645, 603, 1, 1, 1
6, 4, 860, 223, 650, 601, 1, 1, 1
7, 4, 869, 221, 642, 606, 1, 1, 1
1, 5, 873, 247, 371, 432, 1, 1, 1
2, 5, 918, 284, 407, 382, 1, 1, 1
3, 5, 961, 283, 401, 382, 1, 1, 1
4, 5, 1007, 280, 392, 381, 1, 1, 1
5, 5, 1033, 267, 388, 396, 1, 1, 1
6, 5, 1037, 262, 301, 410, 1, 1, 1
7, 5, 1111, 262, 227, 342, 1, 1, 1
8, 5, 1188, 213, 233, 356, 1, 1, 1
9, 5, 1097, 207, 331, 358, 1, 1, 1
10, 5, 1103, 203, 327, 426, 1, 1, 1
