1, 1, 585, 286, 151, 106, 1, 1, 1
2, 1, 586, 290, 155, 103, 1, 1, 1
3, 1, 589, 289, 163, 104, 1, 1, 1
4, 1, 601, 287, 160, 105, 1, 1, 1
5, 1, 615, 287, 154, 104, 1, 1, 1
6, 1, 620, 289, 161, 103, 1, 1, 1
7, 1, 629, 284, 162, 107, 1, 1, 1
8, 1, 636, 283, 163, 108, 1, 1, 1
9, 1, 648, 287, 161, 106, 1, 1, 1
10, 1, 656, 287, 162, 107, 1, 1, 1
11, 1, 664, 289, 165, 108, 1, 1, 1
12, 1, 676, 293, 163, 107, 1, 1, 1
13, 1, 680, 293, 173, 109, 1, 1, 1
14, 1, 697, 292, 166, 113, 1, 1, 1
15, 1, 705, 293, 167, 112, 1, 1, 1
16, 1, 712, 299, 169, 107, 1, 1, 1
17, 1, 728, 297, 163, 110, 1, 1, 1
18, 1, 737, 298, 163, 110, 1, 1, 1
19, 1, 746, 301, 165, 109, 1, 1, 1
20, 1, 751, 294, 170, 115, 1, 1, 1
21, 1, 765, 299, 166, 109, 1, 1, 1
22, 1, 780, 303, 166, 105, 1, 1, 1
23, 1, 785, 300, 172, 109, 1, 1, 1
24, 1, 800, 296, 160, 111, 1, 1, 1
25, 1, 815, 302, 145, 103, 1, 1, 1
26, 1, 817, 304, 143, 102, 1, 1, 1
27, 1, 829, 302, 131, 103, 1, 1, 1
28, 1, 844, 302, 116, 100, 1, 1, 1
29, 1, 855, 300, 105, 98, 1, 1, 1
30, 1, 857, 300, 103, 93, 1, 1, 1
31, 1, 870, 296, 90, 96, 1, 1, 1
32, 1, 877, 296, 83, 95, 1, 1, 1
33, 1, 879, 296, 81, 94, 1, 1, 1
34, 1, 878, 298, 82, 94, 1, 1, 1
35, 1, 872, 302, 70, 93, 1, 1, 1
36, 1, 861, 312, 99, 92, 1, 1, 1
37, 1, 848, 324, 112, 93, 1, 1, 1
38, 1, 842, 340, 118, 93, 1, 1, 1
39, 1, 832, 358, 128, 92, 1, 1, 1
40, 1, 811, 370, 136, 92, 1, 1, 1
41, 1, 826, 374, 103, 91, 1, 1, 1
42, 1, 808, 373, 109, 91, 1, 1, 1
43, 1, 790, 375, 115, 89, 1, 1, 1
44, 1, 784, 376, 116, 89, 1, 1, 1
45, 1, 789, 377, 108, 88, 1, 1, 1
46, 1, 792, 381, 108, 86, 1, 1, 1
47, 1, 791, 384, 110, 84, 1, 1, 1
48, 1, 786, 385, 115, 85, 1, 1, 1
49, 1, 791, 387, 108, 86, 1, 1, 1
50, 1, 786, 389, 115, 82, 1, 1, 1
51, 1, 790, 388, 110, 84, 1, 1, 1
52, 1, 796, 389, 102, 83, 1, 1, 1
53, 1, 795, 389, 101, 81, 1, 1, 1
54, 1, 790, 385, 107, 83, 1, 1, 1
55, 1, 788, 383, 109, 83, 1, 1, 1
56, 1, 798, 387, 98, 80, 1, 1, 1
57, 1, 791, 391, 112, 79, 1, 1, 1
58, 1, 805, 392, 103, 80, 1, 1, 1
59, 1, 804, 389, 108, 82, 1, 1, 1
60, 1, 798, 386, 114, 78, 1, 1, 1
61, 1, 800, 383, 108, 79, 1, 1, 1
62, 1, 781, 383, 116, 79, 1, 1, 1
63, 1, 763, 391, 121, 76, 1, 1, 1
64, 1, 754, 391, 123, 83, 1, 1, 1
65, 1, 765, 399, 106, 80, 1, 1, 1
66, 1, 757, 410, 109, 76, 1, 1, 1
67, 1, 743, 414, 126, 80, 1, 1, 1
68, 1, 760, 417, 114, 81, 1, 1, 1
69, 1, 756, 422, 119, 77, 1, 1, 1
70, 1, 774, 417, 108, 79, 1, 1, 1
71, 1, 755, 407, 136, 81, 1, 1, 1
72, 1, 780, 396, 112, 79, 1, 1, 1
73, 1, 772, 383, 125, 74, 1, 1, 1
74, 1, 830, 366, 68, 77, 1, 1, 1
75, 1, 774, 358, 117, 78, 1, 1, 1
76, 1, 787, 356, 103, 77, 1, 1, 1
77, 1, 756, 354, 134, 76, 1, 1, 1
78, 1, 756, 352, 121, 78, 1, 1, 1
79, 1, 755, 353, 103, 78, 1, 1, 1
80, 1, 726, 355, 106, 81, 1, 1, 1
1, 2, 416, 308, 104, 82, 1, 1, 1
2, 2, 415, 308, 107, 81, 1, 1, 1
3, 2, 442, 312, 84, 77, 1, 1, 1
4, 2, 414, 314, 122, 79, 1, 1, 1
5, 2, 428, 311, 117, 75, 1, 1, 1
6, 2, 442, 309, 110, 87, 1, 1, 1
7, 2, 439, 312, 119, 85, 1, 1, 1
8, 2, 444, 312, 124, 76, 1, 1, 1
9, 2, 448, 312, 126, 77, 1, 1, 1
10, 2, 464, 320, 115, 80, 1, 1, 1
11, 2, 465, 338, 101, 56, 1, 1, 1
12, 2, 481, 338, 104, 60, 1, 1, 1
13, 2, 495, 355, 75, 45, 1, 1, 1
14, 2, 494, 342, 120, 58, 1, 1, 1
15, 2, 503, 340, 121, 61, 1, 1, 1
16, 2, 517, 341, 116, 60, 1, 1, 1
17, 2, 515, 345, 124, 57, 1, 1, 1
18, 2, 516, 343, 132, 61, 1, 1, 1
19, 2, 541, 343, 119, 62, 1, 1, 1
20, 2, 545, 347, 125, 59, 1, 1, 1
21, 2, 547, 349, 132, 58, 1, 1, 1
22, 2, 557, 334, 134, 72, 1, 1, 1
23, 2, 564, 332, 136, 73, 1, 1, 1
24, 2, 571, 329, 139, 76, 1, 1, 1
25, 2, 587, 330, 139, 75, 1, 1, 1
26, 2, 580, 327, 158, 77, 1, 1, 1
27, 2, 596, 323, 108, 82, 1, 1, 1
28, 2, 602, 324, 134, 79, 1, 1, 1
29, 2, 633, 320, 100, 79, 1, 1, 1
30, 2, 639, 314, 95, 80, 1, 1, 1
31, 2, 642, 311, 127, 82, 1, 1, 1
32, 2, 655, 309, 109, 81, 1, 1, 1
33, 2, 665, 310, 95, 80, 1, 1, 1
34, 2, 667, 310, 118, 81, 1, 1, 1
35, 2, 659, 311, 109, 85, 1, 1, 1
36, 2, 651, 319, 101, 81, 1, 1, 1
37, 2, 646, 331, 144, 81, 1, 1, 1
38, 2, 634, 341, 143, 83, 1, 1, 1
39, 2, 620, 355, 138, 84, 1, 1, 1
40, 2, 602, 366, 100, 87, 1, 1, 1
41, 2, 601, 370, 108, 83, 1, 1, 1
42, 2, 600, 369, 133, 84, 1, 1, 1
43, 2, 595, 368, 132, 89, 1, 1, 1
44, 2, 588, 371, 135, 85, 1, 1, 1
45, 2, 584, 373, 141, 85, 1, 1, 1
46, 2, 587, 374, 113, 87, 1, 1, 1
47, 2, 597, 377, 97, 87, 1, 1, 1
48, 2, 603, 383, 102, 82, 1, 1, 1
49, 2, 624, 384, 92, 83, 1, 1, 1
50, 2, 624, 380, 83, 85, 1, 1, 1
51, 2, 618, 379, 85, 87, 1, 1, 1
52, 2, 618, 386, 76, 79, 1, 1, 1
53, 2, 635, 423, 20, 41, 1, 1, 1
54, 2, 620, 418, 86, 47, 1, 1, 1
55, 2, 694, 402, 24, 59, 1, 1, 1
56, 2, 690, 403, 61, 61, 1, 1, 1
57, 2, 692, 404, 89, 64, 1, 1, 1
58, 2, 675, 414, 57, 57, 1, 1, 1
59, 2, 667, 408, 73, 57, 1, 1, 1
60, 2, 669, 374, 98, 85, 1, 1, 1
61, 2, 666, 415, 14, 34, 1, 1, 1
62, 2, 654, 414, 59, 44, 1, 1, 1
63, 2, 660, 422, 41, 39, 1, 1, 1
64, 2, 644, 428, 78, 41, 1, 1, 1
65, 2, 650, 433, 60, 41, 1, 1, 1
66, 2, 649, 450, 70, 32, 1, 1, 1
67, 2, 647, 431, 52, 57, 1, 1, 1
68, 2, 649, 428, 86, 67, 1, 1, 1
69, 2, 666, 453, 74, 44, 1, 1, 1
70, 2, 664, 429, 75, 64, 1, 1, 1
71, 2, 671, 411, 28, 70, 1, 1, 1
72, 2, 675, 391, 65, 80, 1, 1, 1
73, 2, 677, 382, 77, 72, 1, 1, 1
74, 2, 679, 367, 93, 72, 1, 1, 1
75, 2, 687, 359, 78, 73, 1, 1, 1
76, 2, 686, 349, 74, 78, 1, 1, 1
77, 2, 792, 394, 7, 31, 1, 1, 1
78, 2, 748, 385, 7, 18, 1, 1, 1
79, 2, 724, 388, 48, 40, 1, 1, 1
80, 2, 642, 393, 111, 43, 1, 1, 1
1, 3, 335, 305, 147, 102, 1, 1, 1
2, 3, 342, 304, 149, 100, 1, 1, 1
3, 3, 350, 304, 148, 101, 1, 1, 1
4, 3, 356, 304, 153, 99, 1, 1, 1
5, 3, 374, 303, 146, 98, 1, 1, 1
6, 3, 384, 300, 148, 100, 1, 1, 1
7, 3, 391, 301, 151, 100, 1, 1, 1
8, 3, 401, 301, 153, 100, 1, 1, 1
9, 3, 417, 300, 146, 102, 1, 1, 1
10, 3, 425, 304, 153, 100, 1, 1, 1
11, 3, 432, 307, 156, 98, 1, 1, 1
12, 3, 448, 308, 151, 100, 1, 1, 1
13, 3, 460, 311, 154, 98, 1, 1, 1
14, 3, 464, 311, 163, 99, 1, 1, 1
15, 3, 484, 309, 156, 103, 1, 1, 1
16, 3, 495, 310, 154, 101, 1, 1, 1
17, 3, 498, 313, 162, 100, 1, 1, 1
18, 3, 515, 311, 159, 104, 1, 1, 1
19, 3, 529, 309, 157, 104, 1, 1, 1
20, 3, 534, 312, 165, 101, 1, 1, 1
21, 3, 556, 310, 158, 104, 1, 1, 1
22, 3, 568, 308, 158, 105, 1, 1, 1
23, 3, 577, 308, 160, 105, 1, 1, 1
24, 3, 590, 307, 163, 104, 1, 1, 1
25, 3, 604, 305, 162, 105, 1, 1, 1
26, 3, 615, 307, 164, 103, 1, 1, 1
27, 3, 625, 306, 171, 103, 1, 1, 1
28, 3, 646, 304, 169, 103, 1, 1, 1
29, 3, 656, 298, 163, 104, 1, 1, 1
30, 3, 658, 294, 171, 104, 1, 1, 1
31, 3, 677, 289, 166, 106, 1, 1, 1
32, 3, 688, 288, 165, 105, 1, 1, 1
33, 3, 691, 289, 171, 104, 1, 1, 1
34, 3, 703, 288, 165, 108, 1, 1, 1
35, 3, 700, 293, 163, 105, 1, 1, 1
36, 3, 689, 304, 166, 102, 1, 1, 1
37, 3, 687, 316, 160, 101, 1, 1, 1
38, 3, 681, 329, 158, 102, 1, 1, 1
39, 3, 667, 346, 161, 100, 1, 1, 1
40, 3, 661, 357, 159, 100, 1, 1, 1
41, 3, 657, 362, 150, 99, 1, 1, 1
42, 3, 654, 358, 135, 103, 1, 1, 1
43, 3, 639, 364, 159, 96, 1, 1, 1
44, 3, 656, 365, 140, 94, 1, 1, 1
45, 3, 657, 367, 141, 95, 1, 1, 1
46, 3, 656, 370, 144, 93, 1, 1, 1
47, 3, 664, 372, 140, 94, 1, 1, 1
48, 3, 679, 374, 128, 94, 1, 1, 1
49, 3, 676, 376, 127, 93, 1, 1, 1
50, 3, 673, 379, 132, 91, 1, 1, 1
51, 3, 693, 375, 114, 95, 1, 1, 1
52, 3, 689, 378, 119, 92, 1, 1, 1
53, 3, 707, 376, 103, 93, 1, 1, 1
54, 3, 699, 376, 111, 89, 1, 1, 1
55, 3, 715, 374, 98, 90, 1, 1, 1
56, 3, 700, 378, 117, 87, 1, 1, 1
57, 3, 731, 382, 94, 86, 1, 1, 1
58, 3, 734, 382, 93, 88, 1, 1, 1
59, 3, 719, 379, 113, 89, 1, 1, 1
60, 3, 720, 376, 109, 87, 1, 1, 1
61, 3, 727, 374, 97, 87, 1, 1, 1
62, 3, 713, 376, 103, 85, 1, 1, 1
63, 3, 715, 382, 93, 83, 1, 1, 1
64, 3, 691, 388, 109, 82, 1, 1, 1
65, 3, 697, 395, 96, 80, 1, 1, 1
66, 3, 688, 402, 103, 83, 1, 1, 1
67, 3, 694, 410, 101, 80, 1, 1, 1
68, 3, 728, 416, 72, 79, 1, 1, 1
69, 3, 696, 418, 107, 78, 1, 1, 1
70, 3, 696, 412, 115, 80, 1, 1, 1
71, 3, 708, 402, 112, 83, 1, 1, 1
72, 3, 719, 388, 106, 84, 1, 1, 1
73, 3, 774, 370, 55, 36, 1, 1, 1
74, 3, 720, 352, 111, 87, 1, 1, 1
75, 3, 695, 343, 117, 88, 1, 1, 1
76, 3, 683, 338, 121, 89, 1, 1, 1
77, 3, 681, 334, 113, 91, 1, 1, 1
78, 3, 671, 334, 105, 91, 1, 1, 1
79, 3, 646, 335, 104, 92, 1, 1, 1
80, 3, 618, 341, 106, 92, 1, 1, 1
