39, 6, 0, 375, 25, 17, 1, 1, 1
40, 6, 0, 342, 62, 76, 1, 1, 1
41, 6, 0, 308, 109, 123, 1, 1, 1
42, 6, 0, 310, 152, 132, 1, 1, 1
43, 6, 0, 314, 197, 131, 1, 1, 1
44, 6, 0, 311, 235, 137, 1, 1, 1
45, 6, 0, 313, 269, 133, 1, 1, 1
46, 6, 5, 308, 307, 137, 1, 1, 1
47, 6, 0, 309, 363, 142, 1, 1, 1
48, 6, 7, 309, 397, 145, 1, 1, 1
49, 6, 31, 313, 424, 142, 1, 1, 1
50, 6, 75, 309, 419, 147, 1, 1, 1
51, 6, 108, 304, 424, 149, 1, 1, 1
52, 6, 139, 299, 426, 150, 1, 1, 1
53, 6, 171, 290, 426, 147, 1, 1, 1
54, 6, 184, 279, 423, 144, 1, 1, 1
55, 6, 167, 273, 420, 144, 1, 1, 1
56, 6, 139, 267, 418, 145, 1, 1, 1
57, 6, 108, 265, 421, 144, 1, 1, 1
58, 6, 80, 268, 425, 144, 1, 1, 1
59, 6, 82, 272, 421, 141, 1, 1, 1
60, 6, 80, 271, 424, 146, 1, 1, 1
61, 6, 87, 277, 423, 144, 1, 1, 1
62, 6, 95, 279, 422, 144, 1, 1, 1
63, 6, 105, 280, 423, 144, 1, 1, 1
64, 6, 121, 286, 422, 139, 1, 1, 1
65, 6, 137, 284, 421, 144, 1, 1, 1
66, 6, 142, 286, 424, 141, 1, 1, 1
67, 6, 159, 285, 419, 145, 1, 1, 1
68, 6, 178, 288, 421, 139, 1, 1, 1
69, 6, 203, 295, 420, 137, 1, 1, 1
70, 6, 233, 297, 423, 138, 1, 1, 1
71, 6, 256, 303, 422, 138, 1, 1, 1
72, 6, 274, 303, 421, 143, 1, 1, 1
73, 6, 295, 312, 421, 137, 1, 1, 1
74, 6, 308, 312, 420, 140, 1, 1, 1
75, 6, 320, 313, 423, 138, 1, 1, 1
76, 6, 337, 312, 419, 140, 1, 1, 1
77, 6, 343, 319, 421, 138, 1, 1, 1
78, 6, 343, 323, 421, 139, 1, 1, 1
