12, 3, 1174, 103, 205, 219, 1, 1, 1
13, 3, 1187, 109, 166, 219, 1, 1, 1
14, 3, 1211, 116, 150, 213, 1, 1, 1
15, 3, 1187, 101, 183, 229, 1, 1, 1
16, 3, 1204, 111, 166, 227, 1, 1, 1
17, 3, 1198, 137, 166, 220, 1, 1, 1
18, 3, 1207, 143, 183, 206, 1, 1, 1
19, 3, 1219, 161, 178, 229, 1, 1, 1
20, 3, 1226, 177, 190, 228, 1, 1, 1
21, 3, 1239, 180, 202, 242, 1, 1, 1
22, 3, 1232, 195, 223, 253, 1, 1, 1
23, 3, 1256, 209, 217, 300, 1, 1, 1
24, 3, 1262, 210, 221, 302, 1, 1, 1
25, 3, 1277, 232, 197, 287, 1, 1, 1
26, 3, 1272, 226, 252, 309, 1, 1, 1
27, 3, 1288, 275, 238, 346, 1, 1, 1
28, 3, 1295, 288, 236, 355, 1, 1, 1
29, 3, 1303, 250, 231, 377, 1, 1, 1
30, 3, 1295, 261, 199, 375, 1, 1, 1
31, 3, 1287, 259, 211, 390, 1, 1, 1
32, 3, 1286, 263, 223, 394, 1, 1, 1
33, 3, 1273, 279, 230, 390, 1, 1, 1
34, 3, 1258, 272, 228, 389, 1, 1, 1
35, 3, 1196, 202, 240, 393, 1, 1, 1
36, 3, 1269, 129, 252, 400, 1, 1, 1
37, 3, 1279, 118, 263, 377, 1, 1, 1
38, 3, 1256, 72, 264, 307, 1, 1, 1
39, 3, 1271, 83, 261, 355, 1, 1, 1
40, 3, 1262, 101, 260, 343, 1, 1, 1
41, 3, 1261, 115, 258, 338, 1, 1, 1
42, 3, 1259, 123, 247, 336, 1, 1, 1
43, 3, 1251, 136, 240, 380, 1, 1, 1
44, 3, 1247, 135, 233, 392, 1, 1, 1
45, 3, 1248, 135, 239, 389, 1, 1, 1
46, 3, 1254, 129, 237, 384, 1, 1, 1
47, 3, 1243, 118, 238, 380, 1, 1, 1
48, 3, 1242, 115, 238, 378, 1, 1, 1
12, 4, 1151, 22, 162, 249, 1, 1, 1
13, 4, 1175, 5, 134, 185, 1, 1, 1
14, 4, 1158, 14, 131, 261, 1, 1, 1
15, 4, 1173, 10, 134, 216, 1, 1, 1
16, 4, 1156, 6, 133, 293, 1, 1, 1
17, 4, 1157, 5, 187, 245, 1, 1, 1
18, 4, 1162, 5, 214, 261, 1, 1, 1
19, 4, 1183, 16, 231, 262, 1, 1, 1
20, 4, 1189, 26, 232, 243, 1, 1, 1
21, 4, 1209, 53, 234, 228, 1, 1, 1
22, 4, 1309, 58, 160, 239, 1, 1, 1
23, 4, 1333, 51, 180, 247, 1, 1, 1
24, 4, 1384, 63, 179, 330, 1, 1, 1
25, 4, 1427, 80, 193, 346, 1, 1, 1
26, 4, 1471, 80, 226, 406, 1, 1, 1
27, 4, 1484, 129, 284, 474, 1, 1, 1
28, 4, 1536, 187, 271, 493, 1, 1, 1
29, 4, 1512, 233, 300, 549, 1, 1, 1
30, 4, 1443, 274, 352, 544, 1, 1, 1
31, 4, 1378, 292, 362, 526, 1, 1, 1
32, 4, 1392, 318, 373, 500, 1, 1, 1
33, 4, 1311, 373, 436, 445, 1, 1, 1
34, 4, 1287, 371, 440, 447, 1, 1, 1
35, 4, 1216, 264, 425, 521, 1, 1, 1
36, 4, 1253, 216, 430, 368, 1, 1, 1
37, 4, 1330, 199, 364, 485, 1, 1, 1
38, 4, 1312, 131, 357, 579, 1, 1, 1
39, 4, 1331, 137, 362, 462, 1, 1, 1
40, 4, 1321, 149, 358, 510, 1, 1, 1
41, 4, 1317, 165, 356, 505, 1, 1, 1
42, 4, 1296, 181, 377, 466, 1, 1, 1
43, 4, 1293, 202, 367, 516, 1, 1, 1
44, 4, 1286, 199, 370, 497, 1, 1, 1
45, 4, 1292, 199, 373, 518, 1, 1, 1
46, 4, 1299, 192, 370, 515, 1, 1, 1
47, 4, 1285, 184, 372, 557, 1, 1, 1
48, 4, 1288, 168, 369, 544, 1, 1, 1
