1, 6, 374, 346, 268, 516, 1, 1, 1
2, 6, 385, 346, 263, 512, 1, 1, 1
3, 6, 379, 348, 264, 514, 1, 1, 1
4, 6, 386, 342, 255, 516, 1, 1, 1
5, 6, 384, 342, 249, 515, 1, 1, 1
6, 6, 373, 345, 268, 516, 1, 1, 1
7, 6, 374, 340, 260, 517, 1, 1, 1
8, 6, 379, 338, 259, 518, 1, 1, 1
9, 6, 384, 333, 248, 525, 1, 1, 1
10, 6, 379, 329, 248, 523, 1, 1, 1
11, 6, 373, 316, 251, 533, 1, 1, 1
12, 6, 375, 292, 251, 546, 1, 1, 1
13, 6, 369, 294, 252, 551, 1, 1, 1
14, 6, 383, 307, 247, 536, 1, 1, 1
15, 6, 379, 310, 255, 535, 1, 1, 1
16, 6, 384, 305, 253, 535, 1, 1, 1
17, 6, 400, 305, 249, 537, 1, 1, 1
18, 6, 399, 307, 251, 537, 1, 1, 1
19, 6, 392, 321, 257, 526, 1, 1, 1
20, 6, 404, 318, 244, 525, 1, 1, 1
21, 6, 397, 308, 251, 538, 1, 1, 1
22, 6, 394, 310, 254, 536, 1, 1, 1
23, 6, 403, 317, 242, 531, 1, 1, 1
24, 6, 393, 342, 257, 508, 1, 1, 1
25, 6, 401, 329, 250, 524, 1, 1, 1
26, 6, 406, 332, 249, 519, 1, 1, 1
27, 6, 396, 338, 256, 517, 1, 1, 1
28, 6, 402, 342, 252, 511, 1, 1, 1
29, 6, 405, 344, 262, 510, 1, 1, 1
30, 6, 415, 345, 256, 506, 1, 1, 1
31, 6, 411, 339, 263, 504, 1, 1, 1
32, 6, 415, 343, 253, 502, 1, 1, 1
33, 6, 416, 344, 254, 508, 1, 1, 1
34, 6, 411, 344, 255, 504, 1, 1, 1
35, 6, 421, 344, 244, 513, 1, 1, 1
36, 6, 417, 344, 250, 519, 1, 1, 1
37, 6, 416, 344, 252, 508, 1, 1, 1
38, 6, 420, 344, 250, 510, 1, 1, 1
39, 6, 423, 333, 245, 525, 1, 1, 1
40, 6, 418, 333, 244, 519, 1, 1, 1
41, 6, 420, 331, 242, 524, 1, 1, 1
42, 6, 423, 330, 240, 523, 1, 1, 1
43, 6, 426, 343, 242, 508, 1, 1, 1
44, 6, 431, 359, 266, 491, 1, 1, 1
45, 6, 431, 389, 296, 464, 1, 1, 1
46, 6, 434, 412, 337, 439, 1, 1, 1
47, 6, 470, 481, 346, 364, 1, 1, 1
