36, 3, 1104, 502, 637, 240, 1, 1, 1
37, 3, 1124, 501, 625, 229, 1, 1, 1
38, 3, 1133, 499, 626, 230, 1, 1, 1
39, 3, 1169, 499, 592, 243, 1, 1, 1
40, 3, 1195, 497, 606, 274, 1, 1, 1
41, 3, 1217, 494, 595, 261, 1, 1, 1
42, 3, 1222, 490, 597, 235, 1, 1, 1
43, 3, 1235, 487, 584, 257, 1, 1, 1
44, 3, 1241, 486, 594, 232, 1, 1, 1
45, 3, 1227, 485, 603, 227, 1, 1, 1
46, 3, 1251, 482, 582, 237, 1, 1, 1
47, 3, 1260, 481, 574, 230, 1, 1, 1
48, 3, 1264, 480, 591, 247, 1, 1, 1
49, 3, 1262, 477, 590, 233, 1, 1, 1
50, 3, 1270, 473, 583, 231, 1, 1, 1
51, 3, 1274, 470, 597, 242, 1, 1, 1
52, 3, 1276, 471, 590, 242, 1, 1, 1
53, 3, 1280, 468, 584, 226, 1, 1, 1
54, 3, 1278, 465, 601, 269, 1, 1, 1
55, 3, 1293, 462, 579, 248, 1, 1, 1
56, 3, 1284, 458, 577, 247, 1, 1, 1
57, 3, 1276, 454, 607, 261, 1, 1, 1
58, 3, 1265, 450, 605, 229, 1, 1, 1
59, 3, 1231, 447, 631, 238, 1, 1, 1
60, 3, 1241, 443, 616, 220, 1, 1, 1
61, 3, 1194, 435, 654, 237, 1, 1, 1
62, 3, 1197, 431, 623, 232, 1, 1, 1
63, 3, 1195, 427, 614, 230, 1, 1, 1
64, 3, 1197, 426, 600, 220, 1, 1, 1
65, 3, 1189, 425, 599, 221, 1, 1, 1
66, 3, 1177, 425, 604, 220, 1, 1, 1
67, 3, 1166, 423, 625, 220, 1, 1, 1
68, 3, 1157, 425, 607, 217, 1, 1, 1
69, 3, 1146, 422, 596, 211, 1, 1, 1
70, 3, 1132, 424, 609, 212, 1, 1, 1
71, 3, 1121, 425, 603, 216, 1, 1, 1
72, 3, 1117, 423, 612, 218, 1, 1, 1
73, 3, 1104, 425, 616, 217, 1, 1, 1
74, 3, 1100, 425, 628, 218, 1, 1, 1
75, 3, 1096, 423, 621, 231, 1, 1, 1
76, 3, 1088, 425, 619, 220, 1, 1, 1
77, 3, 1085, 425, 621, 220, 1, 1, 1
78, 3, 1079, 422, 623, 219, 1, 1, 1
79, 3, 1080, 424, 615, 207, 1, 1, 1
80, 3, 1080, 423, 600, 222, 1, 1, 1
