1, 2, 1053, 145, 212, 257, 1, 1, 1
2, 2, 1030, 151, 282, 252, 1, 1, 1
3, 2, 1106, 204, 236, 230, 1, 1, 1
4, 2, 1164, 165, 187, 272, 1, 1, 1
5, 2, 1111, 214, 272, 256, 1, 1, 1
6, 2, 1181, 224, 217, 263, 1, 1, 1
7, 2, 1262, 209, 148, 308, 1, 1, 1
8, 2, 1246, 215, 168, 344, 1, 1, 1
9, 2, 1223, 266, 208, 280, 1, 1, 1
10, 2, 1164, 224, 326, 355, 1, 1, 1
11, 2, 1071, 282, 363, 340, 1, 1, 1
12, 2, 1001, 287, 428, 304, 1, 1, 1
13, 2, 843, 288, 594, 451, 1, 1, 1
14, 2, 708, 200, 607, 548, 1, 1, 1
15, 2, 521, 352, 664, 514, 1, 1, 1
16, 2, 346, 305, 782, 647, 1, 1, 1
17, 2, 278, 406, 664, 502, 1, 1, 1
18, 2, 129, 409, 892, 505, 1, 1, 1
19, 2, 147, 307, 697, 585, 1, 1, 1
20, 2, 98, 320, 696, 588, 1, 1, 1
21, 2, 60, 311, 449, 569, 1, 1, 1
22, 2, 132, 252, 408, 512, 1, 1, 1
23, 2, 136, 191, 272, 544, 1, 1, 1
24, 2, 181, 178, 320, 500, 1, 1, 1
25, 2, 301, 143, 313, 493, 1, 1, 1
1, 3, 450, 39, 193, 234, 1, 1, 1
2, 3, 466, 33, 133, 240, 1, 1, 1
3, 3, 428, 39, 156, 286, 1, 1, 1
4, 3, 380, 44, 177, 290, 1, 1, 1
5, 3, 346, 51, 180, 325, 1, 1, 1
6, 3, 341, 55, 167, 330, 1, 1, 1
7, 3, 339, 87, 148, 329, 1, 1, 1
8, 3, 360, 77, 152, 370, 1, 1, 1
9, 3, 400, 81, 169, 375, 1, 1, 1
10, 3, 418, 74, 211, 374, 1, 1, 1
11, 3, 474, 58, 199, 407, 1, 1, 1
12, 3, 507, 38, 200, 426, 1, 1, 1
13, 3, 552, 13, 181, 437, 1, 1, 1
14, 3, 590, 0, 156, 461, 1, 1, 1
15, 3, 597, 14, 224, 426, 1, 1, 1
16, 3, 609, 19, 322, 467, 1, 1, 1
17, 3, 644, 39, 407, 439, 1, 1, 1
18, 3, 662, 40, 512, 469, 1, 1, 1
19, 3, 688, 57, 546, 471, 1, 1, 1
20, 3, 703, 86, 551, 450, 1, 1, 1
21, 3, 720, 110, 559, 456, 1, 1, 1
22, 3, 709, 126, 596, 491, 1, 1, 1
23, 3, 668, 119, 590, 491, 1, 1, 1
24, 3, 665, 123, 613, 465, 1, 1, 1
25, 3, 669, 96, 551, 456, 1, 1, 1
146, 2, 813, 274, 157, 211, 1, 1, 1
147, 2, 804, 257, 146, 215, 1, 1, 1
148, 2, 598, 241, 325, 178, 1, 1, 1
149, 2, 562, 225, 315, 186, 1, 1, 1
150, 2, 536, 230, 337, 76, 1, 1, 1
151, 2, 499, 225, 369, 80, 1, 1, 1
152, 2, 472, 227, 238, 91, 1, 1, 1
153, 2, 499, 213, 239, 107, 1, 1, 1
154, 2, 504, 169, 266, 161, 1, 1, 1
155, 2, 534, 205, 252, 122, 1, 1, 1
156, 2, 601, 221, 106, 107, 1, 1, 1
157, 2, 404, 185, 303, 171, 1, 1, 1
158, 2, 380, 218, 355, 142, 1, 1, 1
159, 2, 349, 182, 341, 184, 1, 1, 1
160, 2, 314, 277, 372, 93, 1, 1, 1
161, 2, 282, 258, 262, 118, 1, 1, 1
162, 2, 262, 232, 314, 148, 1, 1, 1
163, 2, 261, 260, 348, 124, 1, 1, 1
164, 2, 214, 213, 410, 176, 1, 1, 1
165, 2, 183, 278, 433, 117, 1, 1, 1
166, 2, 158, 249, 436, 149, 1, 1, 1
167, 2, 129, 220, 409, 182, 1, 1, 1
168, 2, 112, 232, 435, 265, 1, 1, 1
169, 2, 101, 221, 400, 271, 1, 1, 1
170, 2, 73, 255, 370, 222, 1, 1, 1
171, 2, 47, 279, 408, 212, 1, 1, 1
172, 2, 14, 218, 419, 268, 1, 1, 1
173, 2, 0, 200, 375, 283, 1, 1, 1
174, 2, 0, 204, 365, 276, 1, 1, 1
175, 2, 20, 205, 350, 265, 1, 1, 1
176, 2, 47, 210, 322, 249, 1, 1, 1
177, 2, 76, 201, 309, 247, 1, 1, 1
178, 2, 95, 220, 285, 223, 1, 1, 1
179, 2, 108, 224, 270, 214, 1, 1, 1
180, 2, 111, 213, 233, 192, 1, 1, 1
181, 2, 111, 212, 249, 189, 1, 1, 1
182, 2, 103, 203, 219, 193, 1, 1, 1
183, 2, 120, 203, 154, 195, 1, 1, 1
184, 2, 146, 202, 131, 171, 1, 1, 1
185, 2, 181, 200, 120, 175, 1, 1, 1
186, 2, 203, 191, 134, 171, 1, 1, 1
187, 2, 236, 203, 90, 162, 1, 1, 1
188, 2, 256, 213, 72, 128, 1, 1, 1
147, 3, 1388, 196, 202, 387, 1, 1, 1
148, 3, 1326, 198, 249, 379, 1, 1, 1
149, 3, 1268, 180, 309, 393, 1, 1, 1
150, 3, 1223, 204, 393, 345, 1, 1, 1
151, 3, 1170, 174, 434, 381, 1, 1, 1
152, 3, 1121, 226, 482, 335, 1, 1, 1
153, 3, 1095, 236, 466, 320, 1, 1, 1
154, 3, 1078, 223, 456, 338, 1, 1, 1
155, 3, 1049, 211, 419, 333, 1, 1, 1
156, 3, 1014, 202, 396, 344, 1, 1, 1
157, 3, 1042, 206, 304, 299, 1, 1, 1
158, 3, 1060, 171, 256, 322, 1, 1, 1
159, 3, 1083, 181, 194, 274, 1, 1, 1
160, 3, 916, 151, 354, 304, 1, 1, 1
161, 3, 893, 147, 347, 272, 1, 1, 1
162, 3, 871, 208, 347, 203, 1, 1, 1
163, 3, 855, 199, 190, 124, 1, 1, 1
164, 3, 832, 121, 253, 205, 1, 1, 1
165, 3, 864, 126, 219, 193, 1, 1, 1
166, 3, 677, 130, 368, 197, 1, 1, 1
167, 3, 635, 127, 372, 204, 1, 1, 1
168, 3, 606, 181, 175, 172, 1, 1, 1
169, 3, 572, 111, 284, 249, 1, 1, 1
170, 3, 549, 105, 318, 254, 1, 1, 1
171, 3, 504, 104, 347, 257, 1, 1, 1
172, 3, 437, 94, 376, 262, 1, 1, 1
173, 3, 390, 92, 369, 265, 1, 1, 1
174, 3, 341, 95, 426, 266, 1, 1, 1
175, 3, 334, 82, 394, 281, 1, 1, 1
176, 3, 335, 94, 406, 271, 1, 1, 1
177, 3, 348, 101, 433, 266, 1, 1, 1
178, 3, 373, 103, 414, 350, 1, 1, 1
179, 3, 365, 118, 438, 333, 1, 1, 1
180, 3, 345, 127, 454, 323, 1, 1, 1
181, 3, 323, 148, 402, 303, 1, 1, 1
182, 3, 286, 159, 415, 301, 1, 1, 1
183, 3, 262, 140, 356, 325, 1, 1, 1
184, 3, 245, 159, 350, 307, 1, 1, 1
185, 3, 246, 150, 307, 296, 1, 1, 1
186, 3, 252, 149, 310, 298, 1, 1, 1
187, 3, 264, 141, 287, 299, 1, 1, 1
188, 3, 279, 143, 242, 301, 1, 1, 1
189, 3, 304, 151, 202, 291, 1, 1, 1
190, 3, 315, 143, 165, 268, 1, 1, 1
