107, 4, 928, 359, 110, 260, 1, 1, 1
108, 4, 931, 414, 142, 248, 1, 1, 1
109, 4, 928, 448, 156, 256, 1, 1, 1
110, 4, 939, 557, 155, 196, 1, 1, 1
111, 4, 974, 543, 144, 257, 1, 1, 1
112, 4, 991, 566, 108, 275, 1, 1, 1
113, 4, 969, 582, 136, 298, 1, 1, 1
114, 4, 972, 625, 188, 313, 1, 1, 1
115, 4, 967, 656, 198, 303, 1, 1, 1
116, 4, 982, 670, 181, 332, 1, 1, 1
117, 4, 972, 718, 209, 340, 1, 1, 1
118, 4, 1029, 707, 139, 255, 1, 1, 1
119, 4, 982, 708, 192, 358, 1, 1, 1
120, 4, 997, 719, 169, 338, 1, 1, 1
121, 4, 993, 732, 163, 327, 1, 1, 1
122, 4, 994, 801, 178, 262, 1, 1, 1
123, 4, 992, 805, 185, 250, 1, 1, 1
124, 4, 990, 790, 189, 270, 1, 1, 1
125, 4, 1025, 776, 156, 289, 1, 1, 1
126, 4, 994, 806, 180, 263, 1, 1, 1
127, 4, 1024, 812, 153, 268, 1, 1, 1
128, 4, 997, 831, 178, 248, 1, 1, 1
129, 4, 1031, 840, 155, 240, 1, 1, 1
130, 4, 1037, 837, 155, 243, 1, 1, 1
131, 4, 1037, 823, 123, 257, 1, 1, 1
132, 4, 1033, 836, 123, 244, 1, 1, 1
133, 4, 1037, 851, 122, 229, 1, 1, 1
134, 4, 1059, 867, 103, 211, 1, 1, 1
135, 4, 1044, 882, 112, 198, 1, 1, 1
136, 4, 1060, 916, 138, 164, 1, 1, 1
137, 4, 1047, 937, 169, 143, 1, 1, 1
138, 4, 1032, 978, 136, 102, 1, 1, 1
139, 4, 1094, 990, 125, 90, 1, 1, 1
