24, 6, 503, 224, 56, 101, 1, 1, 1
25, 6, 507, 224, 55, 100, 1, 1, 1
26, 6, 508, 226, 60, 98, 1, 1, 1
27, 6, 508, 228, 67, 96, 1, 1, 1
28, 6, 506, 228, 76, 96, 1, 1, 1
29, 6, 512, 225, 73, 98, 1, 1, 1
30, 6, 509, 226, 65, 97, 1, 1, 1
31, 6, 514, 226, 43, 97, 1, 1, 1
32, 6, 515, 225, 41, 98, 1, 1, 1
33, 6, 517, 225, 39, 96, 1, 1, 1
34, 6, 522, 222, 36, 96, 1, 1, 1
35, 6, 521, 219, 37, 96, 1, 1, 1
36, 6, 525, 217, 35, 96, 1, 1, 1
37, 6, 528, 217, 34, 95, 1, 1, 1
38, 6, 529, 218, 36, 93, 1, 1, 1
23, 5, 446, 246, 51, 90, 1, 1, 1
24, 5, 445, 253, 50, 82, 1, 1, 1
25, 5, 445, 250, 52, 84, 1, 1, 1
26, 5, 446, 244, 67, 91, 1, 1, 1
27, 5, 448, 242, 48, 93, 1, 1, 1
28, 5, 447, 241, 45, 93, 1, 1, 1
29, 5, 446, 239, 47, 95, 1, 1, 1
30, 5, 450, 237, 44, 97, 1, 1, 1
31, 5, 458, 237, 37, 97, 1, 1, 1
32, 5, 463, 239, 35, 95, 1, 1, 1
33, 5, 470, 239, 31, 93, 1, 1, 1
34, 5, 474, 236, 27, 93, 1, 1, 1
35, 5, 476, 233, 25, 93, 1, 1, 1
36, 5, 475, 229, 27, 95, 1, 1, 1
37, 5, 474, 227, 26, 95, 1, 1, 1
38, 5, 473, 226, 26, 95, 1, 1, 1
39, 5, 473, 224, 28, 96, 1, 1, 1
