13, 5, 414, 347, 253, 165, 1, 1, 1
14, 5, 412, 341, 250, 169, 1, 1, 1
15, 5, 407, 347, 251, 162, 1, 1, 1
16, 5, 403, 343, 250, 164, 1, 1, 1
17, 5, 390, 333, 259, 173, 1, 1, 1
18, 5, 379, 325, 257, 181, 1, 1, 1
19, 5, 378, 325, 253, 181, 1, 1, 1
20, 5, 365, 310, 260, 197, 1, 1, 1
21, 5, 365, 313, 250, 193, 1, 1, 1
22, 5, 358, 314, 251, 192, 1, 1, 1
23, 5, 356, 319, 249, 190, 1, 1, 1
24, 5, 358, 329, 243, 180, 1, 1, 1
25, 5, 357, 330, 239, 179, 1, 1, 1
26, 5, 354, 325, 239, 182, 1, 1, 1
27, 5, 351, 323, 236, 185, 1, 1, 1
28, 5, 349, 321, 236, 186, 1, 1, 1
29, 5, 367, 316, 214, 191, 1, 1, 1
30, 5, 387, 309, 192, 199, 1, 1, 1
31, 5, 390, 304, 184, 203, 1, 1, 1
32, 5, 388, 303, 185, 203, 1, 1, 1
33, 5, 384, 304, 184, 204, 1, 1, 1
34, 5, 380, 303, 183, 206, 1, 1, 1
35, 5, 374, 303, 184, 205, 1, 1, 1
36, 5, 366, 304, 186, 206, 1, 1, 1
37, 5, 361, 304, 187, 205, 1, 1, 1
38, 5, 359, 307, 186, 203, 1, 1, 1
