6, 2, 673, 342, 1247, 407, 1, 1, 1
7, 2, 715, 331, 852, 424, 1, 1, 1
8, 2, 812, 309, 789, 421, 1, 1, 1
9, 2, 796, 285, 846, 470, 1, 1, 1
10, 2, 832, 302, 837, 481, 1, 1, 1
11, 2, 870, 300, 819, 525, 1, 1, 1
12, 2, 928, 288, 798, 552, 1, 1, 1
13, 2, 960, 250, 812, 589, 1, 1, 1
14, 2, 988, 241, 815, 568, 1, 1, 1
15, 2, 1057, 280, 761, 560, 1, 1, 1
16, 2, 1087, 302, 756, 598, 1, 1, 1
17, 2, 1120, 316, 744, 584, 1, 1, 1
33, 1, 812, 376, 449, 466, 1, 1, 1
34, 1, 815, 363, 440, 465, 1, 1, 1
35, 1, 819, 332, 432, 492, 1, 1, 1
36, 1, 823, 296, 456, 488, 1, 1, 1
37, 1, 823, 282, 448, 495, 1, 1, 1
38, 1, 800, 277, 474, 493, 1, 1, 1
39, 1, 789, 277, 474, 487, 1, 1, 1
40, 1, 793, 279, 451, 437, 1, 1, 1
41, 1, 799, 267, 476, 463, 1, 1, 1
42, 1, 801, 253, 506, 446, 1, 1, 1
43, 1, 808, 221, 508, 468, 1, 1, 1
