65, 3, 769, 537, 182, 220, 1, 1, 1
66, 3, 758, 535, 175, 224, 1, 1, 1
67, 3, 745, 533, 167, 225, 1, 1, 1
68, 3, 732, 536, 167, 224, 1, 1, 1
69, 3, 720, 541, 171, 218, 1, 1, 1
70, 3, 711, 541, 180, 219, 1, 1, 1
71, 3, 699, 537, 186, 225, 1, 1, 1
72, 3, 688, 540, 174, 223, 1, 1, 1
73, 3, 677, 539, 169, 225, 1, 1, 1
74, 3, 667, 542, 172, 221, 1, 1, 1
75, 3, 660, 541, 179, 222, 1, 1, 1
76, 3, 651, 540, 185, 225, 1, 1, 1
77, 3, 642, 539, 176, 225, 1, 1, 1
78, 3, 632, 538, 180, 227, 1, 1, 1
79, 3, 623, 537, 177, 228, 1, 1, 1
80, 3, 616, 538, 174, 227, 1, 1, 1
81, 3, 605, 531, 184, 233, 1, 1, 1
82, 3, 597, 531, 188, 235, 1, 1, 1
83, 3, 588, 529, 187, 237, 1, 1, 1
84, 3, 577, 526, 186, 238, 1, 1, 1
85, 3, 566, 528, 168, 237, 1, 1, 1
86, 3, 557, 521, 176, 244, 1, 1, 1
87, 3, 548, 526, 184, 239, 1, 1, 1
88, 3, 540, 522, 185, 241, 1, 1, 1
89, 3, 531, 518, 185, 245, 1, 1, 1
90, 3, 520, 519, 179, 246, 1, 1, 1
91, 3, 509, 517, 178, 246, 1, 1, 1
92, 3, 494, 519, 191, 243, 1, 1, 1
93, 3, 484, 515, 198, 246, 1, 1, 1
94, 3, 469, 512, 207, 249, 1, 1, 1
95, 3, 458, 513, 203, 244, 1, 1, 1
96, 3, 446, 516, 191, 243, 1, 1, 1
97, 3, 440, 515, 192, 245, 1, 1, 1
98, 3, 427, 510, 200, 249, 1, 1, 1
99, 3, 417, 511, 204, 248, 1, 1, 1
100, 3, 412, 508, 202, 251, 1, 1, 1
101, 3, 410, 510, 201, 250, 1, 1, 1
102, 3, 406, 513, 204, 248, 1, 1, 1
103, 3, 400, 510, 195, 249, 1, 1, 1
104, 3, 416, 510, 170, 249, 1, 1, 1
105, 3, 423, 508, 161, 251, 1, 1, 1
106, 3, 429, 509, 143, 249, 1, 1, 1
107, 3, 433, 510, 128, 251, 1, 1, 1
108, 3, 446, 505, 102, 253, 1, 1, 1
78, 2, 759, 544, 115, 196, 1, 1, 1
79, 2, 753, 546, 120, 196, 1, 1, 1
80, 2, 751, 547, 108, 194, 1, 1, 1
81, 2, 748, 544, 110, 197, 1, 1, 1
82, 2, 746, 541, 114, 200, 1, 1, 1
83, 2, 742, 539, 116, 201, 1, 1, 1
84, 2, 738, 541, 115, 199, 1, 1, 1
85, 2, 731, 541, 119, 195, 1, 1, 1
86, 2, 724, 536, 123, 201, 1, 1, 1
87, 2, 717, 532, 131, 206, 1, 1, 1
88, 2, 708, 531, 142, 210, 1, 1, 1
89, 2, 702, 530, 145, 209, 1, 1, 1
90, 2, 695, 526, 147, 211, 1, 1, 1
91, 2, 684, 527, 151, 209, 1, 1, 1
92, 2, 674, 528, 147, 207, 1, 1, 1
93, 2, 665, 528, 145, 208, 1, 1, 1
94, 2, 663, 528, 145, 206, 1, 1, 1
95, 2, 655, 522, 152, 209, 1, 1, 1
96, 2, 651, 522, 156, 211, 1, 1, 1
97, 2, 645, 519, 143, 213, 1, 1, 1
98, 2, 638, 518, 150, 213, 1, 1, 1
99, 2, 637, 521, 157, 211, 1, 1, 1
100, 2, 632, 516, 141, 216, 1, 1, 1
101, 2, 629, 517, 144, 214, 1, 1, 1
102, 2, 623, 514, 148, 219, 1, 1, 1
103, 2, 621, 509, 139, 224, 1, 1, 1
104, 2, 616, 511, 125, 222, 1, 1, 1
105, 2, 607, 503, 126, 230, 1, 1, 1
106, 2, 598, 506, 133, 227, 1, 1, 1
107, 2, 589, 503, 144, 229, 1, 1, 1
108, 2, 581, 506, 124, 226, 1, 1, 1
62, 4, 683, 559, 139, 175, 1, 1, 1
63, 4, 682, 561, 137, 174, 1, 1, 1
64, 4, 673, 564, 137, 172, 1, 1, 1
65, 4, 659, 562, 135, 175, 1, 1, 1
66, 4, 655, 560, 139, 179, 1, 1, 1
67, 4, 646, 559, 143, 180, 1, 1, 1
68, 4, 639, 558, 139, 180, 1, 1, 1
69, 4, 633, 559, 132, 182, 1, 1, 1
70, 4, 625, 563, 136, 178, 1, 1, 1
71, 4, 619, 559, 138, 182, 1, 1, 1
72, 4, 613, 562, 151, 180, 1, 1, 1
73, 4, 610, 556, 149, 187, 1, 1, 1
74, 4, 604, 560, 149, 184, 1, 1, 1
75, 4, 598, 558, 135, 184, 1, 1, 1
76, 4, 593, 558, 135, 184, 1, 1, 1
77, 4, 587, 553, 135, 189, 1, 1, 1
78, 4, 581, 555, 140, 188, 1, 1, 1
79, 4, 577, 553, 138, 188, 1, 1, 1
80, 4, 572, 547, 143, 195, 1, 1, 1
81, 4, 566, 547, 146, 195, 1, 1, 1
82, 4, 559, 552, 115, 188, 1, 1, 1
83, 4, 551, 550, 117, 191, 1, 1, 1
84, 4, 544, 548, 141, 192, 1, 1, 1
85, 4, 538, 546, 120, 194, 1, 1, 1
86, 4, 529, 546, 122, 194, 1, 1, 1
87, 4, 520, 544, 139, 196, 1, 1, 1
88, 4, 511, 546, 145, 193, 1, 1, 1
89, 4, 504, 544, 117, 195, 1, 1, 1
90, 4, 495, 543, 146, 196, 1, 1, 1
91, 4, 499, 543, 134, 197, 1, 1, 1
92, 4, 500, 555, 102, 182, 1, 1, 1
93, 4, 494, 550, 109, 187, 1, 1, 1
94, 4, 496, 555, 102, 180, 1, 1, 1
95, 4, 453, 558, 149, 178, 1, 1, 1
96, 4, 504, 587, 89, 147, 1, 1, 1
97, 4, 439, 539, 147, 194, 1, 1, 1
98, 4, 432, 548, 148, 181, 1, 1, 1
99, 4, 424, 541, 147, 188, 1, 1, 1
100, 4, 422, 544, 140, 180, 1, 1, 1
101, 4, 416, 546, 139, 184, 1, 1, 1
102, 4, 434, 548, 118, 186, 1, 1, 1
103, 4, 425, 545, 119, 189, 1, 1, 1
104, 4, 394, 525, 142, 209, 1, 1, 1
105, 4, 387, 524, 143, 208, 1, 1, 1
106, 4, 383, 527, 94, 206, 1, 1, 1
107, 4, 377, 525, 95, 209, 1, 1, 1
108, 4, 376, 523, 94, 211, 1, 1, 1
