12, 2, 1109, 260, 160, 236, 1, 1, 1
13, 2, 1050, 209, 264, 490, 1, 1, 1
14, 2, 1055, 35, 270, 430, 1, 1, 1
15, 2, 1055, 0, 207, 557, 1, 1, 1
16, 2, 1041, 0, 154, 422, 1, 1, 1
17, 2, 1042, 0, 148, 439, 1, 1, 1
18, 2, 1042, 0, 156, 504, 1, 1, 1
19, 2, 1052, 34, 148, 485, 1, 1, 1
20, 2, 1048, 0, 173, 529, 1, 1, 1
21, 2, 1038, 68, 288, 395, 1, 1, 1
22, 2, 1050, 129, 459, 526, 1, 1, 1
23, 2, 988, 66, 802, 771, 1, 1, 1
24, 2, 959, 110, 409, 970, 1, 1, 1
25, 2, 959, 210, 358, 870, 1, 1, 1
26, 2, 961, 275, 345, 805, 1, 1, 1
27, 2, 967, 406, 331, 674, 1, 1, 1
