17, 1, 0, 142, 502, 608, 1, 1, 1
18, 1, 82, 151, 493, 609, 1, 1, 1
19, 1, 153, 106, 488, 661, 1, 1, 1
20, 1, 154, 46, 410, 721, 1, 1, 1
21, 1, 259, 99, 306, 671, 1, 1, 1
22, 1, 283, 224, 313, 550, 1, 1, 1
23, 1, 322, 319, 417, 460, 1, 1, 1
24, 1, 324, 268, 528, 506, 1, 1, 1
25, 1, 329, 247, 608, 524, 1, 1, 1
26, 1, 345, 223, 577, 549, 1, 1, 1
27, 1, 469, 155, 513, 624, 1, 1, 1
28, 1, 467, 176, 571, 559, 1, 1, 1
29, 1, 376, 251, 602, 483, 1, 1, 1
30, 1, 330, 297, 568, 451, 1, 1, 1
31, 1, 332, 280, 558, 468, 1, 1, 1
32, 1, 347, 103, 512, 642, 1, 1, 1
33, 1, 360, 48, 512, 648, 1, 1, 1
34, 1, 291, 51, 504, 660, 1, 1, 1
17, 2, 443, 179, 637, 501, 1, 1, 1
18, 2, 528, 114, 550, 595, 1, 1, 1
19, 2, 528, 113, 552, 601, 1, 1, 1
20, 2, 374, 196, 545, 505, 1, 1, 1
21, 2, 329, 364, 447, 334, 1, 1, 1
22, 2, 382, 202, 405, 508, 1, 1, 1
23, 2, 478, 122, 390, 594, 1, 1, 1
24, 2, 510, 152, 475, 566, 1, 1, 1
25, 2, 527, 171, 455, 557, 1, 1, 1
26, 2, 528, 193, 273, 545, 1, 1, 1
27, 2, 554, 193, 309, 556, 1, 1, 1
28, 2, 572, 156, 237, 577, 1, 1, 1
29, 2, 539, 187, 260, 555, 1, 1, 1
30, 2, 479, 227, 354, 501, 1, 1, 1
31, 2, 446, 229, 445, 497, 1, 1, 1
32, 2, 530, 122, 451, 540, 1, 1, 1
33, 2, 515, 78, 564, 629, 1, 1, 1
34, 2, 523, 87, 557, 606, 1, 1, 1
