1, 1, 0, 272, 320, 218, 1, 1, 1
2, 1, 0, 278, 341, 210, 1, 1, 1
3, 1, 31, 281, 319, 205, 1, 1, 1
4, 1, 61, 286, 293, 198, 1, 1, 1
5, 1, 84, 287, 271, 194, 1, 1, 1
6, 1, 104, 290, 249, 188, 1, 1, 1
7, 1, 125, 295, 226, 182, 1, 1, 1
8, 1, 159, 299, 205, 178, 1, 1, 1
9, 1, 205, 304, 185, 173, 1, 1, 1
10, 1, 243, 303, 188, 171, 1, 1, 1
11, 1, 273, 305, 199, 165, 1, 1, 1
12, 1, 303, 303, 208, 162, 1, 1, 1
13, 1, 325, 301, 216, 158, 1, 1, 1
14, 1, 319, 303, 225, 152, 1, 1, 1
15, 1, 319, 301, 232, 149, 1, 1, 1
16, 1, 327, 299, 234, 146, 1, 1, 1
17, 1, 323, 297, 240, 145, 1, 1, 1
18, 1, 312, 297, 243, 142, 1, 1, 1
19, 1, 295, 298, 245, 138, 1, 1, 1
20, 1, 271, 298, 249, 136, 1, 1, 1
21, 1, 247, 299, 250, 133, 1, 1, 1
22, 1, 225, 300, 249, 131, 1, 1, 1
23, 1, 215, 299, 239, 130, 1, 1, 1
24, 1, 213, 297, 220, 129, 1, 1, 1
25, 1, 229, 301, 179, 124, 1, 1, 1
26, 1, 246, 304, 135, 120, 1, 1, 1
27, 1, 265, 310, 85, 111, 1, 1, 1
28, 1, 290, 344, 29, 30, 1, 1, 1
30, 1, 0, 314, 10, 77, 1, 1, 1
31, 1, 0, 312, 21, 69, 1, 1, 1
32, 1, 0, 308, 32, 77, 1, 1, 1
33, 1, 0, 304, 43, 84, 1, 1, 1
34, 1, 0, 288, 64, 111, 1, 1, 1
35, 1, 0, 306, 60, 95, 1, 1, 1
36, 1, 0, 316, 56, 90, 1, 1, 1
37, 1, 0, 347, 34, 30, 1, 1, 1
38, 1, 0, 348, 12, 16, 1, 1, 1
