34, 14, 1901, 301, 19, 66, 1, 1, 1
35, 14, 1813, 302, 33, 80, 1, 1, 1
36, 14, 1742, 303, 28, 94, 1, 1, 1
37, 14, 1681, 311, 29, 97, 1, 1, 1
38, 14, 1633, 308, 23, 73, 1, 1, 1
39, 14, 1578, 317, 32, 80, 1, 1, 1
40, 14, 1535, 308, 30, 52, 1, 1, 1
42, 14, 1479, 302, 24, 84, 1, 1, 1
43, 14, 1491, 307, 31, 75, 1, 1, 1
44, 14, 1539, 301, 25, 74, 1, 1, 1
45, 14, 1578, 302, 28, 69, 1, 1, 1
46, 14, 1623, 299, 30, 80, 1, 1, 1
47, 14, 1663, 300, 35, 77, 1, 1, 1
48, 14, 1694, 304, 27, 70, 1, 1, 1
49, 14, 1701, 303, 30, 73, 1, 1, 1
50, 14, 1705, 308, 28, 67, 1, 1, 1
