49, 11, 1902, 759, 18, 32, 1, 1, 1
50, 11, 1848, 719, 72, 82, 1, 1, 1
51, 11, 1803, 685, 117, 112, 1, 1, 1
52, 11, 1749, 656, 171, 125, 1, 1, 1
53, 11, 1676, 645, 244, 127, 1, 1, 1
54, 11, 1620, 640, 300, 127, 1, 1, 1
55, 11, 1580, 633, 340, 138, 1, 1, 1
56, 11, 1534, 635, 386, 159, 1, 1, 1
57, 11, 1503, 643, 417, 163, 1, 1, 1
58, 11, 1475, 658, 445, 161, 1, 1, 1
59, 11, 1444, 663, 475, 168, 1, 1, 1
60, 11, 1414, 668, 448, 175, 1, 1, 1
61, 11, 1394, 667, 413, 171, 1, 1, 1
62, 11, 1377, 661, 386, 166, 1, 1, 1
63, 11, 1374, 660, 385, 158, 1, 1, 1
64, 11, 1378, 666, 393, 159, 1, 1, 1
65, 11, 1386, 668, 419, 163, 1, 1, 1
66, 11, 1397, 676, 457, 165, 1, 1, 1
67, 11, 1383, 667, 486, 174, 1, 1, 1
68, 11, 1335, 667, 470, 163, 1, 1, 1
69, 11, 1282, 657, 455, 161, 1, 1, 1
70, 11, 1235, 655, 427, 154, 1, 1, 1
