1, 1, 336, 326, 609, 265, 1, 1, 1
2, 1, 320, 329, 612, 250, 1, 1, 1
3, 1, 351, 312, 578, 256, 1, 1, 1
4, 1, 330, 316, 591, 285, 1, 1, 1
5, 1, 306, 328, 567, 347, 1, 1, 1
6, 1, 297, 325, 520, 413, 1, 1, 1
7, 1, 281, 341, 487, 437, 1, 1, 1
8, 1, 273, 369, 477, 423, 1, 1, 1
9, 1, 288, 366, 501, 403, 1, 1, 1
10, 1, 299, 385, 524, 343, 1, 1, 1
11, 1, 314, 472, 515, 234, 1, 1, 1
12, 1, 383, 489, 490, 216, 1, 1, 1
13, 1, 448, 479, 465, 226, 1, 1, 1
14, 1, 403, 471, 501, 236, 1, 1, 1
15, 1, 394, 455, 504, 245, 1, 1, 1
16, 1, 390, 438, 487, 254, 1, 1, 1
17, 1, 366, 419, 471, 263, 1, 1, 1
18, 1, 352, 380, 457, 275, 1, 1, 1
19, 1, 352, 345, 451, 288, 1, 1, 1
20, 1, 396, 314, 415, 285, 1, 1, 1
21, 1, 484, 343, 347, 251, 1, 1, 1
22, 1, 382, 352, 450, 231, 1, 1, 1
23, 1, 361, 368, 437, 195, 1, 1, 1
24, 1, 320, 345, 436, 195, 1, 1, 1
25, 1, 282, 339, 413, 194, 1, 1, 1
1, 2, 1166, 291, 535, 235, 1, 1, 1
2, 2, 1148, 314, 526, 253, 1, 1, 1
3, 2, 1157, 330, 518, 269, 1, 1, 1
4, 2, 1159, 341, 498, 309, 1, 1, 1
5, 2, 1130, 349, 459, 328, 1, 1, 1
6, 2, 1167, 388, 386, 291, 1, 1, 1
7, 2, 1167, 456, 373, 212, 1, 1, 1
8, 2, 1184, 522, 345, 153, 1, 1, 1
9, 2, 1315, 530, 196, 126, 1, 1, 1
10, 2, 1144, 483, 330, 84, 1, 1, 1
11, 2, 1098, 450, 254, 40, 1, 1, 1
12, 2, 974, 419, 372, 73, 1, 1, 1
13, 2, 950, 363, 434, 143, 1, 1, 1
14, 2, 918, 354, 415, 135, 1, 1, 1
15, 2, 903, 328, 424, 162, 1, 1, 1
16, 2, 908, 320, 422, 170, 1, 1, 1
17, 2, 848, 306, 433, 191, 1, 1, 1
18, 2, 825, 294, 430, 198, 1, 1, 1
19, 2, 820, 282, 420, 182, 1, 1, 1
20, 2, 827, 268, 407, 187, 1, 1, 1
21, 2, 844, 301, 401, 204, 1, 1, 1
22, 2, 842, 333, 383, 211, 1, 1, 1
23, 2, 837, 348, 332, 214, 1, 1, 1
24, 2, 826, 362, 290, 216, 1, 1, 1
25, 2, 790, 413, 275, 169, 1, 1, 1
