26, 2, 704, 314, 190, 304, 1, 1, 1
27, 2, 696, 297, 184, 315, 1, 1, 1
28, 2, 687, 295, 185, 319, 1, 1, 1
29, 2, 700, 303, 189, 330, 1, 1, 1
30, 2, 694, 304, 201, 330, 1, 1, 1
128, 1, 990, 308, 400, 575, 1, 1, 1
129, 1, 1032, 299, 386, 570, 1, 1, 1
130, 1, 1067, 263, 383, 574, 1, 1, 1
131, 1, 1070, 265, 382, 579, 1, 1, 1
132, 1, 1066, 291, 380, 579, 1, 1, 1
133, 1, 1028, 308, 392, 577, 1, 1, 1
134, 1, 929, 319, 433, 579, 1, 1, 1
59, 4, 798, 360, 227, 295, 1, 1, 1
60, 4, 762, 359, 227, 301, 1, 1, 1
61, 4, 742, 361, 203, 297, 1, 1, 1
62, 4, 755, 359, 156, 297, 1, 1, 1
63, 4, 761, 353, 130, 290, 1, 1, 1
64, 4, 753, 381, 94, 192, 1, 1, 1
65, 4, 745, 390, 141, 311, 1, 1, 1
66, 4, 777, 394, 135, 308, 1, 1, 1
67, 4, 776, 399, 165, 310, 1, 1, 1
68, 4, 783, 401, 146, 313, 1, 1, 1
69, 4, 776, 399, 140, 309, 1, 1, 1
70, 4, 773, 397, 153, 316, 1, 1, 1
71, 4, 755, 400, 155, 314, 1, 1, 1
139, 4, 472, 380, 244, 381, 1, 1, 1
140, 4, 487, 383, 234, 376, 1, 1, 1
141, 4, 538, 380, 226, 454, 1, 1, 1
142, 4, 533, 376, 232, 456, 1, 1, 1
143, 4, 532, 353, 226, 460, 1, 1, 1
144, 4, 516, 347, 221, 456, 1, 1, 1
145, 4, 513, 340, 216, 462, 1, 1, 1
146, 4, 517, 334, 210, 465, 1, 1, 1
147, 4, 526, 334, 214, 460, 1, 1, 1
148, 4, 535, 313, 210, 474, 1, 1, 1
149, 4, 502, 271, 236, 506, 1, 1, 1
150, 4, 522, 261, 219, 506, 1, 1, 1
151, 4, 535, 260, 211, 507, 1, 1, 1
159, 4, 596, 279, 172, 498, 1, 1, 1
160, 4, 597, 267, 199, 505, 1, 1, 1
161, 4, 649, 270, 154, 403, 1, 1, 1
162, 4, 650, 265, 161, 505, 1, 1, 1
163, 4, 653, 276, 172, 498, 1, 1, 1
164, 4, 664, 274, 161, 269, 1, 1, 1
165, 4, 698, 279, 154, 254, 1, 1, 1
166, 4, 721, 283, 179, 258, 1, 1, 1
167, 4, 700, 290, 182, 467, 1, 1, 1
168, 4, 670, 291, 214, 470, 1, 1, 1
169, 4, 664, 302, 218, 468, 1, 1, 1
170, 4, 674, 307, 242, 468, 1, 1, 1
171, 4, 681, 312, 248, 466, 1, 1, 1
