30, 2, 301, 0, 880, 559, 1, 1, 1
31, 2, 256, 16, 903, 536, 1, 1, 1
32, 2, 221, 43, 881, 511, 1, 1, 1
33, 2, 168, 68, 848, 493, 1, 1, 1
34, 2, 137, 76, 791, 501, 1, 1, 1
35, 2, 99, 94, 781, 503, 1, 1, 1
36, 2, 58, 101, 811, 514, 1, 1, 1
37, 2, 22, 112, 804, 501, 1, 1, 1
38, 2, 0, 122, 767, 485, 1, 1, 1
39, 2, 0, 125, 705, 470, 1, 1, 1
40, 2, 0, 134, 651, 457, 1, 1, 1
41, 2, 0, 135, 597, 449, 1, 1, 1
42, 2, 0, 140, 558, 436, 1, 1, 1
43, 2, 0, 135, 537, 436, 1, 1, 1
44, 2, 0, 125, 513, 442, 1, 1, 1
45, 2, 0, 113, 477, 449, 1, 1, 1
46, 2, 0, 101, 444, 456, 1, 1, 1
47, 2, 0, 153, 407, 398, 1, 1, 1
48, 2, 0, 152, 369, 395, 1, 1, 1
49, 2, 0, 165, 339, 389, 1, 1, 1
50, 2, 0, 177, 312, 375, 1, 1, 1
51, 2, 0, 196, 284, 350, 1, 1, 1
52, 2, 0, 214, 258, 330, 1, 1, 1
53, 2, 0, 216, 230, 324, 1, 1, 1
