13, 4, 188, 138, 137, 142, 1, 1, 1
14, 4, 188, 130, 122, 150, 1, 1, 1
15, 4, 167, 141, 92, 182, 1, 1, 1
16, 4, 151, 143, 90, 182, 1, 1, 1
17, 4, 135, 154, 92, 209, 1, 1, 1
18, 4, 130, 167, 92, 197, 1, 1, 1
19, 4, 109, 189, 101, 232, 1, 1, 1
20, 4, 96, 194, 93, 227, 1, 1, 1
21, 4, 91, 196, 88, 224, 1, 1, 1
22, 4, 89, 204, 87, 213, 1, 1, 1
23, 4, 96, 200, 81, 181, 1, 1, 1
24, 4, 97, 206, 88, 167, 1, 1, 1
25, 4, 92, 207, 99, 160, 1, 1, 1
26, 4, 90, 205, 101, 163, 1, 1, 1
27, 4, 92, 209, 108, 143, 1, 1, 1
28, 4, 98, 209, 134, 146, 1, 1, 1
29, 4, 96, 218, 136, 142, 1, 1, 1
30, 4, 98, 227, 177, 148, 1, 1, 1
31, 4, 108, 231, 168, 144, 1, 1, 1
32, 4, 115, 233, 190, 170, 1, 1, 1
33, 4, 121, 242, 185, 160, 1, 1, 1
34, 4, 120, 241, 190, 168, 1, 1, 1
35, 4, 126, 247, 211, 180, 1, 1, 1
36, 4, 123, 258, 212, 178, 1, 1, 1
37, 4, 133, 259, 156, 133, 1, 1, 1
38, 4, 125, 261, 226, 173, 1, 1, 1
39, 4, 122, 262, 173, 128, 1, 1, 1
82, 1, 169, 195, 109, 96, 1, 1, 1
83, 1, 192, 203, 182, 89, 1, 1, 1
84, 1, 193, 205, 189, 92, 1, 1, 1
85, 1, 209, 207, 190, 81, 1, 1, 1
86, 1, 246, 208, 185, 98, 1, 1, 1
87, 1, 287, 210, 168, 123, 1, 1, 1
88, 1, 302, 218, 188, 155, 1, 1, 1
89, 1, 350, 220, 161, 155, 1, 1, 1
90, 1, 373, 217, 147, 187, 1, 1, 1
91, 1, 393, 222, 132, 181, 1, 1, 1
92, 1, 407, 223, 115, 182, 1, 1, 1
93, 1, 419, 225, 108, 182, 1, 1, 1
