12, 7, 0, 430, 36, 91, 1, 1, 1
13, 7, 0, 422, 84, 103, 1, 1, 1
14, 7, 19, 426, 119, 98, 1, 1, 1
15, 7, 95, 426, 108, 92, 1, 1, 1
16, 7, 137, 420, 80, 84, 1, 1, 1
17, 7, 0, 422, 312, 216, 1, 1, 1
18, 7, 0, 411, 364, 232, 1, 1, 1
19, 7, 0, 409, 393, 232, 1, 1, 1
20, 7, 0, 410, 379, 237, 1, 1, 1
21, 7, 126, 418, 265, 227, 1, 1, 1
22, 7, 131, 420, 261, 235, 1, 1, 1
23, 7, 0, 385, 525, 268, 1, 1, 1
24, 7, 0, 400, 555, 256, 1, 1, 1
25, 7, 0, 231, 583, 419, 1, 1, 1
26, 7, 0, 230, 606, 426, 1, 1, 1
27, 7, 1, 229, 617, 425, 1, 1, 1
28, 7, 9, 222, 616, 434, 1, 1, 1
29, 7, 13, 212, 609, 447, 1, 1, 1
30, 7, 13, 206, 633, 453, 1, 1, 1
31, 7, 27, 215, 633, 442, 1, 1, 1
32, 7, 24, 215, 635, 442, 1, 1, 1
33, 7, 24, 213, 640, 445, 1, 1, 1
34, 7, 26, 217, 651, 439, 1, 1, 1
35, 7, 25, 215, 651, 438, 1, 1, 1
36, 7, 22, 216, 643, 440, 1, 1, 1
37, 7, 20, 217, 649, 437, 1, 1, 1
38, 7, 31, 215, 636, 437, 1, 1, 1
39, 7, 22, 394, 634, 257, 1, 1, 1
40, 7, 23, 388, 634, 264, 1, 1, 1
41, 7, 22, 384, 637, 265, 1, 1, 1
42, 7, 21, 385, 587, 263, 1, 1, 1
43, 7, 17, 384, 605, 262, 1, 1, 1
44, 7, 20, 386, 592, 261, 1, 1, 1
