21, 9, 624, 252, 57, 68, 1, 1, 1
22, 9, 622, 251, 61, 67, 1, 1, 1
23, 9, 621, 251, 61, 69, 1, 1, 1
24, 9, 621, 252, 61, 67, 1, 1, 1
25, 9, 623, 252, 60, 67, 1, 1, 1
26, 9, 624, 251, 59, 68, 1, 1, 1
27, 9, 622, 251, 60, 67, 1, 1, 1
28, 9, 622, 252, 60, 69, 1, 1, 1
29, 9, 623, 252, 61, 68, 1, 1, 1
30, 9, 622, 252, 63, 68, 1, 1, 1
31, 9, 623, 254, 62, 67, 1, 1, 1
32, 9, 622, 254, 63, 65, 1, 1, 1
33, 9, 626, 253, 58, 67, 1, 1, 1
34, 9, 627, 253, 59, 66, 1, 1, 1
35, 9, 624, 253, 63, 49, 1, 1, 1
36, 9, 625, 252, 62, 41, 1, 1, 1
37, 9, 628, 253, 58, 36, 1, 1, 1
