21, 2, 317, 160, 1017, 569, 1, 1, 1
22, 2, 304, 160, 1039, 568, 1, 1, 1
23, 2, 284, 155, 1086, 568, 1, 1, 1
24, 2, 279, 151, 1122, 567, 1, 1, 1
25, 2, 364, 127, 1083, 581, 1, 1, 1
26, 2, 440, 118, 1050, 590, 1, 1, 1
27, 2, 420, 108, 1097, 588, 1, 1, 1
28, 2, 406, 101, 1122, 582, 1, 1, 1
29, 2, 376, 94, 1112, 571, 1, 1, 1
30, 2, 371, 82, 1072, 577, 1, 1, 1
31, 2, 381, 87, 1037, 579, 1, 1, 1
32, 2, 389, 89, 1000, 587, 1, 1, 1
33, 2, 336, 119, 1011, 607, 1, 1, 1
34, 2, 295, 160, 1023, 619, 1, 1, 1
35, 2, 289, 195, 1017, 617, 1, 1, 1
36, 2, 418, 185, 902, 609, 1, 1, 1
37, 2, 474, 142, 842, 635, 1, 1, 1
38, 2, 473, 118, 838, 638, 1, 1, 1
39, 2, 555, 100, 820, 600, 1, 1, 1
40, 2, 592, 86, 724, 568, 1, 1, 1
41, 2, 734, 65, 565, 471, 1, 1, 1
42, 2, 646, 19, 639, 479, 1, 1, 1
43, 2, 581, 0, 686, 455, 1, 1, 1
44, 2, 396, 0, 847, 554, 1, 1, 1
45, 2, 353, 0, 881, 559, 1, 1, 1
46, 2, 268, 0, 959, 562, 1, 1, 1
