6, 4, 423, 3, 964, 734, 1, 1, 1
7, 4, 594, 0, 741, 608, 1, 1, 1
8, 4, 393, 50, 901, 734, 1, 1, 1
9, 4, 484, 78, 752, 632, 1, 1, 1
10, 4, 351, 0, 873, 655, 1, 1, 1
11, 4, 484, 11, 657, 746, 1, 1, 1
12, 4, 434, 0, 687, 746, 1, 1, 1
13, 4, 178, 90, 912, 667, 1, 1, 1
14, 4, 365, 0, 725, 797, 1, 1, 1
15, 4, 615, 183, 634, 671, 1, 1, 1
16, 4, 816, 379, 624, 506, 1, 1, 1
17, 4, 1022, 391, 417, 641, 1, 1, 1
18, 4, 1096, 504, 344, 559, 1, 1, 1
35, 1, 0, 431, 267, 496, 1, 1, 1
36, 1, 0, 323, 330, 498, 1, 1, 1
37, 1, 0, 112, 433, 542, 1, 1, 1
38, 1, 0, 8, 554, 501, 1, 1, 1
39, 1, 0, 156, 670, 358, 1, 1, 1
40, 1, 0, 245, 902, 472, 1, 1, 1
41, 1, 0, 266, 1030, 457, 1, 1, 1
