14, 1, 156, 330, 293, 231, 1, 1, 1
15, 1, 131, 332, 324, 219, 1, 1, 1
16, 1, 70, 286, 398, 260, 1, 1, 1
17, 1, 98, 278, 351, 259, 1, 1, 1
18, 1, 78, 279, 369, 261, 1, 1, 1
19, 1, 74, 272, 365, 262, 1, 1, 1
20, 1, 74, 256, 375, 272, 1, 1, 1
21, 1, 154, 235, 337, 263, 1, 1, 1
22, 1, 258, 245, 320, 242, 1, 1, 1
23, 1, 319, 223, 298, 276, 1, 1, 1
24, 1, 336, 199, 291, 296, 1, 1, 1
25, 1, 374, 175, 279, 292, 1, 1, 1
26, 1, 406, 161, 303, 305, 1, 1, 1
27, 1, 533, 161, 269, 253, 1, 1, 1
28, 1, 585, 187, 203, 223, 1, 1, 1
29, 1, 634, 139, 247, 266, 1, 1, 1
