2, 1, 460, 260, 237, 139, 1, 1, 1
3, 1, 464, 261, 245, 135, 1, 1, 1
4, 1, 462, 258, 255, 139, 1, 1, 1
5, 1, 460, 261, 259, 135, 1, 1, 1
6, 1, 495, 257, 222, 138, 1, 1, 1
7, 1, 496, 259, 222, 142, 1, 1, 1
8, 1, 497, 256, 226, 149, 1, 1, 1
9, 1, 499, 256, 226, 150, 1, 1, 1
10, 1, 501, 263, 222, 142, 1, 1, 1
11, 1, 500, 260, 220, 146, 1, 1, 1
12, 1, 506, 258, 217, 145, 1, 1, 1
13, 1, 510, 255, 210, 145, 1, 1, 1
14, 1, 511, 255, 193, 147, 1, 1, 1
15, 2, 508, 229, 144, 131, 1, 1, 1
16, 2, 507, 235, 153, 123, 1, 1, 1
17, 2, 507, 242, 158, 118, 1, 1, 1
18, 2, 504, 247, 161, 114, 1, 1, 1
19, 2, 505, 251, 161, 122, 1, 1, 1
20, 2, 502, 247, 156, 143, 1, 1, 1
31, 2, 492, 263, 165, 118, 1, 1, 1
32, 2, 481, 265, 182, 144, 1, 1, 1
33, 2, 483, 266, 141, 139, 1, 1, 1
34, 2, 481, 267, 179, 130, 1, 1, 1
