1, 1, 392, 320, 366, 637, 1, 1, 1
2, 1, 365, 356, 422, 601, 1, 1, 1
3, 1, 364, 375, 515, 585, 1, 1, 1
4, 1, 381, 411, 499, 553, 1, 1, 1
5, 1, 410, 424, 473, 552, 1, 1, 1
6, 1, 435, 441, 432, 561, 1, 1, 1
7, 1, 443, 436, 404, 582, 1, 1, 1
8, 1, 446, 441, 342, 584, 1, 1, 1
9, 1, 453, 444, 307, 596, 1, 1, 1
22, 2, 524, 271, 508, 765, 1, 1, 1
23, 2, 492, 345, 569, 695, 1, 1, 1
24, 2, 490, 340, 599, 665, 1, 1, 1
25, 2, 520, 329, 596, 667, 1, 1, 1
26, 2, 541, 317, 579, 669, 1, 1, 1
27, 2, 569, 295, 535, 673, 1, 1, 1
28, 2, 552, 268, 529, 690, 1, 1, 1
40, 2, 167, 205, 743, 875, 1, 1, 1
41, 2, 226, 334, 632, 744, 1, 1, 1
42, 2, 437, 338, 401, 740, 1, 1, 1
43, 2, 430, 332, 396, 746, 1, 1, 1
44, 2, 403, 322, 444, 756, 1, 1, 1
45, 2, 347, 312, 444, 755, 1, 1, 1
