6, 1, 396, 99, 453, 243, 1, 1, 1
7, 1, 451, 103, 430, 250, 1, 1, 1
8, 1, 528, 98, 385, 256, 1, 1, 1
9, 1, 524, 101, 384, 235, 1, 1, 1
10, 1, 557, 111, 378, 265, 1, 1, 1
11, 1, 637, 121, 359, 255, 1, 1, 1
12, 1, 625, 125, 385, 234, 1, 1, 1
13, 1, 651, 123, 354, 253, 1, 1, 1
14, 1, 625, 135, 351, 251, 1, 1, 1
15, 1, 703, 128, 249, 253, 1, 1, 1
16, 1, 690, 120, 282, 249, 1, 1, 1
17, 1, 685, 115, 280, 249, 1, 1, 1
18, 1, 679, 123, 287, 255, 1, 1, 1
19, 1, 780, 116, 199, 260, 1, 1, 1
20, 1, 762, 119, 279, 262, 1, 1, 1
21, 1, 766, 135, 304, 253, 1, 1, 1
22, 1, 768, 126, 289, 262, 1, 1, 1
23, 1, 773, 121, 302, 261, 1, 1, 1
24, 1, 778, 120, 320, 263, 1, 1, 1
25, 1, 780, 104, 332, 269, 1, 1, 1
26, 1, 762, 99, 330, 273, 1, 1, 1
27, 1, 742, 97, 353, 267, 1, 1, 1
28, 1, 699, 91, 371, 268, 1, 1, 1
29, 1, 663, 91, 379, 265, 1, 1, 1
30, 1, 632, 95, 366, 260, 1, 1, 1
6, 2, 742, 84, 342, 246, 1, 1, 1
7, 2, 751, 81, 342, 243, 1, 1, 1
8, 2, 765, 78, 344, 247, 1, 1, 1
9, 2, 770, 75, 360, 243, 1, 1, 1
10, 2, 805, 87, 339, 226, 1, 1, 1
11, 2, 836, 80, 301, 225, 1, 1, 1
12, 2, 820, 86, 312, 216, 1, 1, 1
13, 2, 849, 86, 241, 232, 1, 1, 1
14, 2, 839, 88, 178, 229, 1, 1, 1
15, 2, 789, 85, 172, 220, 1, 1, 1
16, 2, 686, 86, 286, 213, 1, 1, 1
17, 2, 676, 77, 220, 218, 1, 1, 1
18, 2, 654, 88, 185, 209, 1, 1, 1
19, 2, 641, 98, 204, 234, 1, 1, 1
20, 2, 616, 101, 288, 221, 1, 1, 1
21, 2, 579, 111, 258, 216, 1, 1, 1
22, 2, 558, 117, 295, 209, 1, 1, 1
23, 2, 515, 117, 318, 218, 1, 1, 1
24, 2, 498, 118, 357, 212, 1, 1, 1
25, 2, 502, 102, 365, 218, 1, 1, 1
26, 2, 500, 102, 360, 224, 1, 1, 1
27, 2, 462, 102, 378, 221, 1, 1, 1
28, 2, 397, 89, 404, 232, 1, 1, 1
29, 2, 400, 84, 374, 233, 1, 1, 1
30, 2, 413, 87, 333, 231, 1, 1, 1
