9, 1, 189, 339, 768, 577, 1, 1, 1
10, 1, 178, 346, 779, 553, 1, 1, 1
11, 1, 130, 368, 821, 506, 1, 1, 1
12, 1, 123, 394, 845, 534, 1, 1, 1
13, 1, 69, 415, 891, 513, 1, 1, 1
14, 1, 53, 417, 911, 497, 1, 1, 1
15, 1, 33, 420, 935, 494, 1, 1, 1
16, 1, 31, 421, 931, 510, 1, 1, 1
17, 1, 0, 423, 937, 484, 1, 1, 1
18, 1, 0, 423, 938, 481, 1, 1, 1
19, 1, 0, 429, 987, 438, 1, 1, 1
20, 1, 0, 430, 1013, 362, 1, 1, 1
21, 1, 0, 423, 1011, 377, 1, 1, 1
12, 3, 966, 242, 391, 278, 1, 1, 1
13, 3, 951, 250, 432, 286, 1, 1, 1
14, 3, 941, 256, 445, 287, 1, 1, 1
15, 3, 950, 254, 440, 292, 1, 1, 1
16, 3, 952, 255, 408, 305, 1, 1, 1
17, 3, 952, 258, 422, 310, 1, 1, 1
18, 3, 946, 260, 425, 321, 1, 1, 1
19, 3, 954, 263, 415, 330, 1, 1, 1
20, 3, 956, 259, 411, 319, 1, 1, 1
21, 3, 957, 260, 413, 302, 1, 1, 1
22, 3, 963, 257, 404, 294, 1, 1, 1
23, 3, 963, 256, 398, 284, 1, 1, 1
24, 3, 959, 259, 398, 272, 1, 1, 1
25, 3, 957, 259, 404, 273, 1, 1, 1
26, 3, 957, 259, 413, 277, 1, 1, 1
27, 3, 956, 259, 417, 285, 1, 1, 1
28, 3, 957, 260, 420, 288, 1, 1, 1
29, 3, 965, 260, 423, 301, 1, 1, 1
30, 3, 956, 264, 421, 294, 1, 1, 1
31, 3, 969, 268, 418, 334, 1, 1, 1
32, 3, 971, 270, 410, 337, 1, 1, 1
33, 3, 977, 271, 415, 322, 1, 1, 1
34, 3, 981, 269, 412, 345, 1, 1, 1
35, 3, 992, 263, 392, 326, 1, 1, 1
36, 3, 983, 269, 417, 283, 1, 1, 1
37, 3, 970, 264, 433, 271, 1, 1, 1
38, 3, 983, 264, 409, 265, 1, 1, 1
39, 3, 983, 257, 417, 275, 1, 1, 1
40, 3, 981, 255, 412, 268, 1, 1, 1
41, 3, 975, 255, 416, 265, 1, 1, 1
42, 3, 972, 252, 421, 267, 1, 1, 1
43, 3, 969, 250, 422, 268, 1, 1, 1
