72, 5, 1053, 427, 261, 301, 1, 1, 1
73, 5, 1006, 429, 302, 297, 1, 1, 1
74, 5, 968, 417, 321, 291, 1, 1, 1
75, 5, 940, 444, 334, 280, 1, 1, 1
76, 5, 966, 467, 313, 271, 1, 1, 1
77, 5, 1014, 612, 207, 120, 1, 1, 1
78, 5, 931, 512, 303, 206, 1, 1, 1
79, 5, 928, 496, 487, 259, 1, 1, 1
80, 5, 935, 481, 469, 265, 1, 1, 1
81, 5, 928, 454, 464, 287, 1, 1, 1
82, 5, 911, 417, 461, 326, 1, 1, 1
83, 5, 922, 407, 426, 344, 1, 1, 1
84, 5, 911, 390, 440, 361, 1, 1, 1
85, 5, 936, 403, 425, 340, 1, 1, 1
86, 5, 1051, 398, 328, 347, 1, 1, 1
87, 5, 1054, 396, 332, 345, 1, 1, 1
