61, 1, 165, 0, 1072, 806, 1, 1, 1
62, 1, 213, 0, 905, 741, 1, 1, 1
63, 1, 201, 50, 787, 682, 1, 1, 1
64, 1, 351, 91, 550, 626, 1, 1, 1
65, 1, 431, 29, 453, 666, 1, 1, 1
66, 1, 464, 1, 477, 690, 1, 1, 1
67, 1, 543, 0, 470, 700, 1, 1, 1
68, 1, 598, 0, 455, 699, 1, 1, 1
69, 1, 780, 3, 334, 698, 1, 1, 1
70, 1, 817, 1, 323, 700, 1, 1, 1
71, 1, 823, 95, 333, 595, 1, 1, 1
72, 1, 804, 87, 370, 583, 1, 1, 1
73, 1, 755, 120, 466, 532, 1, 1, 1
74, 1, 740, 125, 577, 511, 1, 1, 1
75, 1, 849, 151, 486, 511, 1, 1, 1
76, 1, 877, 205, 472, 516, 1, 1, 1
77, 1, 897, 192, 446, 594, 1, 1, 1
78, 1, 987, 341, 357, 490, 1, 1, 1
