1, 2, 167, 448, 126, 347, 1, 1, 1
2, 2, 145, 445, 135, 344, 1, 1, 1
3, 2, 125, 429, 146, 341, 1, 1, 1
4, 2, 130, 420, 130, 347, 1, 1, 1
5, 2, 127, 410, 128, 353, 1, 1, 1
6, 2, 152, 409, 124, 345, 1, 1, 1
7, 2, 169, 403, 118, 328, 1, 1, 1
8, 2, 171, 402, 127, 323, 1, 1, 1
9, 2, 170, 383, 135, 325, 1, 1, 1
10, 2, 190, 391, 133, 320, 1, 1, 1
11, 2, 203, 383, 139, 326, 1, 1, 1
12, 2, 215, 373, 126, 330, 1, 1, 1
13, 2, 228, 356, 123, 332, 1, 1, 1
14, 2, 240, 343, 117, 323, 1, 1, 1
15, 2, 261, 337, 114, 322, 1, 1, 1
16, 2, 279, 339, 117, 314, 1, 1, 1
17, 2, 285, 333, 132, 313, 1, 1, 1
18, 2, 288, 332, 139, 314, 1, 1, 1
19, 2, 308, 324, 120, 320, 1, 1, 1
20, 2, 330, 318, 106, 334, 1, 1, 1
