1, 1, 581, 186, 84, 173, 1, 1, 1
2, 1, 559, 182, 80, 169, 1, 1, 1
3, 1, 534, 178, 78, 167, 1, 1, 1
4, 1, 513, 176, 73, 164, 1, 1, 1
5, 1, 496, 178, 69, 163, 1, 1, 1
6, 1, 476, 178, 73, 162, 1, 1, 1
7, 1, 459, 173, 83, 162, 1, 1, 1
8, 1, 448, 175, 63, 161, 1, 1, 1
9, 1, 436, 177, 67, 161, 1, 1, 1
10, 1, 423, 177, 66, 161, 1, 1, 1
11, 1, 411, 176, 68, 162, 1, 1, 1
12, 1, 398, 173, 71, 163, 1, 1, 1
13, 1, 386, 171, 80, 168, 1, 1, 1
14, 1, 374, 171, 79, 168, 1, 1, 1
15, 1, 368, 167, 67, 172, 1, 1, 1
16, 1, 360, 165, 68, 172, 1, 1, 1
17, 1, 343, 164, 79, 180, 1, 1, 1
18, 1, 341, 166, 75, 184, 1, 1, 1
19, 1, 342, 167, 72, 186, 1, 1, 1
20, 1, 334, 163, 78, 189, 1, 1, 1
21, 1, 329, 161, 80, 191, 1, 1, 1
22, 1, 329, 165, 75, 195, 1, 1, 1
23, 1, 326, 163, 74, 197, 1, 1, 1
24, 1, 308, 162, 91, 200, 1, 1, 1
25, 1, 315, 161, 83, 208, 1, 1, 1
26, 1, 311, 162, 91, 207, 1, 1, 1
27, 1, 314, 163, 95, 208, 1, 1, 1
28, 1, 317, 167, 93, 206, 1, 1, 1
29, 1, 323, 168, 93, 206, 1, 1, 1
30, 1, 330, 169, 91, 203, 1, 1, 1
31, 1, 336, 167, 90, 207, 1, 1, 1
32, 1, 345, 166, 86, 209, 1, 1, 1
33, 1, 353, 168, 85, 219, 1, 1, 1
34, 1, 368, 171, 85, 216, 1, 1, 1
35, 1, 386, 170, 84, 220, 1, 1, 1
36, 1, 402, 170, 85, 220, 1, 1, 1
37, 1, 409, 173, 120, 216, 1, 1, 1
38, 1, 420, 173, 118, 216, 1, 1, 1
39, 1, 468, 175, 95, 216, 1, 1, 1
40, 1, 492, 177, 94, 217, 1, 1, 1
41, 1, 492, 180, 108, 213, 1, 1, 1
42, 1, 509, 180, 110, 215, 1, 1, 1
43, 1, 556, 181, 79, 214, 1, 1, 1
44, 1, 562, 183, 85, 213, 1, 1, 1
45, 1, 560, 188, 98, 209, 1, 1, 1
46, 1, 590, 188, 78, 201, 1, 1, 1
