1, 5, 292, 0, 320, 486, 1, 1, 1
2, 5, 279, 0, 332, 507, 1, 1, 1
3, 5, 267, 0, 342, 524, 1, 1, 1
4, 5, 178, 0, 458, 544, 1, 1, 1
5, 5, 183, 0, 476, 562, 1, 1, 1
6, 5, 185, 0, 435, 576, 1, 1, 1
7, 5, 193, 0, 420, 576, 1, 1, 1
8, 5, 195, 0, 409, 576, 1, 1, 1
9, 5, 199, 8, 413, 568, 1, 1, 1
10, 5, 202, 17, 412, 559, 1, 1, 1
11, 5, 207, 27, 403, 549, 1, 1, 1
12, 5, 211, 37, 396, 539, 1, 1, 1
13, 5, 211, 45, 403, 531, 1, 1, 1
14, 5, 208, 51, 408, 525, 1, 1, 1
15, 5, 212, 52, 404, 524, 1, 1, 1
16, 5, 214, 53, 402, 523, 1, 1, 1
17, 5, 215, 54, 400, 522, 1, 1, 1
18, 5, 214, 52, 400, 524, 1, 1, 1
19, 5, 216, 55, 401, 521, 1, 1, 1
20, 5, 217, 56, 401, 520, 1, 1, 1
21, 5, 220, 58, 397, 518, 1, 1, 1
22, 5, 219, 62, 399, 514, 1, 1, 1
23, 5, 225, 63, 393, 513, 1, 1, 1
24, 5, 238, 66, 379, 510, 1, 1, 1
25, 5, 244, 93, 372, 483, 1, 1, 1
