21, 2, 787, 537, 301, 279, 1, 1, 1
22, 2, 733, 386, 353, 416, 1, 1, 1
23, 2, 737, 290, 348, 396, 1, 1, 1
24, 2, 739, 294, 346, 399, 1, 1, 1
25, 2, 740, 297, 343, 398, 1, 1, 1
26, 2, 729, 294, 355, 404, 1, 1, 1
27, 2, 739, 276, 349, 401, 1, 1, 1
28, 2, 728, 292, 360, 392, 1, 1, 1
29, 2, 718, 295, 368, 392, 1, 1, 1
30, 2, 718, 291, 364, 392, 1, 1, 1
31, 2, 732, 287, 353, 396, 1, 1, 1
32, 2, 701, 353, 378, 347, 1, 1, 1
33, 2, 673, 372, 403, 344, 1, 1, 1
34, 2, 678, 367, 397, 348, 1, 1, 1
35, 2, 652, 342, 426, 380, 1, 1, 1
