1, 2, 0, 139, 402, 469, 1, 1, 1
2, 2, 5, 144, 408, 469, 1, 1, 1
3, 2, 35, 148, 386, 467, 1, 1, 1
4, 2, 44, 148, 284, 364, 1, 1, 1
5, 2, 56, 144, 408, 487, 1, 1, 1
6, 2, 56, 149, 424, 475, 1, 1, 1
7, 2, 70, 151, 421, 488, 1, 1, 1
8, 2, 76, 150, 422, 493, 1, 1, 1
9, 2, 86, 165, 431, 489, 1, 1, 1
10, 2, 101, 165, 426, 476, 1, 1, 1
11, 2, 68, 173, 454, 453, 1, 1, 1
12, 2, 64, 169, 461, 440, 1, 1, 1
13, 2, 71, 171, 486, 462, 1, 1, 1
14, 2, 85, 172, 447, 447, 1, 1, 1
15, 2, 83, 174, 456, 456, 1, 1, 1
16, 2, 80, 181, 458, 432, 1, 1, 1
17, 2, 87, 184, 489, 459, 1, 1, 1
18, 2, 97, 190, 454, 458, 1, 1, 1
19, 2, 84, 179, 458, 465, 1, 1, 1
20, 2, 81, 184, 462, 461, 1, 1, 1
21, 2, 78, 167, 486, 325, 1, 1, 1
22, 2, 60, 156, 414, 236, 1, 1, 1
23, 2, 57, 155, 220, 144, 1, 1, 1
24, 2, 82, 158, 307, 268, 1, 1, 1
25, 2, 102, 167, 150, 134, 1, 1, 1
26, 2, 84, 174, 131, 109, 1, 1, 1
27, 2, 63, 203, 272, 220, 1, 1, 1
28, 2, 61, 204, 292, 203, 1, 1, 1
29, 2, 60, 192, 490, 311, 1, 1, 1
30, 2, 63, 205, 487, 296, 1, 1, 1
31, 2, 86, 208, 503, 329, 1, 1, 1
32, 2, 103, 188, 455, 342, 1, 1, 1
33, 2, 107, 187, 476, 351, 1, 1, 1
34, 2, 106, 187, 455, 350, 1, 1, 1
35, 2, 122, 182, 434, 368, 1, 1, 1
36, 2, 119, 182, 442, 369, 1, 1, 1
37, 2, 117, 179, 448, 375, 1, 1, 1
38, 2, 118, 181, 443, 391, 1, 1, 1
39, 2, 114, 174, 414, 441, 1, 1, 1
40, 2, 102, 171, 445, 430, 1, 1, 1
41, 2, 78, 158, 292, 269, 1, 1, 1
42, 2, 85, 132, 428, 444, 1, 1, 1
43, 2, 47, 105, 433, 445, 1, 1, 1
44, 2, 26, 94, 450, 453, 1, 1, 1
45, 2, 0, 69, 467, 466, 1, 1, 1
46, 2, 51, 43, 377, 523, 1, 1, 1
47, 2, 62, 79, 200, 307, 1, 1, 1
48, 2, 85, 79, 163, 205, 1, 1, 1
49, 2, 115, 106, 229, 397, 1, 1, 1
50, 2, 92, 151, 247, 329, 1, 1, 1
51, 2, 64, 161, 271, 262, 1, 1, 1
52, 2, 95, 178, 244, 236, 1, 1, 1
53, 2, 67, 179, 284, 243, 1, 1, 1
54, 2, 73, 182, 266, 223, 1, 1, 1
55, 2, 48, 165, 249, 216, 1, 1, 1
56, 2, 0, 145, 310, 235, 1, 1, 1
57, 2, 0, 139, 271, 243, 1, 1, 1
58, 2, 0, 144, 291, 233, 1, 1, 1
59, 2, 43, 168, 236, 189, 1, 1, 1
60, 2, 31, 172, 194, 144, 1, 1, 1
61, 2, 36, 167, 209, 190, 1, 1, 1
62, 2, 52, 180, 242, 166, 1, 1, 1
63, 2, 82, 195, 244, 188, 1, 1, 1
64, 2, 80, 194, 210, 185, 1, 1, 1
65, 2, 100, 197, 209, 182, 1, 1, 1
66, 2, 167, 161, 221, 188, 1, 1, 1
67, 2, 180, 278, 126, 121, 1, 1, 1
69, 2, 182, 285, 86, 99, 1, 1, 1
70, 2, 196, 291, 90, 116, 1, 1, 1
75, 2, 173, 72, 155, 340, 1, 1, 1
76, 2, 155, 149, 195, 212, 1, 1, 1
77, 2, 163, 15, 249, 268, 1, 1, 1
78, 2, 161, 0, 337, 206, 1, 1, 1
79, 2, 93, 0, 408, 177, 1, 1, 1
80, 2, 296, 0, 40, 22, 1, 1, 1
81, 2, 284, 0, 103, 34, 1, 1, 1
92, 2, 218, 16, 158, 150, 1, 1, 1
93, 2, 205, 43, 171, 143, 1, 1, 1
94, 2, 232, 60, 163, 131, 1, 1, 1
95, 2, 224, 23, 158, 208, 1, 1, 1
96, 2, 188, 66, 166, 218, 1, 1, 1
97, 2, 113, 200, 179, 145, 1, 1, 1
98, 2, 133, 130, 120, 271, 1, 1, 1
99, 2, 158, 280, 117, 146, 1, 1, 1
100, 2, 140, 275, 133, 132, 1, 1, 1
101, 2, 142, 273, 114, 139, 1, 1, 1
102, 2, 151, 272, 106, 126, 1, 1, 1
103, 2, 151, 272, 101, 133, 1, 1, 1
104, 2, 149, 273, 97, 136, 1, 1, 1
106, 2, 153, 248, 83, 68, 1, 1, 1
110, 2, 175, 285, 124, 141, 1, 1, 1
111, 2, 193, 296, 123, 149, 1, 1, 1
112, 2, 181, 306, 143, 142, 1, 1, 1
113, 2, 184, 304, 139, 139, 1, 1, 1
114, 2, 190, 301, 150, 150, 1, 1, 1
115, 2, 196, 277, 132, 170, 1, 1, 1
116, 2, 160, 226, 152, 206, 1, 1, 1
117, 2, 155, 217, 138, 179, 1, 1, 1
118, 2, 154, 216, 145, 183, 1, 1, 1
119, 2, 161, 214, 146, 172, 1, 1, 1
120, 2, 158, 206, 146, 192, 1, 1, 1
121, 2, 151, 198, 140, 189, 1, 1, 1
122, 2, 146, 191, 145, 192, 1, 1, 1
123, 2, 141, 190, 145, 213, 1, 1, 1
124, 2, 121, 97, 219, 282, 1, 1, 1
125, 2, 77, 4, 346, 275, 1, 1, 1
126, 2, 0, 0, 495, 241, 1, 1, 1
127, 2, 7, 0, 492, 237, 1, 1, 1
128, 2, 9, 0, 491, 276, 1, 1, 1
129, 2, 79, 0, 435, 262, 1, 1, 1
130, 2, 3, 0, 548, 237, 1, 1, 1
131, 2, 4, 0, 547, 208, 1, 1, 1
132, 2, 0, 18, 544, 130, 1, 1, 1
133, 2, 4, 11, 554, 157, 1, 1, 1
134, 2, 0, 11, 549, 155, 1, 1, 1
135, 2, 1, 4, 552, 166, 1, 1, 1
136, 2, 0, 13, 561, 154, 1, 1, 1
137, 2, 0, 11, 570, 159, 1, 1, 1
138, 2, 7, 0, 556, 198, 1, 1, 1
139, 2, 14, 0, 548, 172, 1, 1, 1
140, 2, 126, 0, 417, 196, 1, 1, 1
141, 2, 194, 0, 348, 200, 1, 1, 1
142, 2, 193, 0, 364, 168, 1, 1, 1
143, 2, 212, 0, 358, 166, 1, 1, 1
144, 2, 211, 0, 362, 173, 1, 1, 1
145, 2, 228, 0, 301, 239, 1, 1, 1
146, 2, 223, 0, 320, 240, 1, 1, 1
147, 2, 218, 0, 325, 208, 1, 1, 1
149, 2, 216, 0, 270, 217, 1, 1, 1
150, 2, 246, 0, 187, 267, 1, 1, 1
151, 2, 179, 0, 204, 321, 1, 1, 1
152, 2, 183, 0, 192, 307, 1, 1, 1
153, 2, 183, 0, 189, 313, 1, 1, 1
154, 2, 185, 0, 183, 332, 1, 1, 1
155, 2, 177, 0, 185, 337, 1, 1, 1
156, 2, 182, 0, 184, 335, 1, 1, 1
157, 2, 188, 0, 184, 340, 1, 1, 1
158, 2, 191, 0, 178, 336, 1, 1, 1
159, 2, 191, 0, 189, 343, 1, 1, 1
160, 2, 191, 0, 175, 317, 1, 1, 1
161, 2, 67, 213, 253, 111, 1, 1, 1
162, 2, 160, 234, 146, 152, 1, 1, 1
163, 2, 149, 240, 106, 155, 1, 1, 1
164, 2, 138, 238, 102, 145, 1, 1, 1
165, 2, 120, 225, 173, 154, 1, 1, 1
166, 2, 92, 204, 232, 167, 1, 1, 1
167, 2, 92, 217, 246, 151, 1, 1, 1
168, 2, 101, 231, 246, 151, 1, 1, 1
169, 2, 107, 227, 234, 159, 1, 1, 1
170, 2, 111, 229, 239, 164, 1, 1, 1
171, 2, 101, 218, 248, 178, 1, 1, 1
172, 2, 107, 225, 243, 173, 1, 1, 1
173, 2, 107, 216, 243, 179, 1, 1, 1
174, 2, 118, 231, 246, 207, 1, 1, 1
175, 2, 99, 244, 285, 149, 1, 1, 1
176, 2, 103, 246, 296, 164, 1, 1, 1
177, 2, 43, 253, 364, 186, 1, 1, 1
178, 2, 36, 257, 364, 184, 1, 1, 1
179, 2, 96, 260, 300, 161, 1, 1, 1
180, 2, 92, 260, 314, 175, 1, 1, 1
181, 2, 107, 272, 237, 147, 1, 1, 1
182, 2, 120, 274, 229, 195, 1, 1, 1
183, 2, 70, 266, 284, 203, 1, 1, 1
184, 2, 1, 196, 357, 245, 1, 1, 1
185, 2, 0, 167, 344, 263, 1, 1, 1
186, 2, 6, 216, 282, 208, 1, 1, 1
187, 2, 118, 256, 181, 157, 1, 1, 1
188, 2, 121, 256, 172, 148, 1, 1, 1
189, 2, 121, 242, 164, 131, 1, 1, 1
190, 2, 121, 243, 188, 167, 1, 1, 1
191, 2, 139, 235, 171, 178, 1, 1, 1
192, 2, 123, 237, 187, 148, 1, 1, 1
193, 2, 95, 232, 195, 138, 1, 1, 1
194, 2, 92, 216, 229, 180, 1, 1, 1
195, 2, 90, 179, 188, 227, 1, 1, 1
196, 2, 95, 184, 191, 220, 1, 1, 1
197, 2, 99, 181, 191, 211, 1, 1, 1
198, 2, 90, 184, 193, 215, 1, 1, 1
199, 2, 104, 197, 176, 210, 1, 1, 1
200, 2, 110, 212, 164, 198, 1, 1, 1
201, 2, 93, 217, 181, 182, 1, 1, 1
202, 2, 98, 218, 170, 173, 1, 1, 1
203, 2, 81, 243, 188, 154, 1, 1, 1
204, 2, 89, 244, 181, 146, 1, 1, 1
205, 2, 133, 247, 141, 147, 1, 1, 1
206, 2, 130, 250, 147, 143, 1, 1, 1
207, 2, 135, 250, 144, 147, 1, 1, 1
208, 2, 132, 247, 147, 147, 1, 1, 1
209, 2, 121, 245, 141, 145, 1, 1, 1
210, 2, 97, 233, 150, 150, 1, 1, 1
211, 2, 87, 238, 146, 141, 1, 1, 1
212, 2, 90, 245, 152, 138, 1, 1, 1
213, 2, 101, 249, 134, 138, 1, 1, 1
214, 2, 94, 254, 138, 140, 1, 1, 1
215, 2, 80, 261, 138, 137, 1, 1, 1
216, 2, 23, 210, 139, 149, 1, 1, 1
217, 2, 0, 219, 94, 146, 1, 1, 1
218, 2, 0, 252, 53, 137, 1, 1, 1
219, 2, 0, 235, 89, 148, 1, 1, 1
220, 2, 0, 254, 108, 144, 1, 1, 1
221, 2, 0, 267, 117, 149, 1, 1, 1
222, 2, 0, 270, 119, 147, 1, 1, 1
223, 2, 0, 267, 127, 144, 1, 1, 1
224, 2, 0, 265, 130, 151, 1, 1, 1
225, 2, 0, 265, 136, 153, 1, 1, 1
226, 2, 0, 266, 139, 154, 1, 1, 1
227, 2, 3, 270, 146, 151, 1, 1, 1
228, 2, 4, 269, 148, 157, 1, 1, 1
229, 2, 2, 268, 151, 164, 1, 1, 1
230, 2, 6, 276, 210, 161, 1, 1, 1
231, 2, 2, 273, 240, 165, 1, 1, 1
232, 2, 6, 288, 249, 153, 1, 1, 1
233, 2, 7, 302, 241, 160, 1, 1, 1
234, 2, 28, 308, 222, 147, 1, 1, 1
235, 2, 31, 305, 214, 144, 1, 1, 1
236, 2, 31, 305, 212, 142, 1, 1, 1
237, 2, 31, 307, 218, 144, 1, 1, 1
238, 2, 27, 303, 215, 150, 1, 1, 1
239, 2, 27, 308, 220, 143, 1, 1, 1
240, 2, 30, 307, 209, 144, 1, 1, 1
62, 4, 387, 0, 9, 11, 1, 1, 1
63, 4, 423, 0, 26, 12, 1, 1, 1
64, 4, 371, 0, 74, 31, 1, 1, 1
65, 4, 337, 0, 112, 59, 1, 1, 1
66, 4, 309, 0, 129, 109, 1, 1, 1
67, 4, 304, 0, 135, 174, 1, 1, 1
68, 4, 257, 0, 181, 171, 1, 1, 1
69, 4, 255, 12, 144, 167, 1, 1, 1
70, 4, 219, 57, 156, 153, 1, 1, 1
71, 4, 183, 100, 146, 150, 1, 1, 1
72, 4, 142, 110, 173, 179, 1, 1, 1
73, 4, 144, 98, 184, 187, 1, 1, 1
74, 4, 172, 33, 231, 228, 1, 1, 1
75, 4, 301, 0, 189, 208, 1, 1, 1
76, 4, 241, 0, 256, 176, 1, 1, 1
77, 4, 361, 0, 140, 56, 1, 1, 1
98, 4, 407, 0, 72, 12, 1, 1, 1
99, 4, 356, 0, 129, 65, 1, 1, 1
100, 4, 291, 0, 140, 127, 1, 1, 1
101, 4, 235, 40, 161, 159, 1, 1, 1
102, 4, 243, 33, 152, 154, 1, 1, 1
103, 4, 243, 33, 154, 155, 1, 1, 1
104, 4, 247, 35, 141, 150, 1, 1, 1
105, 4, 245, 33, 148, 162, 1, 1, 1
106, 4, 242, 34, 157, 141, 1, 1, 1
107, 4, 249, 25, 121, 86, 1, 1, 1
108, 4, 242, 4, 154, 192, 1, 1, 1
109, 4, 247, 8, 152, 194, 1, 1, 1
110, 4, 262, 18, 143, 217, 1, 1, 1
111, 4, 274, 31, 145, 226, 1, 1, 1
112, 4, 284, 30, 136, 183, 1, 1, 1
113, 4, 281, 22, 133, 226, 1, 1, 1
114, 4, 275, 20, 154, 218, 1, 1, 1
115, 4, 289, 26, 145, 217, 1, 1, 1
116, 4, 294, 24, 141, 226, 1, 1, 1
117, 4, 295, 20, 138, 226, 1, 1, 1
118, 4, 299, 16, 139, 228, 1, 1, 1
119, 4, 298, 17, 142, 222, 1, 1, 1
120, 4, 298, 12, 139, 225, 1, 1, 1
121, 4, 287, 7, 139, 224, 1, 1, 1
122, 4, 277, 2, 144, 227, 1, 1, 1
123, 4, 279, 2, 142, 225, 1, 1, 1
124, 4, 272, 0, 165, 191, 1, 1, 1
125, 4, 354, 0, 229, 89, 1, 1, 1
126, 4, 476, 0, 252, 69, 1, 1, 1
136, 4, 269, 361, 229, 133, 1, 1, 1
137, 4, 278, 489, 100, 201, 1, 1, 1
138, 4, 238, 482, 262, 170, 1, 1, 1
139, 4, 236, 511, 227, 111, 1, 1, 1
140, 4, 236, 399, 304, 283, 1, 1, 1
141, 4, 236, 477, 273, 226, 1, 1, 1
142, 4, 165, 474, 394, 323, 1, 1, 1
143, 4, 162, 475, 377, 333, 1, 1, 1
144, 4, 155, 473, 382, 336, 1, 1, 1
145, 4, 126, 499, 398, 328, 1, 1, 1
146, 4, 143, 480, 331, 389, 1, 1, 1
147, 4, 148, 487, 316, 385, 1, 1, 1
148, 4, 148, 480, 313, 391, 1, 1, 1
149, 4, 152, 603, 308, 268, 1, 1, 1
150, 4, 150, 491, 344, 380, 1, 1, 1
151, 4, 164, 491, 336, 371, 1, 1, 1
152, 4, 161, 487, 330, 372, 1, 1, 1
153, 4, 161, 491, 336, 368, 1, 1, 1
154, 4, 164, 490, 331, 368, 1, 1, 1
155, 4, 167, 489, 332, 373, 1, 1, 1
156, 4, 170, 490, 331, 372, 1, 1, 1
157, 4, 170, 492, 331, 371, 1, 1, 1
158, 4, 173, 489, 331, 374, 1, 1, 1
159, 4, 174, 496, 332, 375, 1, 1, 1
160, 4, 179, 498, 332, 373, 1, 1, 1
161, 4, 173, 500, 341, 369, 1, 1, 1
162, 4, 166, 511, 349, 355, 1, 1, 1
163, 4, 161, 461, 383, 398, 1, 1, 1
164, 4, 369, 169, 311, 319, 1, 1, 1
165, 4, 511, 190, 325, 350, 1, 1, 1
166, 4, 563, 247, 281, 306, 1, 1, 1
167, 4, 520, 337, 358, 198, 1, 1, 1
168, 4, 563, 321, 313, 208, 1, 1, 1
169, 4, 559, 269, 310, 269, 1, 1, 1
170, 4, 506, 193, 369, 346, 1, 1, 1
171, 4, 565, 272, 313, 265, 1, 1, 1
172, 4, 555, 272, 329, 264, 1, 1, 1
173, 4, 569, 246, 302, 279, 1, 1, 1
174, 4, 590, 225, 263, 310, 1, 1, 1
175, 4, 594, 254, 254, 297, 1, 1, 1
176, 4, 541, 333, 199, 242, 1, 1, 1
177, 4, 441, 361, 312, 209, 1, 1, 1
178, 4, 204, 369, 575, 170, 1, 1, 1
179, 4, 176, 384, 404, 83, 1, 1, 1
180, 4, 176, 378, 239, 116, 1, 1, 1
184, 4, 225, 430, 43, 61, 1, 1, 1
185, 4, 229, 429, 49, 60, 1, 1, 1
186, 4, 233, 421, 48, 64, 1, 1, 1
187, 4, 238, 414, 46, 71, 1, 1, 1
188, 4, 238, 400, 52, 86, 1, 1, 1
189, 4, 238, 411, 55, 77, 1, 1, 1
190, 4, 236, 398, 61, 88, 1, 1, 1
191, 4, 242, 396, 70, 87, 1, 1, 1
192, 4, 208, 365, 107, 126, 1, 1, 1
193, 4, 223, 363, 77, 128, 1, 1, 1
194, 4, 222, 366, 80, 123, 1, 1, 1
195, 4, 223, 368, 78, 126, 1, 1, 1
196, 4, 220, 369, 85, 123, 1, 1, 1
197, 4, 211, 367, 91, 125, 1, 1, 1
198, 4, 207, 367, 93, 131, 1, 1, 1
199, 4, 211, 365, 83, 129, 1, 1, 1
200, 4, 232, 409, 59, 89, 1, 1, 1
201, 4, 230, 405, 68, 97, 1, 1, 1
202, 4, 230, 399, 62, 102, 1, 1, 1
203, 4, 226, 402, 64, 94, 1, 1, 1
204, 4, 229, 402, 70, 102, 1, 1, 1
205, 4, 228, 402, 66, 99, 1, 1, 1
206, 4, 227, 402, 69, 99, 1, 1, 1
207, 4, 230, 403, 70, 98, 1, 1, 1
208, 4, 229, 401, 68, 102, 1, 1, 1
209, 4, 215, 400, 72, 97, 1, 1, 1
210, 4, 197, 389, 67, 101, 1, 1, 1
211, 4, 182, 392, 73, 100, 1, 1, 1
212, 4, 186, 392, 72, 101, 1, 1, 1
213, 4, 187, 397, 69, 102, 1, 1, 1
214, 4, 181, 412, 73, 91, 1, 1, 1
215, 4, 168, 413, 68, 96, 1, 1, 1
216, 4, 108, 359, 70, 101, 1, 1, 1
217, 4, 40, 371, 69, 96, 1, 1, 1
218, 4, 2, 394, 72, 101, 1, 1, 1
219, 4, 39, 387, 69, 100, 1, 1, 1
220, 4, 58, 403, 76, 99, 1, 1, 1
221, 4, 69, 413, 70, 102, 1, 1, 1
222, 4, 69, 413, 74, 103, 1, 1, 1
223, 4, 68, 412, 74, 101, 1, 1, 1
224, 4, 71, 411, 73, 102, 1, 1, 1
225, 4, 76, 416, 74, 102, 1, 1, 1
226, 4, 78, 415, 77, 103, 1, 1, 1
227, 4, 83, 421, 74, 97, 1, 1, 1
228, 4, 85, 419, 76, 101, 1, 1, 1
229, 4, 84, 424, 73, 97, 1, 1, 1
230, 4, 88, 426, 69, 89, 1, 1, 1
231, 4, 84, 424, 70, 92, 1, 1, 1
232, 4, 87, 427, 66, 92, 1, 1, 1
233, 4, 85, 453, 70, 66, 1, 1, 1
234, 4, 80, 454, 76, 67, 1, 1, 1
235, 4, 81, 428, 75, 97, 1, 1, 1
236, 4, 82, 421, 72, 101, 1, 1, 1
237, 4, 84, 425, 74, 102, 1, 1, 1
238, 4, 83, 425, 69, 101, 1, 1, 1
239, 4, 81, 430, 70, 95, 1, 1, 1
240, 4, 84, 425, 67, 100, 1, 1, 1
