29, 5, 293, 377, 512, 285, 1, 1, 1
30, 5, 297, 381, 509, 305, 1, 1, 1
31, 5, 500, 464, 296, 289, 1, 1, 1
32, 5, 472, 472, 365, 283, 1, 1, 1
33, 5, 485, 470, 361, 347, 1, 1, 1
34, 5, 494, 469, 351, 341, 1, 1, 1
35, 5, 485, 479, 347, 327, 1, 1, 1
36, 5, 468, 475, 368, 322, 1, 1, 1
37, 5, 545, 488, 301, 380, 1, 1, 1
38, 5, 561, 463, 285, 393, 1, 1, 1
39, 5, 534, 482, 312, 375, 1, 1, 1
40, 5, 518, 579, 328, 266, 1, 1, 1
41, 5, 509, 592, 337, 249, 1, 1, 1
42, 5, 511, 591, 335, 308, 1, 1, 1
43, 5, 501, 560, 345, 351, 1, 1, 1
44, 5, 520, 575, 326, 374, 1, 1, 1
45, 5, 606, 591, 240, 425, 1, 1, 1
46, 5, 624, 599, 222, 427, 1, 1, 1
47, 5, 641, 584, 205, 443, 1, 1, 1
