4, 6, 0, 353, 24, 24, 1, 1, 1
5, 6, 0, 333, 37, 33, 1, 1, 1
6, 6, 17, 335, 74, 37, 1, 1, 1
7, 6, 169, 331, 60, 35, 1, 1, 1
8, 6, 234, 327, 54, 37, 1, 1, 1
9, 6, 256, 335, 49, 38, 1, 1, 1
10, 6, 269, 357, 47, 40, 1, 1, 1
11, 6, 279, 372, 47, 39, 1, 1, 1
12, 6, 295, 374, 47, 37, 1, 1, 1
13, 6, 357, 370, 49, 38, 1, 1, 1
14, 6, 475, 367, 48, 38, 1, 1, 1
15, 6, 493, 370, 50, 39, 1, 1, 1
16, 6, 498, 366, 49, 41, 1, 1, 1
17, 6, 509, 350, 52, 46, 1, 1, 1
18, 6, 515, 326, 51, 42, 1, 1, 1
19, 6, 552, 322, 49, 41, 1, 1, 1
20, 6, 580, 319, 50, 40, 1, 1, 1
21, 6, 612, 304, 49, 43, 1, 1, 1
22, 6, 618, 310, 53, 45, 1, 1, 1
23, 6, 620, 307, 53, 44, 1, 1, 1
24, 6, 623, 299, 54, 44, 1, 1, 1
25, 6, 625, 303, 57, 44, 1, 1, 1
26, 6, 627, 304, 55, 47, 1, 1, 1
27, 6, 625, 300, 56, 47, 1, 1, 1
28, 6, 624, 306, 58, 46, 1, 1, 1
29, 6, 628, 319, 55, 48, 1, 1, 1
30, 6, 629, 319, 50, 49, 1, 1, 1
31, 6, 630, 315, 45, 51, 1, 1, 1
32, 6, 638, 313, 32, 50, 1, 1, 1
