9, 2, 272, 482, 218, 62, 1, 1, 1
10, 2, 176, 235, 333, 309, 1, 1, 1
11, 2, 127, 130, 384, 414, 1, 1, 1
12, 2, 135, 31, 329, 513, 1, 1, 1
13, 2, 169, 0, 311, 544, 1, 1, 1
14, 2, 188, 0, 275, 456, 1, 1, 1
15, 2, 192, 0, 287, 396, 1, 1, 1
16, 2, 201, 0, 280, 373, 1, 1, 1
17, 2, 228, 0, 270, 367, 1, 1, 1
18, 2, 262, 0, 266, 364, 1, 1, 1
19, 2, 309, 0, 241, 364, 1, 1, 1
20, 2, 346, 0, 242, 369, 1, 1, 1
21, 2, 351, 0, 224, 371, 1, 1, 1
22, 2, 346, 0, 219, 374, 1, 1, 1
23, 2, 345, 6, 217, 370, 1, 1, 1
24, 2, 350, 40, 209, 337, 1, 1, 1
25, 2, 363, 61, 202, 311, 1, 1, 1
26, 2, 376, 54, 198, 303, 1, 1, 1
27, 2, 379, 73, 204, 276, 1, 1, 1
