9, 1, 403, 219, 184, 212, 1, 1, 1
10, 1, 437, 257, 159, 176, 1, 1, 1
11, 1, 368, 255, 236, 145, 1, 1, 1
12, 1, 382, 242, 201, 129, 1, 1, 1
13, 1, 388, 214, 158, 175, 1, 1, 1
14, 1, 384, 190, 136, 172, 1, 1, 1
15, 1, 394, 175, 117, 201, 1, 1, 1
18, 1, 437, 200, 139, 190, 1, 1, 1
19, 1, 450, 183, 136, 206, 1, 1, 1
20, 1, 456, 173, 119, 199, 1, 1, 1
21, 1, 452, 162, 113, 188, 1, 1, 1
22, 1, 430, 167, 127, 184, 1, 1, 1
23, 1, 426, 159, 126, 241, 1, 1, 1
24, 1, 424, 177, 125, 225, 1, 1, 1
25, 1, 447, 208, 101, 242, 1, 1, 1
