1, 6, 846, 772, 500, 308, 1, 1, 1
2, 6, 841, 773, 508, 307, 1, 1, 1
3, 6, 846, 772, 504, 308, 1, 1, 1
4, 6, 844, 772, 504, 308, 1, 1, 1
5, 6, 853, 773, 497, 307, 1, 1, 1
6, 6, 854, 772, 496, 308, 1, 1, 1
7, 6, 851, 771, 501, 309, 1, 1, 1
8, 6, 854, 772, 498, 308, 1, 1, 1
9, 6, 856, 769, 498, 311, 1, 1, 1
10, 6, 857, 771, 492, 309, 1, 1, 1
11, 6, 849, 771, 499, 309, 1, 1, 1
12, 6, 854, 772, 491, 308, 1, 1, 1
13, 6, 853, 772, 492, 308, 1, 1, 1
14, 6, 867, 774, 487, 306, 1, 1, 1
15, 6, 870, 779, 459, 301, 1, 1, 1
16, 6, 795, 787, 509, 293, 1, 1, 1
17, 6, 787, 788, 508, 292, 1, 1, 1
18, 6, 780, 789, 470, 291, 1, 1, 1
19, 6, 761, 785, 481, 295, 1, 1, 1
20, 6, 809, 776, 426, 304, 1, 1, 1
21, 6, 824, 771, 403, 309, 1, 1, 1
22, 6, 801, 773, 412, 307, 1, 1, 1
23, 6, 797, 772, 431, 308, 1, 1, 1
24, 6, 786, 773, 420, 307, 1, 1, 1
25, 6, 826, 775, 374, 305, 1, 1, 1
26, 6, 835, 773, 317, 307, 1, 1, 1
27, 6, 841, 768, 305, 312, 1, 1, 1
28, 6, 846, 766, 295, 314, 1, 1, 1
29, 6, 846, 767, 290, 313, 1, 1, 1
30, 6, 858, 769, 270, 298, 1, 1, 1
31, 6, 853, 773, 273, 299, 1, 1, 1
32, 6, 846, 779, 279, 297, 1, 1, 1
33, 6, 832, 780, 302, 300, 1, 1, 1
34, 6, 824, 786, 327, 293, 1, 1, 1
35, 6, 818, 790, 319, 290, 1, 1, 1
36, 6, 818, 793, 293, 205, 1, 1, 1
37, 6, 828, 790, 283, 198, 1, 1, 1
38, 6, 821, 788, 292, 216, 1, 1, 1
39, 6, 797, 786, 330, 239, 1, 1, 1
40, 6, 780, 780, 330, 262, 1, 1, 1
41, 6, 786, 767, 314, 280, 1, 1, 1
42, 6, 796, 751, 300, 279, 1, 1, 1
43, 6, 809, 739, 308, 297, 1, 1, 1
44, 6, 805, 732, 264, 284, 1, 1, 1
45, 6, 806, 727, 254, 277, 1, 1, 1
46, 6, 819, 748, 287, 229, 1, 1, 1
47, 6, 846, 791, 171, 167, 1, 1, 1
48, 6, 851, 809, 145, 175, 1, 1, 1
49, 6, 846, 834, 105, 156, 1, 1, 1
50, 6, 873, 832, 120, 151, 1, 1, 1
51, 6, 892, 859, 46, 108, 1, 1, 1
52, 6, 865, 563, 161, 390, 1, 1, 1
53, 6, 848, 553, 188, 372, 1, 1, 1
54, 6, 879, 544, 164, 108, 1, 1, 1
55, 6, 865, 538, 181, 124, 1, 1, 1
56, 6, 847, 535, 249, 167, 1, 1, 1
57, 6, 842, 534, 226, 179, 1, 1, 1
58, 6, 837, 527, 224, 157, 1, 1, 1
59, 6, 829, 518, 253, 166, 1, 1, 1
60, 6, 861, 502, 240, 187, 1, 1, 1
61, 6, 838, 487, 289, 194, 1, 1, 1
62, 6, 789, 465, 394, 212, 1, 1, 1
63, 6, 849, 454, 376, 217, 1, 1, 1
64, 6, 833, 454, 385, 217, 1, 1, 1
65, 6, 817, 455, 387, 247, 1, 1, 1
1, 6, 846, 772, 500, 308, 1, 1, 1
2, 6, 841, 773, 508, 307, 1, 1, 1
3, 6, 846, 772, 504, 308, 1, 1, 1
4, 6, 844, 772, 504, 308, 1, 1, 1
5, 6, 853, 773, 497, 307, 1, 1, 1
6, 6, 854, 772, 496, 308, 1, 1, 1
7, 6, 851, 771, 501, 309, 1, 1, 1
8, 6, 854, 772, 498, 308, 1, 1, 1
9, 6, 856, 769, 498, 311, 1, 1, 1
10, 6, 857, 771, 492, 309, 1, 1, 1
11, 6, 849, 771, 499, 309, 1, 1, 1
12, 6, 854, 772, 491, 308, 1, 1, 1
13, 6, 853, 772, 492, 308, 1, 1, 1
14, 6, 867, 774, 487, 306, 1, 1, 1
15, 6, 870, 779, 459, 301, 1, 1, 1
16, 6, 795, 787, 509, 293, 1, 1, 1
17, 6, 787, 788, 508, 292, 1, 1, 1
18, 6, 780, 789, 470, 291, 1, 1, 1
19, 6, 761, 785, 481, 295, 1, 1, 1
20, 6, 809, 776, 426, 304, 1, 1, 1
21, 6, 824, 771, 403, 309, 1, 1, 1
22, 6, 801, 773, 412, 307, 1, 1, 1
23, 6, 797, 772, 431, 308, 1, 1, 1
24, 6, 786, 773, 420, 307, 1, 1, 1
25, 6, 826, 775, 374, 305, 1, 1, 1
26, 6, 835, 773, 317, 307, 1, 1, 1
27, 6, 841, 768, 305, 312, 1, 1, 1
28, 6, 846, 766, 295, 314, 1, 1, 1
29, 6, 846, 767, 290, 313, 1, 1, 1
30, 6, 858, 769, 270, 298, 1, 1, 1
31, 6, 853, 773, 273, 299, 1, 1, 1
32, 6, 846, 779, 279, 297, 1, 1, 1
33, 6, 832, 780, 302, 300, 1, 1, 1
34, 6, 824, 786, 327, 293, 1, 1, 1
35, 6, 818, 790, 319, 290, 1, 1, 1
36, 6, 818, 793, 293, 205, 1, 1, 1
37, 6, 828, 790, 283, 198, 1, 1, 1
38, 6, 821, 788, 292, 216, 1, 1, 1
39, 6, 797, 786, 330, 239, 1, 1, 1
40, 6, 780, 780, 330, 262, 1, 1, 1
41, 6, 786, 767, 314, 280, 1, 1, 1
42, 6, 796, 751, 300, 279, 1, 1, 1
43, 6, 809, 739, 308, 297, 1, 1, 1
44, 6, 805, 732, 264, 284, 1, 1, 1
45, 6, 806, 727, 254, 277, 1, 1, 1
46, 6, 819, 748, 287, 229, 1, 1, 1
47, 6, 846, 791, 171, 167, 1, 1, 1
48, 6, 851, 809, 145, 175, 1, 1, 1
49, 6, 846, 834, 105, 156, 1, 1, 1
50, 6, 873, 832, 120, 151, 1, 1, 1
51, 6, 892, 859, 46, 108, 1, 1, 1
52, 6, 865, 563, 161, 390, 1, 1, 1
53, 6, 848, 553, 188, 372, 1, 1, 1
54, 6, 879, 544, 164, 108, 1, 1, 1
55, 6, 865, 538, 181, 124, 1, 1, 1
56, 6, 847, 535, 249, 167, 1, 1, 1
57, 6, 842, 534, 226, 179, 1, 1, 1
58, 6, 837, 527, 224, 157, 1, 1, 1
59, 6, 829, 518, 253, 166, 1, 1, 1
60, 6, 861, 502, 240, 187, 1, 1, 1
61, 6, 838, 487, 289, 194, 1, 1, 1
62, 6, 789, 465, 394, 212, 1, 1, 1
63, 6, 849, 454, 376, 217, 1, 1, 1
64, 6, 833, 454, 385, 217, 1, 1, 1
65, 6, 817, 455, 387, 247, 1, 1, 1
