1, 1, 0, 74, 78, 94, 1, 1, 1
2, 1, 0, 74, 80, 92, 1, 1, 1
3, 1, 0, 73, 72, 93, 1, 1, 1
4, 1, 0, 72, 49, 92, 1, 1, 1
5, 1, 0, 70, 43, 94, 1, 1, 1
6, 1, 0, 70, 42, 92, 1, 1, 1
7, 1, 0, 71, 41, 90, 1, 1, 1
8, 1, 0, 71, 46, 90, 1, 1, 1
9, 1, 0, 75, 40, 86, 1, 1, 1
10, 1, 0, 74, 30, 85, 1, 1, 1
11, 1, 0, 75, 30, 82, 1, 1, 1
12, 1, 0, 64, 29, 92, 1, 1, 1
13, 1, 0, 66, 28, 90, 1, 1, 1
14, 1, 0, 63, 24, 86, 1, 1, 1
15, 1, 0, 68, 21, 75, 1, 1, 1
16, 1, 0, 63, 24, 77, 1, 1, 1
17, 1, 0, 60, 20, 77, 1, 1, 1
18, 1, 0, 53, 32, 84, 1, 1, 1
19, 1, 0, 62, 18, 74, 1, 1, 1
20, 1, 0, 51, 19, 83, 1, 1, 1
21, 1, 0, 52, 24, 82, 1, 1, 1
22, 1, 0, 56, 25, 81, 1, 1, 1
23, 1, 0, 57, 24, 79, 1, 1, 1
24, 1, 0, 57, 29, 79, 1, 1, 1
25, 1, 0, 55, 41, 82, 1, 1, 1
26, 1, 0, 54, 55, 82, 1, 1, 1
27, 1, 0, 48, 65, 89, 1, 1, 1
28, 1, 0, 48, 72, 90, 1, 1, 1
29, 1, 0, 47, 74, 92, 1, 1, 1
30, 1, 0, 48, 74, 91, 1, 1, 1
31, 1, 0, 49, 75, 89, 1, 1, 1
32, 1, 0, 48, 80, 91, 1, 1, 1
33, 1, 0, 48, 85, 90, 1, 1, 1
34, 1, 0, 47, 84, 91, 1, 1, 1
35, 1, 0, 48, 84, 90, 1, 1, 1
36, 1, 0, 48, 85, 92, 1, 1, 1
37, 1, 0, 49, 88, 89, 1, 1, 1
38, 1, 0, 48, 87, 90, 1, 1, 1
39, 1, 0, 48, 89, 89, 1, 1, 1
40, 1, 0, 46, 89, 94, 1, 1, 1
41, 1, 0, 47, 92, 91, 1, 1, 1
42, 1, 0, 47, 93, 92, 1, 1, 1
43, 1, 0, 47, 88, 93, 1, 1, 1
44, 1, 18, 46, 66, 92, 1, 1, 1
45, 1, 24, 48, 49, 91, 1, 1, 1
46, 1, 31, 48, 40, 88, 1, 1, 1
47, 1, 58, 114, 10, 19, 1, 1, 1
48, 1, 57, 121, 37, 15, 1, 1, 1
49, 1, 54, 97, 55, 40, 1, 1, 1
50, 1, 58, 41, 54, 92, 1, 1, 1
51, 1, 60, 39, 54, 95, 1, 1, 1
52, 1, 52, 39, 61, 96, 1, 1, 1
53, 1, 51, 40, 58, 93, 1, 1, 1
54, 1, 47, 40, 62, 93, 1, 1, 1
55, 1, 50, 39, 58, 93, 1, 1, 1
56, 1, 53, 40, 56, 92, 1, 1, 1
57, 1, 59, 40, 50, 92, 1, 1, 1
58, 1, 62, 39, 45, 92, 1, 1, 1
59, 1, 60, 38, 40, 92, 1, 1, 1
60, 1, 59, 39, 34, 88, 1, 1, 1
1, 2, 51, 71, 48, 80, 1, 1, 1
2, 2, 49, 72, 50, 83, 1, 1, 1
3, 2, 47, 70, 50, 82, 1, 1, 1
4, 2, 41, 71, 57, 82, 1, 1, 1
5, 2, 36, 67, 59, 85, 1, 1, 1
6, 2, 28, 66, 61, 86, 1, 1, 1
7, 2, 25, 66, 62, 85, 1, 1, 1
8, 2, 29, 65, 48, 82, 1, 1, 1
9, 2, 15, 64, 60, 84, 1, 1, 1
10, 2, 13, 63, 58, 84, 1, 1, 1
11, 2, 10, 62, 57, 84, 1, 1, 1
12, 2, 15, 63, 46, 82, 1, 1, 1
13, 2, 2, 56, 53, 88, 1, 1, 1
14, 2, 14, 62, 33, 83, 1, 1, 1
15, 2, 11, 64, 37, 74, 1, 1, 1
16, 2, 13, 61, 32, 76, 1, 1, 1
17, 2, 3, 55, 37, 80, 1, 1, 1
18, 2, 16, 57, 28, 71, 1, 1, 1
19, 2, 2, 51, 55, 78, 1, 1, 1
20, 2, 11, 49, 54, 80, 1, 1, 1
21, 2, 17, 42, 55, 84, 1, 1, 1
22, 2, 19, 47, 64, 79, 1, 1, 1
23, 2, 17, 47, 86, 81, 1, 1, 1
24, 2, 24, 37, 94, 88, 1, 1, 1
25, 2, 34, 36, 105, 90, 1, 1, 1
26, 2, 51, 39, 102, 82, 1, 1, 1
27, 2, 60, 35, 109, 86, 1, 1, 1
28, 2, 72, 33, 110, 55, 1, 1, 1
29, 2, 101, 34, 94, 53, 1, 1, 1
30, 2, 112, 33, 90, 84, 1, 1, 1
31, 2, 119, 33, 90, 85, 1, 1, 1
32, 2, 123, 34, 93, 83, 1, 1, 1
33, 2, 127, 33, 92, 86, 1, 1, 1
34, 2, 141, 32, 79, 85, 1, 1, 1
35, 2, 144, 33, 81, 82, 1, 1, 1
36, 2, 148, 34, 76, 55, 1, 1, 1
37, 2, 152, 34, 73, 44, 1, 1, 1
38, 2, 155, 35, 69, 42, 1, 1, 1
39, 2, 157, 35, 66, 42, 1, 1, 1
40, 2, 165, 34, 59, 49, 1, 1, 1
41, 2, 165, 33, 65, 68, 1, 1, 1
42, 2, 159, 34, 77, 79, 1, 1, 1
43, 2, 156, 34, 87, 83, 1, 1, 1
44, 2, 143, 34, 106, 85, 1, 1, 1
45, 2, 143, 35, 108, 84, 1, 1, 1
46, 2, 145, 34, 110, 84, 1, 1, 1
47, 2, 150, 35, 108, 83, 1, 1, 1
48, 2, 165, 34, 97, 82, 1, 1, 1
49, 2, 150, 34, 110, 84, 1, 1, 1
50, 2, 149, 34, 109, 83, 1, 1, 1
51, 2, 160, 34, 105, 81, 1, 1, 1
52, 2, 171, 33, 97, 84, 1, 1, 1
53, 2, 174, 34, 95, 80, 1, 1, 1
54, 2, 169, 30, 103, 84, 1, 1, 1
55, 2, 170, 26, 103, 88, 1, 1, 1
56, 2, 180, 27, 87, 88, 1, 1, 1
57, 2, 182, 26, 91, 87, 1, 1, 1
58, 2, 204, 26, 81, 80, 1, 1, 1
59, 2, 203, 25, 95, 81, 1, 1, 1
60, 2, 208, 25, 96, 87, 1, 1, 1
1, 5, 321, 122, 56, 59, 1, 1, 1
2, 5, 325, 121, 52, 60, 1, 1, 1
3, 5, 330, 121, 52, 59, 1, 1, 1
4, 5, 340, 120, 42, 60, 1, 1, 1
5, 5, 351, 120, 36, 60, 1, 1, 1
6, 5, 357, 121, 39, 58, 1, 1, 1
7, 5, 362, 119, 39, 58, 1, 1, 1
8, 5, 365, 119, 37, 58, 1, 1, 1
9, 5, 366, 117, 37, 55, 1, 1, 1
10, 5, 366, 126, 28, 43, 1, 1, 1
11, 5, 369, 119, 22, 60, 1, 1, 1
12, 5, 361, 118, 27, 60, 1, 1, 1
13, 5, 355, 129, 28, 48, 1, 1, 1
14, 5, 348, 124, 14, 51, 1, 1, 1
15, 5, 339, 114, 15, 64, 1, 1, 1
16, 5, 331, 124, 40, 54, 1, 1, 1
17, 5, 325, 120, 41, 48, 1, 1, 1
18, 5, 317, 120, 17, 54, 1, 1, 1
19, 5, 311, 125, 22, 50, 1, 1, 1
20, 5, 304, 122, 24, 54, 1, 1, 1
21, 5, 297, 114, 14, 48, 1, 1, 1
23, 5, 306, 150, 29, 19, 1, 1, 1
29, 5, 301, 94, 29, 39, 1, 1, 1
30, 5, 306, 92, 34, 73, 1, 1, 1
31, 5, 298, 94, 43, 73, 1, 1, 1
32, 5, 292, 88, 55, 79, 1, 1, 1
33, 5, 295, 89, 55, 77, 1, 1, 1
34, 5, 306, 92, 50, 73, 1, 1, 1
35, 5, 306, 89, 55, 75, 1, 1, 1
36, 5, 315, 88, 50, 77, 1, 1, 1
37, 5, 314, 89, 55, 76, 1, 1, 1
38, 5, 323, 83, 51, 76, 1, 1, 1
39, 5, 320, 81, 55, 79, 1, 1, 1
40, 5, 330, 79, 45, 82, 1, 1, 1
41, 5, 331, 88, 39, 69, 1, 1, 1
42, 5, 333, 87, 41, 70, 1, 1, 1
43, 5, 334, 84, 40, 72, 1, 1, 1
44, 5, 313, 69, 65, 84, 1, 1, 1
45, 5, 310, 68, 53, 84, 1, 1, 1
46, 5, 316, 81, 51, 73, 1, 1, 1
47, 5, 303, 79, 55, 72, 1, 1, 1
48, 5, 296, 82, 55, 71, 1, 1, 1
49, 5, 286, 79, 62, 73, 1, 1, 1
50, 5, 278, 79, 61, 70, 1, 1, 1
51, 5, 274, 80, 64, 69, 1, 1, 1
52, 5, 270, 77, 51, 73, 1, 1, 1
53, 5, 268, 78, 47, 71, 1, 1, 1
54, 5, 264, 78, 48, 69, 1, 1, 1
55, 5, 260, 76, 48, 71, 1, 1, 1
56, 5, 249, 79, 53, 67, 1, 1, 1
57, 5, 249, 79, 45, 68, 1, 1, 1
58, 5, 243, 71, 44, 76, 1, 1, 1
59, 5, 236, 62, 48, 83, 1, 1, 1
60, 5, 233, 66, 45, 77, 1, 1, 1
1, 6, 334, 79, 178, 100, 1, 1, 1
2, 6, 339, 81, 184, 87, 1, 1, 1
3, 6, 340, 84, 166, 95, 1, 1, 1
4, 6, 373, 87, 127, 90, 1, 1, 1
5, 6, 384, 84, 111, 83, 1, 1, 1
6, 6, 393, 84, 82, 70, 1, 1, 1
7, 6, 379, 81, 101, 73, 1, 1, 1
8, 6, 371, 78, 91, 74, 1, 1, 1
9, 6, 372, 79, 82, 83, 1, 1, 1
10, 6, 360, 81, 87, 74, 1, 1, 1
11, 6, 335, 82, 111, 76, 1, 1, 1
12, 6, 324, 80, 123, 83, 1, 1, 1
13, 6, 314, 80, 133, 84, 1, 1, 1
14, 6, 302, 77, 142, 102, 1, 1, 1
15, 6, 290, 80, 148, 99, 1, 1, 1
16, 6, 278, 82, 176, 100, 1, 1, 1
17, 6, 270, 79, 177, 102, 1, 1, 1
18, 6, 261, 79, 187, 102, 1, 1, 1
19, 6, 252, 78, 182, 103, 1, 1, 1
20, 6, 253, 80, 167, 99, 1, 1, 1
21, 6, 249, 79, 170, 99, 1, 1, 1
22, 6, 238, 81, 189, 95, 1, 1, 1
23, 6, 228, 79, 198, 101, 1, 1, 1
24, 6, 229, 81, 171, 100, 1, 1, 1
25, 6, 240, 83, 146, 96, 1, 1, 1
26, 6, 238, 84, 137, 97, 1, 1, 1
27, 6, 233, 81, 133, 102, 1, 1, 1
28, 6, 235, 76, 97, 106, 1, 1, 1
29, 6, 238, 79, 88, 102, 1, 1, 1
30, 6, 232, 82, 78, 97, 1, 1, 1
31, 6, 232, 79, 75, 105, 1, 1, 1
32, 6, 220, 80, 80, 100, 1, 1, 1
33, 6, 219, 81, 76, 101, 1, 1, 1
34, 6, 215, 78, 80, 98, 1, 1, 1
35, 6, 202, 70, 81, 109, 1, 1, 1
36, 6, 189, 68, 77, 110, 1, 1, 1
37, 6, 175, 68, 81, 108, 1, 1, 1
38, 6, 132, 67, 99, 102, 1, 1, 1
39, 6, 123, 63, 99, 105, 1, 1, 1
40, 6, 108, 59, 94, 109, 1, 1, 1
41, 6, 104, 64, 97, 103, 1, 1, 1
42, 6, 100, 59, 93, 109, 1, 1, 1
43, 6, 75, 61, 92, 105, 1, 1, 1
44, 6, 68, 62, 96, 106, 1, 1, 1
45, 6, 53, 48, 94, 113, 1, 1, 1
46, 6, 26, 55, 119, 108, 1, 1, 1
47, 6, 18, 43, 120, 118, 1, 1, 1
48, 6, 16, 46, 99, 114, 1, 1, 1
49, 6, 7, 40, 97, 119, 1, 1, 1
50, 6, 2, 51, 88, 108, 1, 1, 1
51, 6, 5, 50, 85, 109, 1, 1, 1
52, 6, 11, 52, 73, 108, 1, 1, 1
53, 6, 8, 49, 74, 111, 1, 1, 1
54, 6, 6, 51, 74, 107, 1, 1, 1
55, 6, 3, 50, 72, 104, 1, 1, 1
56, 6, 3, 50, 69, 102, 1, 1, 1
57, 6, 6, 48, 63, 106, 1, 1, 1
58, 6, 2, 41, 75, 108, 1, 1, 1
59, 6, 2, 39, 68, 110, 1, 1, 1
60, 6, 0, 39, 68, 106, 1, 1, 1
7, 9, 477, 98, 27, 37, 1, 1, 1
8, 9, 454, 89, 54, 46, 1, 1, 1
9, 9, 455, 91, 63, 45, 1, 1, 1
10, 9, 450, 84, 67, 49, 1, 1, 1
11, 9, 458, 91, 54, 41, 1, 1, 1
12, 9, 465, 89, 63, 43, 1, 1, 1
13, 9, 470, 88, 63, 42, 1, 1, 1
14, 9, 470, 86, 62, 49, 1, 1, 1
15, 9, 463, 88, 67, 46, 1, 1, 1
16, 9, 469, 85, 51, 51, 1, 1, 1
17, 9, 465, 81, 53, 53, 1, 1, 1
18, 9, 463, 76, 56, 61, 1, 1, 1
19, 9, 456, 75, 64, 62, 1, 1, 1
20, 9, 455, 76, 63, 61, 1, 1, 1
21, 9, 455, 76, 62, 54, 1, 1, 1
22, 9, 449, 76, 69, 52, 1, 1, 1
23, 9, 445, 78, 54, 52, 1, 1, 1
24, 9, 447, 79, 53, 49, 1, 1, 1
25, 9, 451, 78, 50, 51, 1, 1, 1
26, 9, 449, 76, 49, 54, 1, 1, 1
27, 9, 448, 77, 50, 52, 1, 1, 1
28, 9, 448, 77, 54, 53, 1, 1, 1
29, 9, 450, 76, 54, 53, 1, 1, 1
30, 9, 448, 68, 59, 61, 1, 1, 1
31, 9, 434, 69, 73, 61, 1, 1, 1
32, 9, 442, 68, 63, 61, 1, 1, 1
33, 9, 435, 66, 70, 64, 1, 1, 1
34, 9, 434, 67, 59, 59, 1, 1, 1
35, 9, 430, 66, 62, 62, 1, 1, 1
36, 9, 430, 71, 60, 56, 1, 1, 1
37, 9, 420, 71, 64, 53, 1, 1, 1
38, 9, 399, 72, 76, 54, 1, 1, 1
39, 9, 393, 66, 85, 66, 1, 1, 1
40, 9, 379, 65, 86, 67, 1, 1, 1
41, 9, 362, 67, 71, 66, 1, 1, 1
42, 9, 368, 66, 53, 66, 1, 1, 1
43, 9, 350, 66, 52, 65, 1, 1, 1
44, 9, 337, 64, 53, 65, 1, 1, 1
45, 9, 330, 66, 42, 69, 1, 1, 1
46, 9, 284, 59, 72, 86, 1, 1, 1
47, 9, 256, 62, 72, 81, 1, 1, 1
48, 9, 239, 59, 78, 85, 1, 1, 1
49, 9, 220, 57, 81, 87, 1, 1, 1
50, 9, 211, 55, 75, 89, 1, 1, 1
51, 9, 208, 55, 68, 89, 1, 1, 1
52, 9, 199, 54, 64, 90, 1, 1, 1
53, 9, 173, 54, 88, 87, 1, 1, 1
54, 9, 182, 52, 76, 90, 1, 1, 1
55, 9, 180, 55, 59, 84, 1, 1, 1
56, 9, 173, 46, 60, 95, 1, 1, 1
57, 9, 172, 48, 54, 91, 1, 1, 1
58, 9, 163, 41, 61, 95, 1, 1, 1
59, 9, 157, 44, 58, 93, 1, 1, 1
60, 9, 157, 44, 53, 88, 1, 1, 1
