1, 1, 570, 197, 840, 684, 1, 1, 1
2, 1, 467, 258, 1043, 628, 1, 1, 1
3, 1, 408, 259, 1121, 627, 1, 1, 1
4, 1, 319, 263, 1178, 623, 1, 1, 1
5, 1, 229, 276, 1261, 610, 1, 1, 1
6, 1, 200, 288, 1331, 598, 1, 1, 1
7, 1, 312, 290, 1242, 596, 1, 1, 1
8, 1, 739, 315, 815, 571, 1, 1, 1
9, 1, 749, 332, 860, 554, 1, 1, 1
10, 1, 726, 340, 1040, 546, 1, 1, 1
11, 1, 724, 333, 1196, 553, 1, 1, 1
12, 1, 742, 336, 1178, 550, 1, 1, 1
13, 1, 721, 331, 1199, 555, 1, 1, 1
14, 1, 789, 306, 1131, 580, 1, 1, 1
15, 1, 801, 289, 1119, 597, 1, 1, 1
16, 1, 692, 276, 1228, 610, 1, 1, 1
17, 1, 895, 275, 1025, 611, 1, 1, 1
18, 1, 1146, 259, 774, 627, 1, 1, 1
19, 1, 1282, 282, 638, 604, 1, 1, 1
20, 1, 1414, 290, 506, 596, 1, 1, 1
21, 1, 1461, 268, 459, 618, 1, 1, 1
22, 1, 1695, 332, 225, 553, 1, 1, 1
23, 1, 1890, 377, 30, 207, 1, 1, 1
