8, 1, 421, 116, 343, 244, 1, 1, 1
9, 1, 448, 97, 269, 261, 1, 1, 1
10, 1, 451, 87, 244, 246, 1, 1, 1
11, 1, 470, 88, 183, 248, 1, 1, 1
12, 1, 464, 83, 189, 273, 1, 1, 1
13, 1, 507, 88, 165, 278, 1, 1, 1
14, 1, 531, 82, 146, 293, 1, 1, 1
15, 1, 535, 92, 146, 296, 1, 1, 1
16, 1, 537, 103, 177, 292, 1, 1, 1
17, 1, 554, 102, 186, 290, 1, 1, 1
18, 1, 587, 114, 179, 286, 1, 1, 1
19, 1, 592, 124, 208, 280, 1, 1, 1
20, 1, 592, 132, 243, 272, 1, 1, 1
21, 1, 589, 140, 259, 263, 1, 1, 1
22, 1, 578, 158, 281, 244, 1, 1, 1
4, 2, 705, 117, 354, 221, 1, 1, 1
5, 2, 721, 107, 376, 239, 1, 1, 1
6, 2, 715, 112, 375, 237, 1, 1, 1
7, 2, 706, 127, 368, 229, 1, 1, 1
8, 2, 693, 135, 366, 221, 1, 1, 1
9, 2, 679, 135, 364, 225, 1, 1, 1
10, 2, 669, 142, 364, 224, 1, 1, 1
11, 2, 654, 140, 363, 224, 1, 1, 1
12, 2, 655, 152, 360, 219, 1, 1, 1
13, 2, 660, 153, 371, 218, 1, 1, 1
14, 2, 660, 150, 377, 222, 1, 1, 1
15, 2, 665, 156, 375, 224, 1, 1, 1
16, 2, 670, 164, 381, 223, 1, 1, 1
17, 2, 675, 156, 388, 228, 1, 1, 1
18, 2, 682, 157, 383, 231, 1, 1, 1
19, 2, 677, 160, 380, 231, 1, 1, 1
20, 2, 680, 170, 373, 223, 1, 1, 1
