1, 3, 595, 190, 258, 122, 1, 1, 1
2, 3, 638, 200, 224, 92, 1, 1, 1
3, 3, 626, 200, 208, 107, 1, 1, 1
4, 3, 646, 203, 203, 109, 1, 1, 1
5, 3, 658, 216, 210, 113, 1, 1, 1
6, 3, 670, 223, 203, 113, 1, 1, 1
7, 3, 673, 227, 201, 113, 1, 1, 1
8, 3, 667, 224, 214, 118, 1, 1, 1
9, 3, 666, 224, 221, 119, 1, 1, 1
10, 3, 666, 220, 227, 126, 1, 1, 1
11, 3, 664, 212, 232, 134, 1, 1, 1
12, 3, 673, 209, 240, 143, 1, 1, 1
13, 3, 677, 218, 244, 142, 1, 1, 1
14, 3, 679, 228, 239, 136, 1, 1, 1
15, 3, 685, 236, 230, 134, 1, 1, 1
16, 3, 672, 234, 245, 133, 1, 1, 1
17, 3, 656, 236, 256, 129, 1, 1, 1
18, 3, 640, 236, 267, 124, 1, 1, 1
19, 3, 651, 235, 257, 122, 1, 1, 1
20, 3, 649, 222, 254, 122, 1, 1, 1
21, 3, 662, 221, 249, 125, 1, 1, 1
22, 3, 673, 213, 242, 126, 1, 1, 1
23, 3, 661, 198, 229, 121, 1, 1, 1
24, 3, 659, 210, 207, 123, 1, 1, 1
25, 3, 647, 209, 213, 129, 1, 1, 1
26, 3, 630, 204, 212, 129, 1, 1, 1
27, 3, 623, 194, 210, 135, 1, 1, 1
28, 3, 627, 201, 221, 134, 1, 1, 1
29, 3, 596, 204, 265, 135, 1, 1, 1
30, 3, 567, 206, 277, 135, 1, 1, 1
31, 3, 556, 200, 274, 134, 1, 1, 1
32, 3, 532, 202, 280, 127, 1, 1, 1
33, 3, 492, 207, 299, 120, 1, 1, 1
34, 3, 477, 207, 296, 123, 1, 1, 1
35, 3, 458, 210, 306, 120, 1, 1, 1
36, 3, 473, 211, 292, 120, 1, 1, 1
37, 3, 457, 218, 303, 119, 1, 1, 1
38, 3, 456, 226, 304, 119, 1, 1, 1
39, 3, 452, 219, 301, 119, 1, 1, 1
40, 3, 478, 209, 297, 119, 1, 1, 1
41, 3, 480, 200, 296, 122, 1, 1, 1
1, 5, 209, 255, 139, 231, 1, 1, 1
2, 5, 219, 232, 165, 228, 1, 1, 1
3, 5, 182, 230, 235, 213, 1, 1, 1
4, 5, 247, 238, 200, 193, 1, 1, 1
5, 5, 283, 245, 186, 174, 1, 1, 1
6, 5, 288, 239, 201, 179, 1, 1, 1
7, 5, 325, 240, 173, 154, 1, 1, 1
8, 5, 366, 231, 148, 164, 1, 1, 1
9, 5, 366, 229, 154, 111, 1, 1, 1
10, 5, 367, 228, 155, 105, 1, 1, 1
11, 5, 408, 215, 109, 122, 1, 1, 1
12, 5, 417, 223, 131, 112, 1, 1, 1
13, 5, 422, 222, 149, 120, 1, 1, 1
14, 5, 414, 224, 186, 128, 1, 1, 1
15, 5, 444, 221, 191, 144, 1, 1, 1
16, 5, 459, 219, 204, 134, 1, 1, 1
17, 5, 457, 214, 234, 135, 1, 1, 1
18, 5, 468, 210, 249, 131, 1, 1, 1
19, 5, 489, 205, 230, 125, 1, 1, 1
20, 5, 502, 187, 239, 128, 1, 1, 1
21, 5, 511, 175, 229, 142, 1, 1, 1
22, 5, 512, 179, 196, 132, 1, 1, 1
23, 5, 482, 157, 179, 134, 1, 1, 1
24, 5, 488, 169, 144, 134, 1, 1, 1
25, 5, 491, 179, 126, 128, 1, 1, 1
26, 5, 466, 175, 144, 130, 1, 1, 1
27, 5, 460, 174, 133, 129, 1, 1, 1
28, 5, 482, 178, 123, 131, 1, 1, 1
29, 5, 510, 174, 97, 137, 1, 1, 1
30, 5, 513, 184, 119, 129, 1, 1, 1
31, 5, 521, 179, 146, 126, 1, 1, 1
32, 5, 520, 179, 174, 130, 1, 1, 1
33, 5, 493, 174, 215, 73, 1, 1, 1
34, 5, 501, 171, 243, 88, 1, 1, 1
35, 5, 561, 176, 210, 93, 1, 1, 1
36, 5, 583, 175, 227, 121, 1, 1, 1
37, 5, 560, 179, 283, 131, 1, 1, 1
38, 5, 624, 185, 238, 133, 1, 1, 1
39, 5, 663, 173, 201, 135, 1, 1, 1
40, 5, 707, 169, 191, 149, 1, 1, 1
41, 5, 703, 172, 212, 149, 1, 1, 1
