14, 8, 0, 709, 116, 153, 1, 1, 1
15, 8, 0, 687, 161, 200, 1, 1, 1
16, 8, 0, 647, 194, 230, 1, 1, 1
17, 8, 0, 636, 213, 266, 1, 1, 1
18, 8, 0, 635, 229, 273, 1, 1, 1
19, 8, 1, 634, 246, 268, 1, 1, 1
20, 8, 0, 632, 250, 261, 1, 1, 1
21, 8, 0, 617, 260, 274, 1, 1, 1
22, 8, 0, 631, 266, 260, 1, 1, 1
23, 8, 0, 634, 260, 272, 1, 1, 1
24, 8, 0, 635, 250, 267, 1, 1, 1
25, 8, 0, 638, 255, 266, 1, 1, 1
26, 8, 0, 641, 259, 261, 1, 1, 1
27, 8, 0, 643, 261, 263, 1, 1, 1
28, 8, 0, 645, 266, 261, 1, 1, 1
29, 8, 0, 642, 270, 264, 1, 1, 1
30, 8, 0, 640, 270, 259, 1, 1, 1
31, 8, 0, 632, 272, 262, 1, 1, 1
32, 8, 0, 635, 264, 261, 1, 1, 1
33, 8, 0, 636, 270, 258, 1, 1, 1
34, 8, 0, 636, 282, 261, 1, 1, 1
35, 8, 0, 639, 277, 256, 1, 1, 1
36, 8, 0, 640, 282, 247, 1, 1, 1
37, 8, 0, 634, 292, 268, 1, 1, 1
38, 8, 0, 638, 304, 269, 1, 1, 1
39, 8, 0, 638, 321, 259, 1, 1, 1
40, 8, 0, 632, 332, 265, 1, 1, 1
41, 8, 0, 627, 348, 278, 1, 1, 1
42, 8, 0, 626, 372, 270, 1, 1, 1
43, 8, 0, 617, 399, 281, 1, 1, 1
44, 8, 0, 612, 415, 290, 1, 1, 1
45, 8, 0, 606, 442, 291, 1, 1, 1
46, 8, 0, 605, 441, 285, 1, 1, 1
47, 8, 0, 591, 438, 299, 1, 1, 1
13, 3, 788, 662, 130, 184, 1, 1, 1
14, 3, 786, 664, 135, 186, 1, 1, 1
15, 3, 785, 665, 143, 185, 1, 1, 1
16, 3, 784, 666, 148, 182, 1, 1, 1
17, 3, 792, 665, 147, 178, 1, 1, 1
18, 3, 771, 671, 168, 178, 1, 1, 1
19, 3, 766, 670, 170, 175, 1, 1, 1
20, 3, 750, 669, 183, 175, 1, 1, 1
21, 3, 733, 671, 195, 172, 1, 1, 1
22, 3, 726, 667, 197, 179, 1, 1, 1
23, 3, 714, 662, 206, 186, 1, 1, 1
24, 3, 706, 673, 218, 175, 1, 1, 1
25, 3, 687, 671, 237, 180, 1, 1, 1
26, 3, 685, 667, 233, 186, 1, 1, 1
27, 3, 687, 667, 229, 187, 1, 1, 1
28, 3, 680, 667, 226, 179, 1, 1, 1
29, 3, 678, 664, 237, 183, 1, 1, 1
30, 3, 682, 673, 245, 171, 1, 1, 1
31, 3, 684, 670, 249, 167, 1, 1, 1
32, 3, 683, 672, 256, 167, 1, 1, 1
33, 3, 689, 676, 253, 168, 1, 1, 1
34, 3, 701, 677, 241, 167, 1, 1, 1
35, 3, 702, 681, 239, 163, 1, 1, 1
36, 3, 682, 679, 262, 169, 1, 1, 1
37, 3, 693, 682, 243, 164, 1, 1, 1
38, 3, 690, 678, 240, 170, 1, 1, 1
39, 3, 682, 680, 243, 167, 1, 1, 1
40, 3, 666, 674, 247, 171, 1, 1, 1
41, 3, 672, 674, 238, 170, 1, 1, 1
42, 3, 669, 677, 245, 170, 1, 1, 1
43, 3, 680, 674, 244, 169, 1, 1, 1
44, 3, 702, 674, 226, 168, 1, 1, 1
45, 3, 709, 675, 213, 171, 1, 1, 1
46, 3, 713, 674, 188, 167, 1, 1, 1
47, 3, 728, 674, 141, 164, 1, 1, 1
11, 2, 945, 696, 185, 154, 1, 1, 1
12, 2, 952, 679, 172, 163, 1, 1, 1
13, 2, 930, 680, 200, 168, 1, 1, 1
14, 2, 918, 687, 206, 159, 1, 1, 1
15, 2, 913, 684, 200, 159, 1, 1, 1
16, 2, 917, 684, 201, 156, 1, 1, 1
17, 2, 945, 680, 186, 157, 1, 1, 1
18, 2, 940, 688, 192, 154, 1, 1, 1
19, 2, 933, 688, 197, 154, 1, 1, 1
20, 2, 908, 685, 219, 156, 1, 1, 1
21, 2, 908, 688, 216, 152, 1, 1, 1
22, 2, 919, 691, 199, 150, 1, 1, 1
23, 2, 907, 695, 216, 150, 1, 1, 1
24, 2, 908, 697, 211, 150, 1, 1, 1
25, 2, 910, 699, 211, 149, 1, 1, 1
26, 2, 916, 700, 212, 152, 1, 1, 1
27, 2, 914, 705, 214, 149, 1, 1, 1
28, 2, 911, 703, 218, 147, 1, 1, 1
29, 2, 911, 701, 219, 149, 1, 1, 1
30, 2, 911, 701, 217, 147, 1, 1, 1
31, 2, 914, 695, 215, 148, 1, 1, 1
32, 2, 915, 699, 206, 146, 1, 1, 1
33, 2, 896, 701, 229, 145, 1, 1, 1
34, 2, 898, 703, 234, 147, 1, 1, 1
35, 2, 924, 703, 211, 149, 1, 1, 1
36, 2, 923, 704, 210, 145, 1, 1, 1
37, 2, 922, 704, 218, 146, 1, 1, 1
38, 2, 897, 707, 246, 150, 1, 1, 1
39, 2, 900, 709, 247, 147, 1, 1, 1
40, 2, 906, 704, 235, 150, 1, 1, 1
41, 2, 878, 709, 256, 145, 1, 1, 1
3, 5, 462, 650, 311, 190, 1, 1, 1
4, 5, 461, 652, 313, 188, 1, 1, 1
5, 5, 469, 645, 296, 194, 1, 1, 1
6, 5, 472, 648, 295, 194, 1, 1, 1
7, 5, 498, 649, 282, 191, 1, 1, 1
8, 5, 490, 650, 283, 203, 1, 1, 1
9, 5, 436, 649, 339, 196, 1, 1, 1
10, 5, 453, 649, 330, 186, 1, 1, 1
