34, 1, 908, 536, 164, 124, 1, 1, 1
35, 1, 891, 536, 158, 120, 1, 1, 1
36, 1, 878, 536, 154, 120, 1, 1, 1
37, 1, 860, 533, 152, 117, 1, 1, 1
38, 1, 852, 534, 142, 117, 1, 1, 1
39, 1, 839, 535, 144, 117, 1, 1, 1
40, 1, 834, 535, 135, 120, 1, 1, 1
41, 1, 822, 536, 134, 116, 1, 1, 1
42, 1, 807, 535, 141, 113, 1, 1, 1
43, 1, 795, 534, 148, 114, 1, 1, 1
44, 1, 796, 539, 140, 120, 1, 1, 1
45, 1, 783, 537, 145, 119, 1, 1, 1
46, 1, 773, 537, 148, 120, 1, 1, 1
47, 1, 771, 537, 142, 113, 1, 1, 1
48, 1, 750, 532, 151, 118, 1, 1, 1
49, 1, 741, 535, 151, 121, 1, 1, 1
50, 1, 730, 531, 152, 121, 1, 1, 1
51, 1, 728, 533, 152, 119, 1, 1, 1
52, 1, 725, 534, 151, 122, 1, 1, 1
53, 1, 713, 537, 158, 117, 1, 1, 1
54, 1, 711, 535, 152, 122, 1, 1, 1
