57, 6, 732, 244, 320, 282, 1, 1, 1
58, 6, 728, 244, 323, 279, 1, 1, 1
59, 6, 711, 243, 335, 287, 1, 1, 1
60, 6, 713, 244, 327, 286, 1, 1, 1
61, 6, 721, 241, 315, 289, 1, 1, 1
62, 6, 715, 239, 319, 302, 1, 1, 1
63, 6, 720, 243, 328, 304, 1, 1, 1
64, 6, 720, 237, 406, 310, 1, 1, 1
65, 6, 715, 236, 325, 315, 1, 1, 1
66, 6, 709, 236, 302, 313, 1, 1, 1
67, 6, 703, 235, 303, 314, 1, 1, 1
68, 6, 725, 230, 301, 314, 1, 1, 1
69, 6, 757, 224, 305, 318, 1, 1, 1
70, 6, 780, 221, 336, 318, 1, 1, 1
71, 6, 792, 216, 331, 317, 1, 1, 1
72, 6, 806, 212, 300, 315, 1, 1, 1
73, 6, 823, 200, 302, 322, 1, 1, 1
74, 6, 825, 205, 302, 320, 1, 1, 1
75, 6, 817, 207, 311, 324, 1, 1, 1
76, 6, 826, 206, 307, 317, 1, 1, 1
77, 6, 834, 204, 304, 316, 1, 1, 1
78, 6, 830, 206, 303, 322, 1, 1, 1
79, 6, 832, 211, 289, 322, 1, 1, 1
