30, 6, 950, 282, 10, 28, 1, 1, 1
31, 6, 882, 258, 78, 69, 1, 1, 1
32, 6, 807, 227, 153, 97, 1, 1, 1
33, 6, 749, 226, 211, 102, 1, 1, 1
34, 6, 705, 228, 255, 98, 1, 1, 1
35, 6, 643, 230, 270, 92, 1, 1, 1
36, 6, 594, 231, 254, 89, 1, 1, 1
37, 6, 558, 234, 242, 84, 1, 1, 1
38, 6, 505, 236, 226, 81, 1, 1, 1
39, 6, 463, 238, 217, 77, 1, 1, 1
40, 6, 431, 239, 209, 75, 1, 1, 1
41, 6, 381, 241, 203, 73, 1, 1, 1
42, 6, 340, 241, 198, 72, 1, 1, 1
43, 6, 307, 243, 197, 70, 1, 1, 1
44, 6, 248, 244, 195, 69, 1, 1, 1
45, 6, 205, 244, 195, 68, 1, 1, 1
46, 6, 170, 245, 195, 67, 1, 1, 1
47, 6, 116, 247, 198, 66, 1, 1, 1
48, 6, 69, 246, 199, 66, 1, 1, 1
49, 6, 30, 245, 202, 68, 1, 1, 1
50, 6, 0, 248, 174, 66, 1, 1, 1
51, 6, 0, 248, 126, 65, 1, 1, 1
52, 6, 0, 249, 85, 64, 1, 1, 1
53, 6, 0, 262, 22, 41, 1, 1, 1
