9, 1, 214, 120, 102, 117, 1, 1, 1
10, 1, 182, 64, 156, 170, 1, 1, 1
11, 1, 93, 58, 221, 179, 1, 1, 1
12, 1, 75, 62, 219, 174, 1, 1, 1
13, 1, 95, 60, 210, 176, 1, 1, 1
14, 1, 148, 61, 169, 175, 1, 1, 1
15, 1, 219, 57, 124, 181, 1, 1, 1
16, 1, 262, 59, 201, 174, 1, 1, 1
17, 1, 286, 59, 202, 170, 1, 1, 1
18, 1, 319, 51, 212, 176, 1, 1, 1
19, 1, 331, 50, 191, 172, 1, 1, 1
20, 1, 331, 59, 160, 165, 1, 1, 1
21, 1, 301, 94, 149, 109, 1, 1, 1
22, 1, 280, 89, 130, 139, 1, 1, 1
23, 1, 241, 82, 157, 149, 1, 1, 1
24, 1, 233, 75, 185, 157, 1, 1, 1
25, 1, 194, 59, 213, 175, 1, 1, 1
26, 1, 194, 63, 235, 171, 1, 1, 1
9, 2, 258, 87, 130, 148, 1, 1, 1
10, 2, 219, 110, 137, 127, 1, 1, 1
11, 2, 219, 110, 162, 128, 1, 1, 1
12, 2, 211, 110, 185, 126, 1, 1, 1
13, 2, 211, 107, 185, 128, 1, 1, 1
14, 2, 227, 111, 163, 123, 1, 1, 1
15, 2, 318, 110, 73, 124, 1, 1, 1
16, 2, 257, 116, 82, 119, 1, 1, 1
17, 2, 245, 149, 119, 87, 1, 1, 1
18, 2, 246, 122, 197, 115, 1, 1, 1
19, 2, 275, 119, 193, 114, 1, 1, 1
20, 2, 307, 130, 148, 103, 1, 1, 1
21, 2, 303, 157, 155, 76, 1, 1, 1
22, 2, 294, 158, 165, 77, 1, 1, 1
23, 2, 309, 153, 134, 81, 1, 1, 1
24, 2, 326, 136, 127, 97, 1, 1, 1
25, 2, 323, 120, 151, 110, 1, 1, 1
26, 2, 327, 130, 165, 102, 1, 1, 1
