13, 4, 637, 317, 84, 127, 1, 1, 1
14, 4, 634, 319, 94, 118, 1, 1, 1
15, 4, 631, 318, 95, 111, 1, 1, 1
16, 4, 624, 304, 89, 123, 1, 1, 1
17, 4, 616, 319, 92, 106, 1, 1, 1
18, 4, 606, 317, 96, 100, 1, 1, 1
19, 4, 592, 311, 103, 107, 1, 1, 1
20, 4, 583, 312, 111, 99, 1, 1, 1
21, 4, 570, 313, 102, 95, 1, 1, 1
22, 4, 558, 312, 102, 92, 1, 1, 1
23, 4, 553, 311, 96, 88, 1, 1, 1
24, 4, 542, 311, 98, 86, 1, 1, 1
25, 4, 526, 308, 101, 87, 1, 1, 1
26, 4, 513, 306, 95, 88, 1, 1, 1
27, 4, 504, 306, 93, 89, 1, 1, 1
28, 4, 493, 311, 94, 80, 1, 1, 1
29, 4, 480, 306, 95, 79, 1, 1, 1
30, 4, 471, 308, 90, 78, 1, 1, 1
31, 4, 464, 306, 79, 78, 1, 1, 1
32, 4, 455, 303, 82, 80, 1, 1, 1
33, 4, 454, 304, 76, 75, 1, 1, 1
34, 4, 446, 303, 75, 74, 1, 1, 1
35, 4, 444, 301, 65, 72, 1, 1, 1
