95, 8, 1483, 418, 134, 106, 1, 1, 1
96, 8, 1491, 418, 118, 107, 1, 1, 1
97, 8, 1508, 419, 101, 103, 1, 1, 1
98, 8, 1522, 418, 95, 103, 1, 1, 1
99, 8, 1516, 427, 95, 100, 1, 1, 1
100, 8, 1531, 430, 75, 95, 1, 1, 1
101, 8, 1551, 437, 51, 89, 1, 1, 1
102, 8, 1563, 473, 71, 54, 1, 1, 1
103, 8, 1568, 477, 81, 54, 1, 1, 1
104, 8, 1569, 478, 41, 56, 1, 1, 1
105, 8, 1575, 517, 80, 20, 1, 1, 1
106, 8, 1584, 520, 65, 16, 1, 1, 1
107, 8, 1552, 480, 83, 55, 1, 1, 1
108, 8, 1529, 476, 120, 63, 1, 1, 1
109, 8, 1531, 476, 163, 62, 1, 1, 1
110, 8, 1534, 470, 167, 65, 1, 1, 1
111, 8, 1531, 154, 173, 390, 1, 1, 1
112, 8, 1534, 152, 184, 387, 1, 1, 1
113, 8, 1537, 151, 195, 389, 1, 1, 1
114, 8, 1538, 148, 200, 389, 1, 1, 1
115, 8, 1539, 151, 206, 389, 1, 1, 1
116, 8, 1540, 153, 210, 386, 1, 1, 1
117, 8, 1533, 152, 217, 391, 1, 1, 1
118, 8, 1532, 152, 224, 420, 1, 1, 1
119, 8, 1531, 155, 226, 423, 1, 1, 1
120, 8, 1528, 160, 231, 416, 1, 1, 1
121, 8, 1529, 162, 241, 422, 1, 1, 1
122, 8, 1536, 168, 245, 420, 1, 1, 1
123, 8, 1540, 167, 251, 421, 1, 1, 1
124, 8, 1539, 167, 263, 422, 1, 1, 1
125, 8, 1539, 166, 270, 425, 1, 1, 1
126, 8, 1540, 166, 282, 423, 1, 1, 1
127, 8, 1549, 166, 288, 423, 1, 1, 1
128, 8, 1559, 162, 294, 427, 1, 1, 1
129, 8, 1566, 161, 304, 424, 1, 1, 1
130, 8, 1569, 158, 243, 424, 1, 1, 1
131, 8, 1564, 153, 237, 427, 1, 1, 1
132, 8, 1562, 148, 184, 429, 1, 1, 1
133, 8, 1558, 152, 254, 425, 1, 1, 1
134, 8, 1556, 151, 208, 426, 1, 1, 1
135, 8, 1554, 148, 222, 431, 1, 1, 1
136, 8, 1545, 156, 193, 431, 1, 1, 1
137, 8, 1538, 161, 229, 425, 1, 1, 1
138, 8, 1536, 156, 225, 430, 1, 1, 1
139, 8, 1523, 160, 252, 429, 1, 1, 1
140, 8, 1518, 162, 264, 430, 1, 1, 1
141, 8, 1512, 165, 259, 431, 1, 1, 1
142, 8, 1509, 163, 265, 435, 1, 1, 1
143, 8, 1503, 169, 267, 429, 1, 1, 1
144, 8, 1498, 169, 266, 430, 1, 1, 1
145, 8, 1497, 176, 269, 428, 1, 1, 1
146, 8, 1491, 170, 269, 431, 1, 1, 1
147, 8, 1483, 173, 273, 433, 1, 1, 1
148, 8, 1482, 170, 272, 436, 1, 1, 1
149, 8, 1474, 171, 273, 433, 1, 1, 1
150, 8, 1467, 166, 276, 434, 1, 1, 1
