1, 2, 410, 198, 296, 229, 1, 1, 1
2, 2, 352, 183, 283, 235, 1, 1, 1
3, 2, 272, 174, 328, 271, 1, 1, 1
4, 2, 162, 189, 319, 246, 1, 1, 1
5, 2, 38, 188, 283, 244, 1, 1, 1
6, 2, 15, 166, 228, 272, 1, 1, 1
7, 2, 18, 146, 168, 222, 1, 1, 1
8, 2, 54, 120, 147, 227, 1, 1, 1
9, 2, 85, 133, 149, 215, 1, 1, 1
10, 2, 165, 131, 108, 184, 1, 1, 1
11, 2, 251, 128, 85, 212, 1, 1, 1
12, 2, 317, 147, 98, 183, 1, 1, 1
13, 2, 367, 160, 119, 180, 1, 1, 1
14, 2, 393, 177, 110, 179, 1, 1, 1
15, 2, 413, 190, 116, 180, 1, 1, 1
16, 2, 435, 210, 112, 175, 1, 1, 1
17, 2, 458, 225, 102, 175, 1, 1, 1
18, 2, 448, 233, 114, 180, 1, 1, 1
19, 2, 435, 237, 120, 178, 1, 1, 1
20, 2, 427, 264, 149, 170, 1, 1, 1
21, 2, 453, 287, 156, 154, 1, 1, 1
22, 2, 453, 291, 161, 155, 1, 1, 1
23, 2, 440, 290, 160, 157, 1, 1, 1
24, 2, 450, 292, 129, 163, 1, 1, 1
25, 2, 467, 304, 98, 153, 1, 1, 1
26, 2, 485, 288, 71, 140, 1, 1, 1
27, 2, 484, 288, 59, 138, 1, 1, 1
28, 2, 490, 287, 39, 111, 1, 1, 1
29, 2, 384, 248, 19, 71, 1, 1, 1
30, 2, 406, 268, 9, 101, 1, 1, 1
31, 2, 367, 245, 50, 80, 1, 1, 1
32, 2, 369, 248, 58, 150, 1, 1, 1
33, 2, 376, 241, 63, 96, 1, 1, 1
34, 2, 410, 271, 42, 62, 1, 1, 1
35, 2, 413, 277, 55, 57, 1, 1, 1
