1, 1, 370, 297, 238, 262, 1, 1, 1
2, 1, 405, 235, 189, 321, 1, 1, 1
3, 1, 440, 244, 157, 316, 1, 1, 1
4, 1, 427, 340, 185, 222, 1, 1, 1
5, 1, 467, 357, 181, 204, 1, 1, 1
6, 1, 543, 300, 139, 269, 1, 1, 1
7, 1, 589, 240, 146, 308, 1, 1, 1
8, 1, 589, 296, 181, 279, 1, 1, 1
9, 1, 595, 376, 267, 210, 1, 1, 1
10, 1, 671, 387, 228, 204, 1, 1, 1
11, 1, 691, 319, 254, 283, 1, 1, 1
12, 1, 710, 305, 229, 309, 1, 1, 1
13, 1, 688, 365, 275, 233, 1, 1, 1
14, 1, 713, 419, 299, 180, 1, 1, 1
15, 1, 804, 416, 259, 184, 1, 1, 1
16, 1, 829, 333, 262, 280, 1, 1, 1
17, 1, 860, 315, 221, 301, 1, 1, 1
18, 1, 874, 374, 233, 222, 1, 1, 1
19, 1, 909, 435, 221, 164, 1, 1, 1
20, 1, 927, 412, 182, 192, 1, 1, 1
21, 1, 931, 346, 179, 251, 1, 1, 1
22, 1, 931, 309, 158, 285, 1, 1, 1
23, 1, 924, 332, 116, 234, 1, 1, 1
24, 1, 913, 389, 112, 201, 1, 1, 1
25, 1, 802, 340, 246, 222, 1, 1, 1
26, 1, 777, 368, 221, 222, 1, 1, 1
27, 1, 767, 316, 169, 285, 1, 1, 1
28, 1, 731, 324, 125, 262, 1, 1, 1
29, 1, 688, 384, 121, 204, 1, 1, 1
30, 1, 647, 353, 170, 223, 1, 1, 1
31, 1, 641, 352, 167, 249, 1, 1, 1
32, 1, 640, 368, 189, 251, 1, 1, 1
33, 1, 662, 388, 190, 234, 1, 1, 1
34, 1, 666, 420, 236, 197, 1, 1, 1
35, 1, 696, 390, 216, 231, 1, 1, 1
36, 1, 744, 384, 205, 259, 1, 1, 1
37, 1, 820, 455, 192, 175, 1, 1, 1
38, 1, 859, 431, 264, 220, 1, 1, 1
39, 1, 887, 435, 244, 232, 1, 1, 1
40, 1, 948, 428, 245, 218, 1, 1, 1
41, 1, 977, 325, 316, 310, 1, 1, 1
42, 1, 907, 355, 431, 290, 1, 1, 1
43, 1, 1004, 417, 370, 241, 1, 1, 1
44, 1, 1064, 428, 306, 232, 1, 1, 1
45, 1, 1031, 400, 356, 259, 1, 1, 1
46, 1, 1033, 417, 357, 230, 1, 1, 1
47, 1, 1033, 430, 312, 228, 1, 1, 1
48, 1, 1039, 333, 304, 317, 1, 1, 1
49, 1, 979, 350, 309, 320, 1, 1, 1
50, 1, 893, 352, 284, 295, 1, 1, 1
51, 1, 987, 395, 312, 280, 1, 1, 1
52, 1, 902, 348, 324, 331, 1, 1, 1
53, 1, 816, 397, 280, 286, 1, 1, 1
54, 1, 769, 340, 255, 345, 1, 1, 1
55, 1, 784, 380, 246, 313, 1, 1, 1
56, 1, 790, 405, 259, 299, 1, 1, 1
57, 1, 744, 430, 324, 285, 1, 1, 1
58, 1, 686, 459, 382, 268, 1, 1, 1
59, 1, 703, 415, 325, 316, 1, 1, 1
60, 1, 770, 400, 233, 363, 1, 1, 1
61, 1, 718, 392, 263, 380, 1, 1, 1
62, 1, 741, 312, 184, 459, 1, 1, 1
63, 1, 700, 360, 180, 443, 1, 1, 1
64, 1, 626, 515, 207, 313, 1, 1, 1
65, 1, 601, 509, 191, 333, 1, 1, 1
66, 1, 590, 446, 237, 455, 1, 1, 1
67, 1, 671, 254, 228, 692, 1, 1, 1
68, 1, 703, 310, 353, 662, 1, 1, 1
69, 1, 695, 502, 548, 470, 1, 1, 1
70, 1, 746, 598, 635, 374, 1, 1, 1
71, 1, 745, 192, 712, 780, 1, 1, 1
72, 1, 640, 110, 553, 750, 1, 1, 1
73, 1, 693, 78, 596, 664, 1, 1, 1
74, 1, 736, 75, 760, 827, 1, 1, 1
75, 1, 798, 468, 596, 504, 1, 1, 1
76, 1, 820, 385, 576, 587, 1, 1, 1
77, 1, 735, 283, 625, 688, 1, 1, 1
78, 1, 574, 330, 689, 571, 1, 1, 1
79, 1, 565, 365, 677, 607, 1, 1, 1
80, 1, 620, 540, 441, 432, 1, 1, 1
81, 1, 685, 316, 616, 656, 1, 1, 1
82, 1, 726, 357, 798, 615, 1, 1, 1
83, 1, 821, 368, 862, 604, 1, 1, 1
84, 1, 999, 247, 705, 725, 1, 1, 1
85, 1, 970, 244, 814, 728, 1, 1, 1
86, 1, 905, 450, 882, 520, 1, 1, 1
87, 1, 985, 380, 856, 576, 1, 1, 1
88, 1, 1072, 303, 811, 658, 1, 1, 1
89, 1, 1098, 260, 776, 640, 1, 1, 1
90, 1, 1117, 398, 722, 542, 1, 1, 1
91, 1, 1144, 447, 651, 490, 1, 1, 1
92, 1, 1177, 455, 596, 504, 1, 1, 1
93, 1, 1182, 416, 629, 551, 1, 1, 1
94, 1, 1226, 274, 604, 694, 1, 1, 1
95, 1, 1203, 315, 643, 656, 1, 1, 1
96, 1, 733, 488, 1143, 484, 1, 1, 1
97, 1, 1294, 399, 626, 570, 1, 1, 1
98, 1, 1263, 418, 657, 554, 1, 1, 1
99, 1, 1154, 408, 765, 560, 1, 1, 1
100, 1, 1084, 432, 767, 479, 1, 1, 1
101, 1, 742, 308, 953, 664, 1, 1, 1
102, 1, 998, 323, 536, 561, 1, 1, 1
103, 1, 898, 254, 560, 542, 1, 1, 1
104, 1, 827, 282, 407, 512, 1, 1, 1
105, 1, 727, 386, 330, 428, 1, 1, 1
106, 1, 693, 299, 445, 514, 1, 1, 1
107, 1, 682, 284, 398, 527, 1, 1, 1
108, 1, 569, 167, 303, 661, 1, 1, 1
109, 1, 466, 191, 306, 606, 1, 1, 1
110, 1, 397, 356, 396, 403, 1, 1, 1
111, 1, 251, 368, 545, 446, 1, 1, 1
112, 1, 248, 271, 612, 570, 1, 1, 1
113, 1, 307, 298, 479, 557, 1, 1, 1
114, 1, 319, 328, 521, 564, 1, 1, 1
115, 1, 236, 409, 573, 507, 1, 1, 1
116, 1, 296, 340, 444, 568, 1, 1, 1
117, 1, 354, 316, 421, 634, 1, 1, 1
118, 1, 384, 400, 433, 547, 1, 1, 1
119, 1, 472, 555, 377, 415, 1, 1, 1
120, 1, 570, 571, 388, 397, 1, 1, 1
121, 1, 568, 532, 744, 428, 1, 1, 1
122, 1, 580, 299, 853, 648, 1, 1, 1
123, 1, 808, 280, 785, 686, 1, 1, 1
124, 1, 806, 454, 865, 498, 1, 1, 1
125, 1, 1008, 497, 628, 464, 1, 1, 1
126, 1, 1026, 541, 686, 424, 1, 1, 1
127, 1, 962, 255, 757, 676, 1, 1, 1
128, 1, 913, 123, 611, 804, 1, 1, 1
129, 1, 956, 138, 640, 752, 1, 1, 1
130, 1, 1049, 288, 622, 657, 1, 1, 1
1, 2, 679, 229, 276, 319, 1, 1, 1
2, 2, 654, 226, 201, 313, 1, 1, 1
3, 2, 632, 196, 249, 327, 1, 1, 1
4, 2, 513, 239, 264, 286, 1, 1, 1
5, 2, 542, 239, 210, 291, 1, 1, 1
6, 2, 432, 238, 281, 295, 1, 1, 1
7, 2, 369, 289, 258, 251, 1, 1, 1
8, 2, 373, 243, 343, 302, 1, 1, 1
9, 2, 297, 237, 408, 320, 1, 1, 1
10, 2, 362, 261, 313, 290, 1, 1, 1
11, 2, 269, 259, 436, 274, 1, 1, 1
12, 2, 284, 343, 458, 213, 1, 1, 1
13, 2, 324, 342, 332, 229, 1, 1, 1
14, 2, 357, 333, 315, 250, 1, 1, 1
15, 2, 373, 287, 335, 309, 1, 1, 1
16, 2, 477, 324, 306, 294, 1, 1, 1
17, 2, 605, 416, 227, 203, 1, 1, 1
18, 2, 625, 394, 247, 226, 1, 1, 1
19, 2, 644, 404, 272, 208, 1, 1, 1
20, 2, 676, 379, 242, 249, 1, 1, 1
21, 2, 645, 325, 291, 296, 1, 1, 1
22, 2, 623, 336, 295, 277, 1, 1, 1
23, 2, 715, 297, 257, 315, 1, 1, 1
24, 2, 794, 393, 286, 235, 1, 1, 1
25, 2, 767, 350, 302, 279, 1, 1, 1
26, 2, 721, 366, 465, 265, 1, 1, 1
27, 2, 723, 321, 476, 310, 1, 1, 1
28, 2, 901, 307, 308, 316, 1, 1, 1
29, 2, 822, 388, 387, 238, 1, 1, 1
30, 2, 884, 357, 228, 265, 1, 1, 1
31, 2, 816, 350, 289, 274, 1, 1, 1
32, 2, 809, 354, 224, 260, 1, 1, 1
33, 2, 811, 364, 238, 249, 1, 1, 1
34, 2, 825, 357, 232, 243, 1, 1, 1
35, 2, 823, 353, 193, 242, 1, 1, 1
36, 2, 810, 347, 243, 265, 1, 1, 1
37, 2, 799, 338, 292, 279, 1, 1, 1
38, 2, 705, 394, 405, 225, 1, 1, 1
39, 2, 683, 375, 310, 243, 1, 1, 1
40, 2, 688, 398, 331, 220, 1, 1, 1
41, 2, 670, 346, 299, 283, 1, 1, 1
42, 2, 706, 312, 275, 296, 1, 1, 1
43, 2, 681, 372, 376, 240, 1, 1, 1
44, 2, 681, 426, 309, 191, 1, 1, 1
45, 2, 685, 421, 273, 190, 1, 1, 1
46, 2, 707, 410, 242, 204, 1, 1, 1
47, 2, 773, 342, 218, 283, 1, 1, 1
48, 2, 781, 412, 271, 209, 1, 1, 1
49, 2, 785, 436, 248, 207, 1, 1, 1
50, 2, 776, 427, 284, 202, 1, 1, 1
51, 2, 856, 416, 157, 231, 1, 1, 1
52, 2, 931, 399, 249, 245, 1, 1, 1
53, 2, 964, 334, 209, 316, 1, 1, 1
54, 2, 918, 314, 470, 306, 1, 1, 1
55, 2, 1061, 369, 402, 273, 1, 1, 1
56, 2, 1134, 345, 327, 309, 1, 1, 1
57, 2, 1144, 400, 288, 276, 1, 1, 1
58, 2, 1107, 357, 316, 326, 1, 1, 1
59, 2, 1085, 318, 329, 376, 1, 1, 1
60, 2, 1045, 329, 296, 374, 1, 1, 1
61, 2, 1101, 292, 395, 425, 1, 1, 1
62, 2, 1029, 341, 352, 376, 1, 1, 1
63, 2, 921, 282, 399, 479, 1, 1, 1
64, 2, 839, 226, 421, 534, 1, 1, 1
65, 2, 666, 306, 383, 470, 1, 1, 1
66, 2, 597, 248, 555, 561, 1, 1, 1
67, 2, 305, 182, 658, 705, 1, 1, 1
68, 2, 289, 257, 757, 662, 1, 1, 1
69, 2, 236, 211, 711, 698, 1, 1, 1
70, 2, 0, 286, 996, 618, 1, 1, 1
71, 2, 0, 407, 908, 565, 1, 1, 1
72, 2, 0, 499, 860, 472, 1, 1, 1
73, 2, 0, 477, 769, 488, 1, 1, 1
74, 2, 0, 468, 788, 504, 1, 1, 1
75, 2, 0, 296, 678, 645, 1, 1, 1
76, 2, 0, 393, 702, 569, 1, 1, 1
77, 2, 0, 531, 767, 440, 1, 1, 1
78, 2, 59, 451, 564, 484, 1, 1, 1
79, 2, 138, 385, 529, 576, 1, 1, 1
80, 2, 193, 362, 481, 567, 1, 1, 1
81, 2, 327, 362, 410, 569, 1, 1, 1
82, 2, 397, 271, 342, 623, 1, 1, 1
83, 2, 365, 364, 539, 553, 1, 1, 1
84, 2, 433, 423, 541, 464, 1, 1, 1
85, 2, 495, 278, 432, 606, 1, 1, 1
86, 2, 515, 270, 412, 599, 1, 1, 1
87, 2, 525, 272, 444, 609, 1, 1, 1
88, 2, 521, 381, 372, 519, 1, 1, 1
89, 2, 510, 253, 388, 656, 1, 1, 1
90, 2, 552, 277, 361, 663, 1, 1, 1
91, 2, 485, 501, 605, 462, 1, 1, 1
92, 2, 449, 482, 655, 490, 1, 1, 1
93, 2, 579, 337, 358, 635, 1, 1, 1
94, 2, 487, 389, 454, 583, 1, 1, 1
95, 2, 531, 336, 335, 636, 1, 1, 1
96, 2, 571, 393, 374, 577, 1, 1, 1
97, 2, 562, 581, 577, 391, 1, 1, 1
98, 2, 592, 579, 562, 393, 1, 1, 1
99, 2, 608, 457, 474, 515, 1, 1, 1
100, 2, 521, 516, 578, 456, 1, 1, 1
101, 2, 563, 460, 540, 511, 1, 1, 1
102, 2, 524, 393, 597, 546, 1, 1, 1
103, 2, 561, 364, 590, 521, 1, 1, 1
104, 2, 661, 361, 617, 444, 1, 1, 1
105, 2, 874, 67, 441, 750, 1, 1, 1
106, 2, 1136, 194, 729, 613, 1, 1, 1
107, 2, 1213, 218, 599, 636, 1, 1, 1
108, 2, 1111, 380, 809, 482, 1, 1, 1
109, 2, 1391, 245, 498, 623, 1, 1, 1
110, 2, 1337, 138, 563, 724, 1, 1, 1
111, 2, 1090, 213, 598, 567, 1, 1, 1
112, 2, 933, 72, 671, 745, 1, 1, 1
113, 2, 764, 341, 822, 510, 1, 1, 1
114, 2, 776, 362, 573, 490, 1, 1, 1
115, 2, 708, 173, 668, 670, 1, 1, 1
116, 2, 597, 189, 460, 677, 1, 1, 1
117, 2, 529, 193, 618, 682, 1, 1, 1
118, 2, 371, 185, 422, 770, 1, 1, 1
119, 2, 246, 172, 698, 713, 1, 1, 1
120, 2, 1, 141, 463, 779, 1, 1, 1
121, 2, 115, 153, 667, 725, 1, 1, 1
122, 2, 157, 124, 627, 748, 1, 1, 1
123, 2, 173, 228, 563, 636, 1, 1, 1
124, 2, 164, 127, 483, 784, 1, 1, 1
125, 2, 186, 306, 428, 599, 1, 1, 1
126, 2, 134, 297, 468, 617, 1, 1, 1
127, 2, 177, 301, 382, 608, 1, 1, 1
128, 2, 100, 314, 444, 539, 1, 1, 1
129, 2, 120, 213, 383, 646, 1, 1, 1
130, 2, 203, 219, 340, 632, 1, 1, 1
