24, 8, 0, 569, 40, 294, 1, 1, 1
25, 8, 0, 473, 49, 371, 1, 1, 1
26, 8, 0, 439, 62, 394, 1, 1, 1
27, 8, 0, 437, 84, 422, 1, 1, 1
28, 8, 0, 422, 110, 441, 1, 1, 1
29, 8, 0, 424, 148, 439, 1, 1, 1
30, 8, 0, 415, 191, 448, 1, 1, 1
31, 8, 0, 403, 247, 465, 1, 1, 1
32, 8, 0, 407, 282, 458, 1, 1, 1
33, 8, 0, 406, 369, 465, 1, 1, 1
34, 8, 0, 409, 430, 459, 1, 1, 1
35, 8, 0, 402, 482, 462, 1, 1, 1
36, 8, 0, 402, 523, 466, 1, 1, 1
37, 8, 0, 401, 539, 476, 1, 1, 1
38, 8, 0, 395, 595, 476, 1, 1, 1
39, 8, 0, 390, 671, 481, 1, 1, 1
40, 8, 40, 399, 694, 468, 1, 1, 1
41, 8, 46, 402, 728, 472, 1, 1, 1
42, 8, 55, 394, 735, 474, 1, 1, 1
43, 8, 115, 391, 738, 483, 1, 1, 1
44, 8, 218, 385, 679, 485, 1, 1, 1
45, 8, 229, 383, 718, 487, 1, 1, 1
46, 8, 214, 382, 780, 489, 1, 1, 1
47, 8, 300, 385, 759, 485, 1, 1, 1
48, 8, 405, 370, 701, 493, 1, 1, 1
49, 8, 462, 369, 696, 499, 1, 1, 1
50, 8, 472, 367, 732, 498, 1, 1, 1
