7, 5, 172, 63, 152, 183, 1, 1, 1
8, 5, 202, 69, 132, 164, 1, 1, 1
9, 5, 168, 70, 119, 166, 1, 1, 1
10, 5, 144, 50, 160, 217, 1, 1, 1
11, 5, 129, 54, 127, 194, 1, 1, 1
12, 5, 104, 71, 150, 186, 1, 1, 1
13, 5, 63, 71, 180, 193, 1, 1, 1
14, 5, 15, 78, 228, 181, 1, 1, 1
15, 5, 6, 77, 240, 186, 1, 1, 1
16, 5, 0, 81, 249, 181, 1, 1, 1
17, 5, 0, 83, 249, 176, 1, 1, 1
18, 5, 0, 81, 252, 185, 1, 1, 1
19, 5, 0, 82, 243, 180, 1, 1, 1
20, 5, 0, 79, 228, 185, 1, 1, 1
21, 5, 0, 79, 216, 195, 1, 1, 1
22, 5, 0, 80, 202, 188, 1, 1, 1
23, 5, 0, 79, 195, 191, 1, 1, 1
24, 5, 0, 76, 196, 203, 1, 1, 1
25, 5, 0, 74, 203, 187, 1, 1, 1
26, 5, 0, 80, 221, 180, 1, 1, 1
27, 5, 0, 81, 240, 187, 1, 1, 1
28, 5, 0, 84, 284, 184, 1, 1, 1
29, 5, 5, 87, 285, 188, 1, 1, 1
30, 5, 26, 79, 250, 204, 1, 1, 1
31, 5, 58, 80, 202, 217, 1, 1, 1
32, 5, 51, 82, 194, 219, 1, 1, 1
33, 5, 61, 81, 186, 221, 1, 1, 1
34, 5, 55, 85, 186, 221, 1, 1, 1
35, 5, 45, 83, 199, 222, 1, 1, 1
36, 5, 61, 83, 165, 221, 1, 1, 1
37, 5, 64, 88, 203, 224, 1, 1, 1
38, 5, 84, 87, 194, 213, 1, 1, 1
39, 5, 89, 85, 187, 216, 1, 1, 1
40, 5, 92, 97, 150, 210, 1, 1, 1
41, 5, 91, 89, 150, 216, 1, 1, 1
