11, 5, 392, 434, 89, 77, 1, 1, 1
12, 5, 376, 436, 101, 86, 1, 1, 1
13, 5, 363, 438, 108, 94, 1, 1, 1
14, 5, 357, 454, 98, 86, 1, 1, 1
15, 5, 350, 468, 96, 78, 1, 1, 1
16, 5, 347, 472, 92, 75, 1, 1, 1
17, 5, 336, 480, 95, 74, 1, 1, 1
18, 5, 331, 487, 91, 71, 1, 1, 1
19, 5, 325, 492, 92, 73, 1, 1, 1
20, 5, 323, 497, 92, 67, 1, 1, 1
21, 5, 317, 501, 95, 69, 1, 1, 1
22, 5, 311, 506, 90, 70, 1, 1, 1
23, 5, 307, 508, 95, 72, 1, 1, 1
24, 5, 305, 508, 98, 72, 1, 1, 1
25, 5, 301, 517, 88, 66, 1, 1, 1
26, 5, 299, 512, 93, 72, 1, 1, 1
27, 5, 294, 506, 106, 81, 1, 1, 1
28, 5, 289, 507, 106, 80, 1, 1, 1
29, 5, 284, 520, 92, 77, 1, 1, 1
30, 5, 287, 527, 66, 91, 1, 1, 1
31, 5, 268, 549, 82, 85, 1, 1, 1
32, 5, 262, 549, 85, 96, 1, 1, 1
33, 5, 259, 555, 81, 102, 1, 1, 1
34, 5, 253, 555, 81, 105, 1, 1, 1
35, 5, 250, 568, 76, 100, 1, 1, 1
36, 5, 235, 578, 84, 77, 1, 1, 1
37, 5, 209, 612, 109, 55, 1, 1, 1
38, 5, 194, 617, 110, 60, 1, 1, 1
39, 5, 184, 620, 123, 64, 1, 1, 1
40, 5, 178, 632, 111, 59, 1, 1, 1
41, 5, 174, 632, 117, 63, 1, 1, 1
42, 5, 157, 659, 118, 45, 1, 1, 1
43, 5, 125, 658, 120, 65, 1, 1, 1
44, 5, 106, 667, 131, 68, 1, 1, 1
45, 5, 92, 671, 132, 73, 1, 1, 1
46, 5, 96, 675, 103, 69, 1, 1, 1
