1, 6, 771, 97, 69, 204, 1, 1, 1
2, 6, 747, 100, 93, 200, 1, 1, 1
3, 6, 726, 102, 66, 83, 1, 1, 1
4, 6, 712, 102, 59, 79, 1, 1, 1
5, 6, 696, 106, 56, 69, 1, 1, 1
6, 6, 673, 107, 58, 59, 1, 1, 1
7, 6, 650, 111, 64, 50, 1, 1, 1
8, 6, 633, 110, 60, 191, 1, 1, 1
9, 6, 627, 111, 73, 183, 1, 1, 1
10, 6, 611, 111, 92, 185, 1, 1, 1
11, 6, 594, 113, 108, 182, 1, 1, 1
12, 6, 578, 110, 55, 186, 1, 1, 1
13, 6, 562, 111, 65, 184, 1, 1, 1
14, 6, 546, 112, 79, 182, 1, 1, 1
15, 6, 526, 111, 51, 175, 1, 1, 1
16, 6, 504, 113, 65, 176, 1, 1, 1
17, 6, 483, 116, 47, 181, 1, 1, 1
18, 6, 462, 117, 57, 171, 1, 1, 1
19, 6, 439, 119, 67, 174, 1, 1, 1
20, 6, 424, 119, 75, 167, 1, 1, 1
21, 6, 412, 113, 63, 183, 1, 1, 1
22, 6, 399, 113, 66, 193, 1, 1, 1
23, 6, 393, 112, 67, 200, 1, 1, 1
24, 6, 390, 110, 70, 199, 1, 1, 1
25, 6, 384, 110, 75, 200, 1, 1, 1
26, 6, 390, 114, 69, 185, 1, 1, 1
27, 6, 405, 112, 62, 187, 1, 1, 1
28, 6, 414, 113, 61, 190, 1, 1, 1
29, 6, 414, 113, 54, 189, 1, 1, 1
30, 6, 421, 109, 59, 196, 1, 1, 1
31, 6, 421, 111, 80, 190, 1, 1, 1
32, 6, 430, 111, 94, 188, 1, 1, 1
33, 6, 502, 108, 45, 192, 1, 1, 1
34, 6, 527, 108, 71, 193, 1, 1, 1
35, 6, 559, 102, 60, 196, 1, 1, 1
36, 6, 574, 71, 94, 226, 1, 1, 1
37, 6, 620, 83, 80, 87, 1, 1, 1
38, 6, 648, 104, 72, 198, 1, 1, 1
39, 6, 674, 106, 83, 198, 1, 1, 1
40, 6, 677, 100, 78, 204, 1, 1, 1
41, 6, 693, 100, 77, 205, 1, 1, 1
42, 6, 715, 99, 109, 204, 1, 1, 1
43, 6, 721, 98, 98, 214, 1, 1, 1
44, 6, 740, 93, 86, 220, 1, 1, 1
45, 6, 704, 89, 152, 225, 1, 1, 1
46, 6, 691, 90, 186, 222, 1, 1, 1
47, 6, 687, 94, 180, 219, 1, 1, 1
48, 6, 660, 99, 166, 221, 1, 1, 1
49, 6, 673, 97, 117, 222, 1, 1, 1
50, 6, 628, 100, 165, 220, 1, 1, 1
51, 6, 607, 103, 177, 229, 1, 1, 1
52, 6, 631, 103, 105, 228, 1, 1, 1
53, 6, 654, 103, 63, 228, 1, 1, 1
54, 6, 607, 101, 98, 228, 1, 1, 1
55, 6, 587, 102, 104, 229, 1, 1, 1
56, 6, 570, 108, 117, 223, 1, 1, 1
57, 6, 527, 104, 147, 230, 1, 1, 1
58, 6, 495, 103, 162, 230, 1, 1, 1
59, 6, 498, 102, 151, 240, 1, 1, 1
60, 6, 521, 102, 119, 240, 1, 1, 1
61, 6, 494, 103, 99, 240, 1, 1, 1
62, 6, 443, 104, 94, 241, 1, 1, 1
63, 6, 394, 103, 86, 246, 1, 1, 1
64, 6, 352, 94, 71, 254, 1, 1, 1
65, 6, 315, 86, 62, 256, 1, 1, 1
66, 6, 265, 81, 104, 255, 1, 1, 1
67, 6, 223, 75, 142, 256, 1, 1, 1
68, 6, 224, 62, 107, 253, 1, 1, 1
69, 6, 251, 55, 69, 259, 1, 1, 1
70, 6, 275, 57, 101, 252, 1, 1, 1
71, 6, 279, 58, 121, 256, 1, 1, 1
72, 6, 313, 53, 93, 260, 1, 1, 1
73, 6, 331, 50, 125, 264, 1, 1, 1
74, 6, 338, 50, 146, 262, 1, 1, 1
75, 6, 335, 20, 137, 296, 1, 1, 1
76, 6, 337, 29, 158, 289, 1, 1, 1
77, 6, 332, 49, 178, 268, 1, 1, 1
