3, 2, 396, 326, 198, 110, 1, 1, 1
4, 2, 406, 326, 195, 110, 1, 1, 1
5, 2, 408, 323, 207, 117, 1, 1, 1
6, 2, 415, 329, 204, 108, 1, 1, 1
7, 2, 418, 328, 201, 109, 1, 1, 1
8, 4, 177, 319, 192, 114, 1, 1, 1
9, 4, 205, 319, 175, 120, 1, 1, 1
10, 4, 228, 320, 163, 122, 1, 1, 1
11, 4, 247, 321, 159, 122, 1, 1, 1
12, 4, 274, 318, 145, 125, 1, 1, 1
13, 4, 289, 318, 141, 123, 1, 1, 1
14, 4, 306, 317, 139, 124, 1, 1, 1
15, 4, 318, 317, 132, 126, 1, 1, 1
16, 4, 319, 313, 130, 129, 1, 1, 1
17, 4, 324, 320, 132, 124, 1, 1, 1
18, 4, 334, 317, 183, 127, 1, 1, 1
19, 4, 338, 305, 130, 138, 1, 1, 1
20, 4, 341, 316, 120, 126, 1, 1, 1
21, 4, 343, 318, 130, 123, 1, 1, 1
22, 4, 343, 317, 122, 124, 1, 1, 1
23, 4, 343, 317, 134, 124, 1, 1, 1
24, 4, 345, 317, 127, 125, 1, 1, 1
25, 4, 345, 318, 125, 123, 1, 1, 1
26, 4, 345, 316, 131, 127, 1, 1, 1
27, 4, 346, 317, 118, 124, 1, 1, 1
28, 4, 344, 316, 142, 125, 1, 1, 1
29, 4, 344, 318, 122, 124, 1, 1, 1
30, 4, 347, 318, 131, 123, 1, 1, 1
31, 4, 347, 318, 129, 124, 1, 1, 1
32, 4, 341, 318, 149, 122, 1, 1, 1
33, 4, 349, 318, 143, 123, 1, 1, 1
34, 4, 353, 318, 131, 122, 1, 1, 1
35, 4, 368, 318, 136, 124, 1, 1, 1
36, 4, 374, 317, 138, 126, 1, 1, 1
37, 4, 386, 316, 127, 125, 1, 1, 1
38, 4, 385, 314, 139, 129, 1, 1, 1
39, 4, 403, 317, 131, 124, 1, 1, 1
40, 4, 403, 317, 161, 124, 1, 1, 1
41, 4, 406, 317, 164, 123, 1, 1, 1
42, 4, 413, 312, 179, 126, 1, 1, 1
38, 1, 545, 334, 191, 115, 1, 1, 1
39, 1, 544, 333, 185, 112, 1, 1, 1
40, 1, 567, 332, 151, 113, 1, 1, 1
41, 1, 572, 334, 146, 112, 1, 1, 1
42, 1, 572, 328, 158, 107, 1, 1, 1
