1, 2, 1281, 517, 303, 488, 1, 1, 1
2, 2, 1273, 500, 285, 533, 1, 1, 1
3, 2, 1268, 509, 286, 489, 1, 1, 1
4, 2, 1265, 515, 298, 529, 1, 1, 1
5, 2, 1276, 512, 280, 535, 1, 1, 1
6, 2, 1267, 513, 258, 544, 1, 1, 1
7, 2, 1245, 489, 269, 561, 1, 1, 1
8, 2, 1250, 510, 266, 540, 1, 1, 1
9, 2, 1248, 531, 266, 511, 1, 1, 1
10, 2, 1244, 518, 265, 533, 1, 1, 1
11, 2, 1163, 502, 333, 546, 1, 1, 1
12, 2, 1081, 513, 387, 536, 1, 1, 1
13, 2, 1044, 519, 391, 540, 1, 1, 1
14, 2, 1027, 509, 387, 541, 1, 1, 1
15, 2, 1049, 539, 336, 510, 1, 1, 1
16, 2, 1045, 515, 328, 537, 1, 1, 1
17, 2, 1030, 516, 335, 514, 1, 1, 1
18, 2, 1020, 512, 346, 504, 1, 1, 1
19, 2, 980, 524, 372, 554, 1, 1, 1
20, 2, 979, 508, 360, 518, 1, 1, 1
21, 2, 1002, 507, 334, 511, 1, 1, 1
22, 2, 847, 520, 422, 503, 1, 1, 1
23, 2, 798, 517, 441, 563, 1, 1, 1
24, 2, 758, 506, 434, 511, 1, 1, 1
25, 2, 725, 512, 436, 555, 1, 1, 1
26, 2, 814, 518, 334, 562, 1, 1, 1
27, 2, 703, 519, 509, 561, 1, 1, 1
28, 2, 700, 514, 426, 566, 1, 1, 1
29, 2, 707, 517, 420, 563, 1, 1, 1
30, 2, 701, 514, 405, 566, 1, 1, 1
31, 2, 684, 516, 411, 564, 1, 1, 1
32, 2, 624, 529, 454, 551, 1, 1, 1
33, 2, 639, 527, 405, 553, 1, 1, 1
34, 2, 647, 523, 344, 553, 1, 1, 1
35, 2, 633, 527, 328, 548, 1, 1, 1
36, 2, 629, 548, 317, 532, 1, 1, 1
37, 2, 616, 544, 331, 536, 1, 1, 1
38, 2, 605, 544, 331, 536, 1, 1, 1
39, 2, 585, 524, 347, 556, 1, 1, 1
40, 2, 536, 532, 385, 548, 1, 1, 1
41, 2, 440, 522, 460, 558, 1, 1, 1
42, 2, 386, 531, 484, 549, 1, 1, 1
43, 2, 345, 523, 522, 557, 1, 1, 1
44, 2, 319, 524, 495, 556, 1, 1, 1
45, 2, 300, 502, 495, 578, 1, 1, 1
46, 2, 239, 508, 546, 572, 1, 1, 1
47, 2, 254, 518, 528, 562, 1, 1, 1
