24, 2, 609, 1, 775, 1079, 1, 1, 1
25, 2, 661, 12, 774, 1068, 1, 1, 1
26, 2, 789, 0, 647, 1080, 1, 1, 1
27, 2, 740, 2, 691, 1078, 1, 1, 1
28, 2, 648, 2, 783, 1078, 1, 1, 1
29, 2, 490, 46, 887, 1034, 1, 1, 1
30, 2, 465, 65, 895, 1015, 1, 1, 1
31, 2, 487, 48, 878, 1032, 1, 1, 1
32, 2, 483, 63, 860, 1017, 1, 1, 1
33, 2, 476, 52, 860, 1028, 1, 1, 1
34, 2, 462, 42, 898, 1038, 1, 1, 1
35, 2, 473, 49, 888, 1031, 1, 1, 1
36, 2, 508, 26, 856, 1054, 1, 1, 1
37, 2, 520, 31, 860, 1049, 1, 1, 1
38, 2, 499, 25, 880, 1055, 1, 1, 1
39, 2, 472, 15, 911, 1065, 1, 1, 1
40, 2, 474, 16, 906, 1064, 1, 1, 1
41, 2, 488, 7, 896, 1073, 1, 1, 1
42, 2, 473, 9, 908, 1071, 1, 1, 1
43, 2, 396, 0, 985, 1080, 1, 1, 1
44, 2, 345, 1, 1047, 1079, 1, 1, 1
45, 2, 333, 0, 1076, 1080, 1, 1, 1
46, 2, 362, 0, 1035, 1080, 1, 1, 1
47, 2, 424, 2, 1006, 1078, 1, 1, 1
48, 2, 324, 19, 1218, 1061, 1, 1, 1
49, 2, 192, 0, 1420, 1080, 1, 1, 1
50, 2, 166, 0, 1485, 1080, 1, 1, 1
51, 2, 129, 0, 1511, 1080, 1, 1, 1
52, 2, 103, 0, 1528, 1080, 1, 1, 1
53, 2, 91, 0, 1533, 1080, 1, 1, 1
54, 2, 66, 0, 1560, 1080, 1, 1, 1
55, 2, 68, 0, 1553, 1080, 1, 1, 1
56, 2, 68, 0, 1544, 1080, 1, 1, 1
57, 2, 56, 0, 1538, 1080, 1, 1, 1
58, 2, 42, 0, 1557, 1080, 1, 1, 1
59, 2, 36, 0, 1579, 1080, 1, 1, 1
60, 2, 45, 0, 1570, 1080, 1, 1, 1
61, 2, 42, 0, 1582, 1080, 1, 1, 1
62, 2, 28, 0, 1591, 1080, 1, 1, 1
63, 2, 39, 0, 1580, 1080, 1, 1, 1
64, 2, 54, 0, 1567, 1080, 1, 1, 1
65, 2, 56, 0, 1567, 1080, 1, 1, 1
66, 2, 75, 0, 1550, 1080, 1, 1, 1
67, 2, 67, 0, 1559, 1080, 1, 1, 1
68, 2, 49, 0, 1577, 1080, 1, 1, 1
69, 2, 0, 0, 1628, 1080, 1, 1, 1
70, 2, 0, 0, 1606, 1080, 1, 1, 1
71, 2, 0, 0, 1635, 1080, 1, 1, 1
72, 2, 0, 0, 1620, 1080, 1, 1, 1
73, 2, 0, 0, 1623, 1080, 1, 1, 1
74, 2, 0, 0, 1620, 1080, 1, 1, 1
75, 2, 0, 0, 1647, 1080, 1, 1, 1
76, 2, 0, 0, 1509, 1080, 1, 1, 1
77, 2, 0, 0, 1606, 1080, 1, 1, 1
78, 2, 0, 0, 1528, 1080, 1, 1, 1
