47, 7, 893, 127, 154, 235, 1, 1, 1
48, 7, 894, 131, 154, 232, 1, 1, 1
49, 7, 897, 133, 151, 230, 1, 1, 1
50, 7, 898, 130, 150, 232, 1, 1, 1
51, 7, 898, 136, 151, 230, 1, 1, 1
52, 7, 901, 138, 144, 225, 1, 1, 1
53, 7, 900, 139, 147, 224, 1, 1, 1
54, 7, 901, 141, 145, 224, 1, 1, 1
55, 7, 906, 146, 142, 216, 1, 1, 1
56, 7, 909, 142, 137, 222, 1, 1, 1
57, 7, 914, 134, 134, 224, 1, 1, 1
115, 10, 1158, 400, 205, 276, 1, 1, 1
116, 10, 1159, 382, 209, 297, 1, 1, 1
117, 10, 1158, 372, 222, 308, 1, 1, 1
118, 10, 1157, 376, 223, 305, 1, 1, 1
119, 10, 1158, 374, 217, 308, 1, 1, 1
120, 10, 1156, 373, 214, 307, 1, 1, 1
121, 10, 1156, 373, 206, 305, 1, 1, 1
122, 10, 1157, 372, 203, 306, 1, 1, 1
123, 10, 1159, 370, 197, 308, 1, 1, 1
124, 10, 1158, 372, 195, 308, 1, 1, 1
125, 10, 1160, 371, 187, 309, 1, 1, 1
126, 10, 1158, 372, 183, 308, 1, 1, 1
127, 10, 1158, 397, 202, 281, 1, 1, 1
121, 11, 1629, 384, 263, 198, 1, 1, 1
122, 11, 1632, 385, 262, 199, 1, 1, 1
123, 11, 1633, 378, 262, 204, 1, 1, 1
124, 11, 1631, 371, 268, 211, 1, 1, 1
125, 11, 1633, 366, 271, 216, 1, 1, 1
126, 11, 1638, 357, 271, 225, 1, 1, 1
127, 11, 1645, 356, 269, 227, 1, 1, 1
128, 11, 1656, 353, 257, 232, 1, 1, 1
129, 11, 1658, 347, 256, 233, 1, 1, 1
130, 11, 1658, 357, 258, 227, 1, 1, 1
131, 11, 1658, 392, 251, 189, 1, 1, 1
132, 11, 1670, 391, 238, 197, 1, 1, 1
