9, 4, 286, 182, 165, 97, 1, 1, 1
10, 4, 278, 186, 162, 96, 1, 1, 1
11, 4, 270, 186, 157, 97, 1, 1, 1
12, 4, 279, 183, 172, 102, 1, 1, 1
13, 4, 279, 187, 171, 103, 1, 1, 1
14, 4, 271, 191, 181, 102, 1, 1, 1
15, 4, 276, 199, 164, 100, 1, 1, 1
16, 4, 284, 195, 154, 103, 1, 1, 1
17, 4, 282, 193, 157, 102, 1, 1, 1
18, 4, 264, 183, 176, 103, 1, 1, 1
19, 4, 260, 175, 184, 107, 1, 1, 1
20, 4, 243, 151, 187, 119, 1, 1, 1
21, 4, 252, 157, 190, 115, 1, 1, 1
22, 4, 256, 153, 197, 110, 1, 1, 1
23, 4, 232, 141, 188, 106, 1, 1, 1
24, 4, 213, 160, 198, 103, 1, 1, 1
25, 4, 203, 168, 199, 99, 1, 1, 1
26, 4, 193, 167, 198, 98, 1, 1, 1
27, 4, 182, 167, 195, 99, 1, 1, 1
28, 4, 192, 171, 210, 98, 1, 1, 1
29, 4, 204, 174, 194, 96, 1, 1, 1
30, 4, 218, 178, 181, 95, 1, 1, 1
31, 4, 232, 173, 189, 94, 1, 1, 1
32, 4, 238, 174, 187, 95, 1, 1, 1
33, 4, 242, 172, 182, 96, 1, 1, 1
34, 4, 253, 175, 177, 96, 1, 1, 1
35, 4, 249, 175, 181, 97, 1, 1, 1
36, 4, 255, 176, 181, 95, 1, 1, 1
37, 4, 255, 181, 178, 99, 1, 1, 1
38, 4, 263, 189, 170, 99, 1, 1, 1
39, 4, 259, 182, 171, 99, 1, 1, 1
40, 4, 281, 174, 170, 101, 1, 1, 1
41, 4, 281, 167, 173, 97, 1, 1, 1
