23, 4, 970, 0, 358, 430, 1, 1, 1
24, 4, 959, 0, 364, 432, 1, 1, 1
25, 4, 932, 14, 397, 415, 1, 1, 1
26, 4, 912, 47, 434, 380, 1, 1, 1
27, 4, 877, 109, 472, 347, 1, 1, 1
28, 4, 865, 143, 456, 339, 1, 1, 1
29, 4, 854, 141, 467, 361, 1, 1, 1
30, 4, 845, 139, 469, 354, 1, 1, 1
31, 4, 829, 144, 475, 347, 1, 1, 1
32, 4, 853, 144, 444, 337, 1, 1, 1
33, 4, 874, 150, 416, 325, 1, 1, 1
34, 4, 868, 147, 388, 353, 1, 1, 1
35, 4, 835, 150, 414, 345, 1, 1, 1
36, 4, 864, 154, 359, 356, 1, 1, 1
37, 4, 876, 155, 337, 361, 1, 1, 1
38, 4, 867, 149, 348, 353, 1, 1, 1
39, 4, 842, 144, 381, 352, 1, 1, 1
40, 4, 829, 144, 397, 353, 1, 1, 1
41, 4, 828, 123, 388, 374, 1, 1, 1
42, 4, 839, 133, 374, 343, 1, 1, 1
43, 4, 844, 125, 369, 347, 1, 1, 1
44, 4, 833, 129, 386, 343, 1, 1, 1
45, 4, 818, 143, 386, 297, 1, 1, 1
46, 4, 803, 163, 407, 438, 1, 1, 1
47, 4, 799, 160, 408, 434, 1, 1, 1
48, 4, 796, 130, 415, 462, 1, 1, 1
49, 4, 817, 172, 388, 430, 1, 1, 1
50, 4, 798, 178, 408, 417, 1, 1, 1
51, 4, 792, 191, 416, 420, 1, 1, 1
52, 4, 800, 207, 407, 418, 1, 1, 1
53, 4, 794, 208, 411, 354, 1, 1, 1
54, 4, 791, 206, 414, 338, 1, 1, 1
55, 4, 754, 204, 426, 331, 1, 1, 1
56, 4, 721, 210, 415, 307, 1, 1, 1
57, 4, 709, 207, 375, 291, 1, 1, 1
58, 4, 711, 210, 364, 275, 1, 1, 1
59, 4, 709, 209, 369, 291, 1, 1, 1
60, 4, 700, 223, 375, 283, 1, 1, 1
