1, 2, 0, 392, 473, 156, 1, 1, 1
2, 2, 0, 387, 451, 160, 1, 1, 1
3, 2, 0, 387, 417, 168, 1, 1, 1
4, 2, 0, 386, 374, 170, 1, 1, 1
5, 2, 0, 383, 325, 161, 1, 1, 1
6, 2, 0, 379, 270, 167, 1, 1, 1
7, 2, 0, 378, 210, 171, 1, 1, 1
8, 2, 0, 389, 140, 165, 1, 1, 1
9, 2, 0, 420, 66, 107, 1, 1, 1
1, 1, 0, 403, 51, 112, 1, 1, 1
2, 1, 0, 392, 62, 61, 1, 1, 1
3, 1, 0, 394, 51, 47, 1, 1, 1
4, 1, 0, 394, 21, 31, 1, 1, 1
9, 1, 0, 389, 66, 81, 1, 1, 1
10, 1, 0, 389, 68, 124, 1, 1, 1
11, 1, 0, 387, 79, 129, 1, 1, 1
12, 1, 0, 384, 87, 131, 1, 1, 1
13, 1, 0, 381, 56, 25, 1, 1, 1
17, 1, 0, 378, 105, 132, 1, 1, 1
18, 1, 0, 378, 106, 132, 1, 1, 1
19, 1, 0, 378, 109, 132, 1, 1, 1
20, 1, 0, 378, 110, 131, 1, 1, 1
21, 1, 0, 375, 114, 132, 1, 1, 1
22, 1, 0, 373, 120, 132, 1, 1, 1
26, 1, 0, 364, 104, 132, 1, 1, 1
27, 1, 0, 364, 103, 132, 1, 1, 1
28, 1, 0, 360, 106, 133, 1, 1, 1
29, 1, 0, 359, 100, 132, 1, 1, 1
30, 1, 0, 354, 97, 131, 1, 1, 1
31, 1, 0, 350, 96, 132, 1, 1, 1
32, 1, 0, 350, 98, 131, 1, 1, 1
33, 1, 0, 348, 93, 134, 1, 1, 1
34, 1, 0, 354, 90, 133, 1, 1, 1
35, 1, 0, 353, 84, 131, 1, 1, 1
36, 1, 0, 352, 77, 130, 1, 1, 1
37, 1, 0, 355, 73, 127, 1, 1, 1
38, 1, 0, 355, 66, 122, 1, 1, 1
39, 1, 0, 355, 61, 112, 1, 1, 1
40, 1, 0, 366, 21, 12, 1, 1, 1
