2, 2, 386, 260, 112, 210, 1, 1, 1
3, 2, 394, 267, 123, 201, 1, 1, 1
4, 2, 390, 272, 137, 199, 1, 1, 1
5, 2, 415, 272, 122, 184, 1, 1, 1
6, 2, 417, 262, 108, 185, 1, 1, 1
7, 2, 428, 255, 100, 192, 1, 1, 1
8, 2, 422, 248, 111, 196, 1, 1, 1
9, 2, 421, 246, 138, 243, 1, 1, 1
10, 2, 429, 246, 107, 227, 1, 1, 1
11, 2, 433, 249, 110, 188, 1, 1, 1
12, 2, 441, 252, 105, 183, 1, 1, 1
13, 2, 452, 260, 94, 192, 1, 1, 1
14, 2, 447, 251, 99, 236, 1, 1, 1
15, 2, 435, 241, 109, 241, 1, 1, 1
16, 2, 436, 235, 108, 244, 1, 1, 1
17, 2, 434, 232, 116, 240, 1, 1, 1
18, 2, 451, 231, 101, 195, 1, 1, 1
19, 2, 446, 233, 109, 250, 1, 1, 1
20, 2, 457, 237, 103, 270, 1, 1, 1
21, 2, 449, 243, 112, 251, 1, 1, 1
22, 2, 466, 249, 93, 241, 1, 1, 1
23, 2, 477, 243, 82, 244, 1, 1, 1
24, 2, 487, 234, 81, 197, 1, 1, 1
25, 2, 481, 230, 94, 255, 1, 1, 1
26, 2, 489, 222, 95, 258, 1, 1, 1
27, 2, 508, 223, 77, 201, 1, 1, 1
28, 2, 503, 224, 83, 262, 1, 1, 1
29, 2, 507, 230, 82, 275, 1, 1, 1
30, 2, 542, 235, 48, 151, 1, 1, 1
31, 2, 554, 318, 13, 53, 1, 1, 1
32, 2, 560, 315, 6, 23, 1, 1, 1
33, 2, 672, 452, 24, 20, 1, 1, 1
34, 2, 667, 426, 35, 45, 1, 1, 1
35, 2, 628, 215, 74, 269, 1, 1, 1
36, 2, 635, 220, 70, 269, 1, 1, 1
37, 2, 638, 222, 51, 110, 1, 1, 1
38, 2, 644, 228, 90, 270, 1, 1, 1
39, 2, 657, 235, 80, 266, 1, 1, 1
40, 2, 669, 237, 82, 264, 1, 1, 1
41, 2, 663, 230, 95, 263, 1, 1, 1
42, 2, 662, 224, 93, 259, 1, 1, 1
43, 2, 660, 217, 97, 259, 1, 1, 1
44, 2, 657, 208, 101, 271, 1, 1, 1
45, 2, 653, 205, 103, 272, 1, 1, 1
46, 2, 647, 210, 111, 273, 1, 1, 1
47, 2, 642, 212, 124, 276, 1, 1, 1
48, 2, 636, 217, 127, 272, 1, 1, 1
49, 2, 640, 216, 128, 267, 1, 1, 1
50, 2, 638, 204, 140, 272, 1, 1, 1
51, 2, 632, 195, 138, 271, 1, 1, 1
52, 2, 622, 189, 140, 271, 1, 1, 1
53, 2, 626, 183, 132, 280, 1, 1, 1
54, 2, 624, 181, 133, 285, 1, 1, 1
55, 2, 619, 182, 144, 289, 1, 1, 1
56, 2, 633, 192, 141, 288, 1, 1, 1
57, 2, 647, 197, 137, 280, 1, 1, 1
58, 2, 641, 198, 144, 278, 1, 1, 1
59, 2, 642, 186, 144, 277, 1, 1, 1
60, 2, 637, 175, 145, 277, 1, 1, 1
