1, 2, 981, 194, 604, 708, 1, 1, 1
2, 2, 1055, 147, 521, 740, 1, 1, 1
3, 2, 540, 221, 1014, 765, 1, 1, 1
4, 2, 511, 194, 990, 805, 1, 1, 1
5, 2, 490, 160, 998, 842, 1, 1, 1
6, 2, 457, 125, 1010, 904, 1, 1, 1
7, 2, 436, 195, 1022, 879, 1, 1, 1
8, 2, 402, 420, 1146, 660, 1, 1, 1
9, 2, 146, 609, 1497, 471, 1, 1, 1
10, 2, 335, 500, 1275, 580, 1, 1, 1
11, 2, 468, 467, 1237, 613, 1, 1, 1
12, 2, 733, 459, 1181, 621, 1, 1, 1
13, 2, 909, 411, 1004, 669, 1, 1, 1
14, 2, 946, 470, 973, 610, 1, 1, 1
15, 2, 818, 288, 1102, 792, 1, 1, 1
16, 2, 588, 296, 1070, 784, 1, 1, 1
17, 2, 474, 285, 1079, 795, 1, 1, 1
18, 2, 327, 208, 1114, 872, 1, 1, 1
19, 2, 55, 77, 1308, 968, 1, 1, 1
20, 2, 0, 124, 1266, 947, 1, 1, 1
21, 2, 0, 103, 1183, 918, 1, 1, 1
22, 2, 0, 48, 1175, 940, 1, 1, 1
23, 2, 0, 0, 1080, 846, 1, 1, 1
24, 2, 0, 0, 1065, 928, 1, 1, 1
25, 2, 0, 55, 1137, 940, 1, 1, 1
26, 2, 0, 31, 1168, 1028, 1, 1, 1
27, 2, 38, 73, 1157, 894, 1, 1, 1
28, 2, 0, 61, 1274, 908, 1, 1, 1
29, 2, 0, 61, 1199, 956, 1, 1, 1
30, 2, 0, 100, 1129, 911, 1, 1, 1
31, 2, 0, 54, 1053, 952, 1, 1, 1
32, 2, 0, 0, 968, 1039, 1, 1, 1
33, 2, 0, 0, 952, 1080, 1, 1, 1
34, 2, 174, 139, 744, 941, 1, 1, 1
35, 2, 305, 97, 875, 983, 1, 1, 1
36, 2, 290, 60, 943, 1019, 1, 1, 1
37, 2, 308, 0, 1014, 1080, 1, 1, 1
38, 2, 0, 80, 1366, 1000, 1, 1, 1
39, 2, 0, 241, 1487, 839, 1, 1, 1
40, 2, 132, 157, 1300, 923, 1, 1, 1
41, 2, 0, 290, 1477, 790, 1, 1, 1
42, 2, 0, 55, 1577, 1011, 1, 1, 1
43, 2, 0, 0, 1619, 1080, 1, 1, 1
44, 2, 225, 0, 1651, 944, 1, 1, 1
45, 2, 402, 56, 1518, 848, 1, 1, 1
46, 2, 411, 22, 1506, 896, 1, 1, 1
47, 2, 400, 0, 1520, 876, 1, 1, 1
48, 2, 601, 0, 1303, 701, 1, 1, 1
49, 2, 719, 0, 1201, 683, 1, 1, 1
50, 2, 830, 0, 933, 766, 1, 1, 1
51, 2, 854, 0, 1065, 842, 1, 1, 1
52, 2, 752, 0, 906, 909, 1, 1, 1
53, 2, 613, 0, 995, 1080, 1, 1, 1
54, 2, 471, 0, 1175, 1080, 1, 1, 1
55, 2, 381, 242, 857, 838, 1, 1, 1
56, 2, 377, 313, 688, 767, 1, 1, 1
57, 2, 483, 347, 629, 733, 1, 1, 1
58, 2, 694, 350, 674, 730, 1, 1, 1
59, 2, 803, 436, 606, 644, 1, 1, 1
60, 2, 986, 503, 457, 577, 1, 1, 1
61, 2, 1004, 547, 610, 533, 1, 1, 1
62, 2, 980, 578, 636, 502, 1, 1, 1
63, 2, 924, 563, 717, 517, 1, 1, 1
64, 2, 885, 451, 616, 629, 1, 1, 1
65, 2, 891, 358, 651, 711, 1, 1, 1
66, 2, 921, 332, 929, 704, 1, 1, 1
67, 2, 797, 276, 1047, 804, 1, 1, 1
68, 2, 594, 394, 1326, 686, 1, 1, 1
69, 2, 471, 517, 1449, 563, 1, 1, 1
70, 2, 19, 468, 1901, 612, 1, 1, 1
71, 2, 0, 428, 1875, 652, 1, 1, 1
72, 2, 122, 2, 1798, 1019, 1, 1, 1
73, 2, 76, 247, 1416, 811, 1, 1, 1
74, 2, 0, 304, 1401, 776, 1, 1, 1
75, 2, 0, 325, 1317, 755, 1, 1, 1
76, 2, 0, 279, 1338, 801, 1, 1, 1
77, 2, 0, 317, 1323, 763, 1, 1, 1
78, 2, 0, 349, 1353, 731, 1, 1, 1
79, 2, 0, 398, 1373, 682, 1, 1, 1
80, 2, 0, 379, 1303, 701, 1, 1, 1
81, 2, 0, 280, 1205, 800, 1, 1, 1
82, 2, 0, 211, 1257, 869, 1, 1, 1
83, 2, 238, 339, 1213, 741, 1, 1, 1
84, 2, 129, 496, 1448, 584, 1, 1, 1
85, 2, 292, 480, 1322, 600, 1, 1, 1
86, 2, 204, 23, 1440, 1057, 1, 1, 1
87, 2, 199, 10, 1378, 1070, 1, 1, 1
88, 2, 351, 492, 1075, 588, 1, 1, 1
89, 2, 403, 502, 895, 578, 1, 1, 1
90, 2, 436, 378, 808, 702, 1, 1, 1
91, 2, 412, 353, 883, 727, 1, 1, 1
92, 2, 369, 325, 933, 755, 1, 1, 1
93, 2, 414, 352, 877, 728, 1, 1, 1
94, 2, 428, 302, 880, 778, 1, 1, 1
95, 2, 112, 272, 1208, 808, 1, 1, 1
96, 2, 73, 254, 1237, 826, 1, 1, 1
97, 2, 429, 291, 908, 789, 1, 1, 1
98, 2, 87, 209, 1313, 870, 1, 1, 1
99, 2, 181, 120, 1294, 960, 1, 1, 1
100, 2, 182, 137, 1357, 943, 1, 1, 1
101, 2, 50, 131, 1565, 949, 1, 1, 1
102, 2, 84, 14, 1517, 1065, 1, 1, 1
103, 2, 43, 101, 1542, 979, 1, 1, 1
104, 2, 0, 147, 1533, 933, 1, 1, 1
105, 2, 0, 48, 1433, 1032, 1, 1, 1
106, 2, 0, 175, 1519, 905, 1, 1, 1
107, 2, 0, 55, 1474, 1025, 1, 1, 1
108, 2, 0, 167, 1486, 913, 1, 1, 1
109, 2, 0, 449, 1810, 631, 1, 1, 1
110, 2, 0, 468, 1713, 612, 1, 1, 1
111, 2, 0, 333, 1639, 747, 1, 1, 1
112, 2, 264, 195, 1403, 885, 1, 1, 1
113, 2, 331, 125, 1380, 939, 1, 1, 1
114, 2, 296, 107, 1267, 973, 1, 1, 1
115, 2, 222, 12, 1422, 1068, 1, 1, 1
116, 2, 0, 0, 1630, 1051, 1, 1, 1
117, 2, 291, 0, 1440, 901, 1, 1, 1
118, 2, 233, 0, 1268, 781, 1, 1, 1
119, 2, 0, 0, 1532, 581, 1, 1, 1
120, 2, 103, 0, 1365, 527, 1, 1, 1
121, 2, 0, 0, 1510, 503, 1, 1, 1
122, 2, 294, 0, 1069, 651, 1, 1, 1
123, 2, 298, 0, 1118, 822, 1, 1, 1
124, 2, 514, 0, 605, 953, 1, 1, 1
125, 2, 551, 1, 718, 985, 1, 1, 1
126, 2, 661, 0, 795, 973, 1, 1, 1
127, 2, 589, 27, 970, 967, 1, 1, 1
128, 2, 765, 162, 878, 720, 1, 1, 1
129, 2, 638, 230, 1282, 849, 1, 1, 1
130, 2, 294, 379, 1142, 701, 1, 1, 1
131, 2, 192, 287, 1227, 793, 1, 1, 1
132, 2, 1, 42, 1492, 1038, 1, 1, 1
133, 2, 0, 0, 1501, 1080, 1, 1, 1
134, 2, 16, 0, 1870, 1080, 1, 1, 1
135, 2, 0, 0, 1742, 1080, 1, 1, 1
136, 2, 0, 0, 1474, 1040, 1, 1, 1
137, 2, 0, 0, 1302, 1080, 1, 1, 1
138, 2, 0, 0, 1253, 1027, 1, 1, 1
139, 2, 0, 0, 1116, 889, 1, 1, 1
140, 2, 0, 0, 1226, 1049, 1, 1, 1
141, 2, 159, 0, 1439, 1080, 1, 1, 1
142, 2, 118, 0, 1509, 1080, 1, 1, 1
143, 2, 183, 0, 1415, 929, 1, 1, 1
144, 2, 532, 0, 387, 867, 1, 1, 1
145, 2, 519, 0, 507, 513, 1, 1, 1
146, 2, 935, 0, 400, 896, 1, 1, 1
147, 2, 968, 0, 421, 791, 1, 1, 1
148, 2, 1035, 0, 364, 1026, 1, 1, 1
149, 2, 1122, 0, 330, 964, 1, 1, 1
150, 2, 1181, 0, 405, 898, 1, 1, 1
151, 2, 1159, 1, 269, 868, 1, 1, 1
152, 2, 1101, 14, 310, 865, 1, 1, 1
153, 2, 1059, 251, 323, 497, 1, 1, 1
154, 2, 725, 0, 605, 903, 1, 1, 1
155, 2, 687, 0, 670, 874, 1, 1, 1
156, 2, 731, 0, 696, 422, 1, 1, 1
157, 2, 840, 0, 708, 808, 1, 1, 1
158, 2, 1119, 0, 518, 912, 1, 1, 1
159, 2, 1107, 0, 441, 1080, 1, 1, 1
160, 2, 1038, 0, 739, 1080, 1, 1, 1
161, 2, 1013, 0, 683, 989, 1, 1, 1
162, 2, 1069, 0, 851, 944, 1, 1, 1
163, 2, 1166, 0, 550, 916, 1, 1, 1
164, 2, 1175, 0, 572, 850, 1, 1, 1
165, 2, 1052, 0, 690, 487, 1, 1, 1
166, 2, 1353, 0, 408, 674, 1, 1, 1
167, 2, 1184, 0, 589, 621, 1, 1, 1
168, 2, 1428, 0, 363, 482, 1, 1, 1
169, 2, 1144, 0, 601, 417, 1, 1, 1
170, 2, 1188, 0, 513, 531, 1, 1, 1
171, 2, 1253, 0, 452, 522, 1, 1, 1
172, 2, 1200, 0, 499, 880, 1, 1, 1
173, 2, 1333, 9, 557, 974, 1, 1, 1
174, 2, 1251, 44, 669, 978, 1, 1, 1
175, 2, 1271, 45, 649, 806, 1, 1, 1
176, 2, 1262, 18, 610, 706, 1, 1, 1
177, 2, 1210, 0, 690, 843, 1, 1, 1
178, 2, 1147, 22, 773, 809, 1, 1, 1
179, 2, 1055, 0, 861, 808, 1, 1, 1
