4, 2, 491, 233, 470, 295, 1, 1, 1
5, 2, 515, 241, 467, 294, 1, 1, 1
6, 2, 543, 250, 456, 289, 1, 1, 1
7, 2, 612, 260, 406, 285, 1, 1, 1
8, 2, 645, 271, 388, 291, 1, 1, 1
9, 2, 655, 278, 496, 271, 1, 1, 1
10, 2, 684, 284, 540, 289, 1, 1, 1
11, 2, 751, 296, 514, 216, 1, 1, 1
12, 2, 979, 317, 330, 300, 1, 1, 1
13, 2, 998, 319, 373, 318, 1, 1, 1
14, 2, 948, 320, 465, 323, 1, 1, 1
15, 2, 905, 335, 553, 321, 1, 1, 1
16, 2, 920, 335, 569, 330, 1, 1, 1
17, 2, 925, 338, 579, 328, 1, 1, 1
18, 2, 998, 337, 538, 330, 1, 1, 1
19, 2, 971, 336, 602, 334, 1, 1, 1
20, 2, 984, 344, 602, 325, 1, 1, 1
21, 2, 991, 345, 610, 338, 1, 1, 1
22, 2, 1008, 340, 614, 347, 1, 1, 1
23, 2, 1034, 347, 602, 339, 1, 1, 1
24, 2, 996, 346, 670, 338, 1, 1, 1
25, 2, 1015, 340, 673, 348, 1, 1, 1
