7, 10, 0, 613, 29, 197, 1, 1, 1
8, 10, 0, 573, 111, 371, 1, 1, 1
9, 10, 39, 545, 162, 399, 1, 1, 1
10, 10, 119, 508, 158, 436, 1, 1, 1
11, 10, 193, 494, 154, 450, 1, 1, 1
12, 10, 267, 491, 143, 453, 1, 1, 1
13, 10, 335, 489, 153, 455, 1, 1, 1
14, 10, 361, 485, 151, 459, 1, 1, 1
15, 10, 407, 485, 155, 459, 1, 1, 1
16, 10, 443, 481, 157, 463, 1, 1, 1
17, 10, 455, 477, 160, 463, 1, 1, 1
18, 10, 482, 472, 164, 460, 1, 1, 1
19, 10, 529, 469, 167, 459, 1, 1, 1
20, 10, 584, 475, 171, 458, 1, 1, 1
21, 10, 652, 502, 173, 442, 1, 1, 1
22, 10, 708, 518, 169, 426, 1, 1, 1
23, 10, 739, 536, 168, 408, 1, 1, 1
24, 10, 751, 542, 168, 402, 1, 1, 1
25, 10, 770, 548, 165, 396, 1, 1, 1
