1, 7, 801, 1056, 155, 24, 1, 1, 1
2, 7, 788, 1044, 178, 36, 1, 1, 1
3, 7, 784, 1044, 212, 36, 1, 1, 1
4, 7, 753, 1034, 253, 46, 1, 1, 1
5, 7, 740, 1019, 266, 61, 1, 1, 1
6, 7, 737, 1011, 255, 69, 1, 1, 1
7, 7, 715, 1002, 268, 78, 1, 1, 1
8, 7, 714, 997, 262, 83, 1, 1, 1
9, 7, 717, 990, 263, 90, 1, 1, 1
10, 7, 705, 988, 262, 92, 1, 1, 1
11, 7, 700, 987, 268, 93, 1, 1, 1
12, 7, 697, 982, 266, 98, 1, 1, 1
13, 7, 700, 979, 257, 101, 1, 1, 1
14, 7, 699, 977, 260, 103, 1, 1, 1
15, 7, 704, 964, 255, 116, 1, 1, 1
16, 7, 701, 976, 256, 104, 1, 1, 1
17, 7, 699, 977, 255, 103, 1, 1, 1
18, 7, 701, 973, 249, 107, 1, 1, 1
19, 7, 706, 973, 246, 107, 1, 1, 1
20, 7, 716, 974, 233, 106, 1, 1, 1
21, 7, 722, 965, 220, 115, 1, 1, 1
22, 7, 726, 961, 217, 119, 1, 1, 1
23, 7, 723, 959, 221, 121, 1, 1, 1
24, 7, 722, 952, 220, 128, 1, 1, 1
25, 7, 718, 949, 227, 131, 1, 1, 1
26, 7, 715, 941, 233, 139, 1, 1, 1
27, 7, 718, 935, 233, 145, 1, 1, 1
28, 7, 717, 928, 240, 152, 1, 1, 1
29, 7, 717, 924, 245, 156, 1, 1, 1
30, 7, 711, 924, 260, 156, 1, 1, 1
31, 7, 716, 925, 261, 155, 1, 1, 1
32, 7, 716, 927, 271, 153, 1, 1, 1
33, 7, 716, 928, 281, 152, 1, 1, 1
34, 7, 720, 927, 283, 153, 1, 1, 1
35, 7, 722, 928, 293, 152, 1, 1, 1
36, 7, 727, 927, 306, 153, 1, 1, 1
37, 7, 739, 925, 296, 155, 1, 1, 1
38, 7, 740, 925, 304, 155, 1, 1, 1
39, 7, 743, 928, 308, 152, 1, 1, 1
40, 7, 748, 933, 305, 147, 1, 1, 1
41, 7, 754, 929, 305, 151, 1, 1, 1
42, 7, 753, 938, 313, 142, 1, 1, 1
43, 7, 757, 940, 314, 140, 1, 1, 1
44, 7, 769, 934, 304, 146, 1, 1, 1
45, 7, 774, 937, 297, 143, 1, 1, 1
46, 7, 769, 935, 302, 145, 1, 1, 1
47, 7, 775, 936, 295, 144, 1, 1, 1
48, 7, 766, 934, 304, 146, 1, 1, 1
49, 7, 775, 936, 297, 144, 1, 1, 1
50, 7, 778, 938, 293, 142, 1, 1, 1
51, 7, 777, 936, 292, 144, 1, 1, 1
52, 7, 787, 940, 282, 140, 1, 1, 1
53, 7, 776, 942, 279, 138, 1, 1, 1
54, 7, 773, 948, 283, 132, 1, 1, 1
55, 7, 780, 956, 271, 124, 1, 1, 1
56, 7, 772, 953, 276, 127, 1, 1, 1
57, 7, 767, 956, 279, 124, 1, 1, 1
58, 7, 767, 955, 281, 125, 1, 1, 1
59, 7, 765, 953, 282, 127, 1, 1, 1
60, 7, 763, 953, 286, 127, 1, 1, 1
61, 7, 761, 953, 287, 127, 1, 1, 1
62, 7, 761, 953, 288, 127, 1, 1, 1
63, 7, 759, 958, 288, 121, 1, 1, 1
64, 7, 755, 956, 294, 124, 1, 1, 1
65, 7, 757, 952, 295, 128, 1, 1, 1
66, 7, 762, 954, 290, 126, 1, 1, 1
67, 7, 765, 951, 288, 129, 1, 1, 1
68, 7, 763, 951, 286, 129, 1, 1, 1
69, 7, 761, 952, 287, 128, 1, 1, 1
70, 7, 754, 955, 297, 125, 1, 1, 1
