145, 4, 104, 247, 471, 233, 1, 1, 1
146, 4, 104, 248, 477, 232, 1, 1, 1
147, 4, 99, 259, 496, 221, 1, 1, 1
148, 4, 96, 283, 504, 197, 1, 1, 1
149, 4, 88, 283, 515, 197, 1, 1, 1
150, 4, 87, 281, 513, 199, 1, 1, 1
151, 4, 89, 279, 513, 201, 1, 1, 1
152, 4, 88, 279, 520, 201, 1, 1, 1
153, 4, 87, 277, 527, 203, 1, 1, 1
154, 4, 88, 283, 520, 197, 1, 1, 1
155, 4, 166, 284, 449, 157, 1, 1, 1
156, 4, 220, 286, 420, 157, 1, 1, 1
157, 4, 240, 288, 400, 143, 1, 1, 1
158, 4, 225, 288, 415, 139, 1, 1, 1
159, 4, 224, 288, 416, 149, 1, 1, 1
160, 4, 214, 290, 426, 147, 1, 1, 1
161, 4, 192, 287, 448, 151, 1, 1, 1
162, 4, 175, 287, 465, 151, 1, 1, 1
163, 4, 170, 273, 470, 165, 1, 1, 1
164, 4, 210, 256, 430, 182, 1, 1, 1
165, 4, 85, 260, 555, 220, 1, 1, 1
166, 4, 84, 261, 556, 218, 1, 1, 1
167, 4, 85, 251, 555, 229, 1, 1, 1
168, 4, 84, 257, 556, 223, 1, 1, 1
169, 4, 84, 258, 556, 222, 1, 1, 1
170, 4, 85, 259, 555, 221, 1, 1, 1
171, 4, 87, 257, 553, 223, 1, 1, 1
172, 4, 84, 260, 556, 220, 1, 1, 1
173, 4, 84, 261, 556, 218, 1, 1, 1
174, 4, 84, 262, 556, 218, 1, 1, 1
175, 4, 88, 264, 552, 215, 1, 1, 1
