11, 3, 891, 243, 113, 78, 1, 1, 1
12, 3, 888, 243, 113, 78, 1, 1, 1
13, 3, 908, 242, 92, 82, 1, 1, 1
14, 3, 924, 242, 76, 84, 1, 1, 1
15, 3, 888, 243, 116, 85, 1, 1, 1
16, 3, 888, 243, 121, 85, 1, 1, 1
17, 3, 892, 242, 121, 88, 1, 1, 1
18, 3, 897, 242, 125, 90, 1, 1, 1
19, 3, 901, 243, 131, 93, 1, 1, 1
20, 3, 905, 243, 104, 93, 1, 1, 1
21, 3, 911, 243, 114, 97, 1, 1, 1
22, 3, 919, 243, 158, 101, 1, 1, 1
23, 3, 931, 243, 169, 103, 1, 1, 1
24, 3, 944, 242, 206, 109, 1, 1, 1
25, 3, 961, 243, 225, 111, 1, 1, 1
26, 3, 981, 244, 250, 114, 1, 1, 1
27, 3, 1008, 244, 273, 117, 1, 1, 1
28, 3, 1039, 244, 300, 118, 1, 1, 1
29, 3, 1080, 244, 328, 119, 1, 1, 1
30, 3, 1127, 244, 360, 128, 1, 1, 1
31, 3, 1184, 243, 392, 132, 1, 1, 1
32, 3, 1250, 242, 431, 144, 1, 1, 1
