1, 1, 15, 239, 122, 183, 1, 1, 1
2, 1, 50, 243, 121, 182, 1, 1, 1
3, 1, 74, 243, 120, 182, 1, 1, 1
4, 1, 93, 247, 119, 177, 1, 1, 1
5, 1, 101, 248, 120, 173, 1, 1, 1
6, 1, 99, 241, 121, 176, 1, 1, 1
7, 1, 78, 234, 127, 176, 1, 1, 1
8, 1, 33, 227, 125, 178, 1, 1, 1
9, 1, 0, 255, 99, 147, 1, 1, 1
10, 1, 0, 282, 40, 114, 1, 1, 1
1, 4, 250, 283, 191, 176, 1, 1, 1
2, 4, 279, 287, 193, 178, 1, 1, 1
3, 4, 300, 287, 192, 179, 1, 1, 1
4, 4, 320, 284, 190, 180, 1, 1, 1
5, 4, 328, 282, 188, 179, 1, 1, 1
6, 4, 327, 277, 192, 176, 1, 1, 1
7, 4, 307, 267, 192, 180, 1, 1, 1
8, 4, 266, 260, 197, 178, 1, 1, 1
9, 4, 206, 254, 201, 178, 1, 1, 1
10, 4, 150, 250, 206, 178, 1, 1, 1
11, 4, 82, 247, 213, 181, 1, 1, 1
12, 4, 12, 242, 219, 184, 1, 1, 1
13, 4, 3, 238, 188, 183, 1, 1, 1
14, 4, 0, 227, 154, 185, 1, 1, 1
15, 4, 0, 209, 129, 187, 1, 1, 1
16, 4, 0, 183, 104, 189, 1, 1, 1
17, 4, 0, 172, 80, 162, 1, 1, 1
18, 4, 0, 178, 60, 155, 1, 1, 1
1, 3, 310, 317, 50, 155, 1, 1, 1
2, 3, 342, 325, 48, 153, 1, 1, 1
3, 3, 364, 326, 47, 151, 1, 1, 1
4, 3, 381, 325, 47, 149, 1, 1, 1
5, 3, 383, 310, 56, 161, 1, 1, 1
6, 3, 379, 306, 57, 158, 1, 1, 1
7, 3, 355, 293, 63, 161, 1, 1, 1
8, 3, 318, 286, 62, 163, 1, 1, 1
9, 3, 273, 283, 50, 161, 1, 1, 1
10, 3, 208, 278, 60, 163, 1, 1, 1
11, 3, 142, 276, 63, 165, 1, 1, 1
12, 3, 80, 276, 59, 164, 1, 1, 1
13, 3, 42, 267, 52, 168, 1, 1, 1
14, 3, 0, 254, 60, 172, 1, 1, 1
15, 3, 0, 268, 33, 139, 1, 1, 1
