13, 8, 1742, 337, 178, 205, 1, 1, 1
14, 8, 1718, 281, 202, 296, 1, 1, 1
15, 8, 1682, 146, 238, 428, 1, 1, 1
16, 8, 1561, 146, 359, 431, 1, 1, 1
17, 8, 1494, 125, 426, 451, 1, 1, 1
18, 8, 1407, 111, 513, 526, 1, 1, 1
19, 8, 1315, 119, 538, 592, 1, 1, 1
20, 8, 1181, 106, 496, 597, 1, 1, 1
21, 8, 1065, 81, 414, 545, 1, 1, 1
22, 8, 1008, 74, 309, 475, 1, 1, 1
23, 8, 955, 79, 274, 413, 1, 1, 1
24, 8, 931, 87, 240, 382, 1, 1, 1
25, 8, 909, 123, 206, 341, 1, 1, 1
20, 11, 1766, 309, 154, 310, 1, 1, 1
21, 11, 1611, 151, 309, 432, 1, 1, 1
22, 11, 1499, 138, 421, 410, 1, 1, 1
23, 11, 1371, 123, 420, 388, 1, 1, 1
24, 11, 1308, 110, 388, 390, 1, 1, 1
25, 11, 1243, 118, 301, 383, 1, 1, 1
