27, 1, 420, 33, 492, 511, 1, 1, 1
28, 1, 248, 170, 655, 384, 1, 1, 1
29, 1, 437, 160, 461, 401, 1, 1, 1
30, 1, 501, 109, 396, 464, 1, 1, 1
31, 1, 549, 123, 219, 415, 1, 1, 1
32, 1, 561, 175, 209, 370, 1, 1, 1
33, 1, 533, 182, 237, 366, 1, 1, 1
34, 1, 631, 79, 140, 481, 1, 1, 1
35, 1, 592, 141, 168, 413, 1, 1, 1
36, 1, 520, 189, 231, 368, 1, 1, 1
37, 1, 498, 191, 247, 367, 1, 1, 1
38, 1, 581, 79, 157, 479, 1, 1, 1
39, 1, 503, 138, 225, 427, 1, 1, 1
40, 1, 527, 201, 202, 369, 1, 1, 1
41, 1, 452, 207, 280, 371, 1, 1, 1
42, 1, 605, 138, 126, 443, 1, 1, 1
43, 1, 517, 209, 220, 374, 1, 1, 1
44, 1, 576, 216, 225, 377, 1, 1, 1
45, 1, 524, 205, 276, 394, 1, 1, 1
46, 1, 652, 171, 183, 431, 1, 1, 1
47, 1, 649, 214, 183, 391, 1, 1, 1
48, 1, 799, 477, 29, 93, 1, 1, 1
49, 1, 614, 250, 90, 50, 1, 1, 1
50, 1, 716, 176, 50, 51, 1, 1, 1
