34, 2, 315, 91, 225, 227, 1, 1, 1
35, 2, 319, 124, 276, 172, 1, 1, 1
36, 2, 324, 138, 293, 161, 1, 1, 1
37, 2, 333, 138, 227, 154, 1, 1, 1
38, 2, 326, 135, 290, 177, 1, 1, 1
39, 2, 314, 121, 256, 180, 1, 1, 1
40, 2, 315, 121, 248, 185, 1, 1, 1
41, 2, 313, 123, 245, 185, 1, 1, 1
42, 2, 311, 123, 248, 180, 1, 1, 1
43, 2, 315, 110, 242, 192, 1, 1, 1
44, 2, 313, 96, 244, 210, 1, 1, 1
45, 2, 314, 128, 239, 181, 1, 1, 1
46, 2, 311, 122, 251, 184, 1, 1, 1
47, 2, 310, 133, 263, 179, 1, 1, 1
48, 2, 310, 137, 204, 179, 1, 1, 1
49, 2, 308, 135, 208, 179, 1, 1, 1
50, 2, 311, 138, 241, 176, 1, 1, 1
51, 2, 311, 145, 230, 167, 1, 1, 1
52, 2, 306, 145, 234, 169, 1, 1, 1
53, 2, 308, 141, 225, 171, 1, 1, 1
54, 2, 306, 151, 162, 173, 1, 1, 1
55, 2, 316, 155, 158, 159, 1, 1, 1
56, 2, 308, 143, 180, 174, 1, 1, 1
57, 2, 307, 140, 252, 178, 1, 1, 1
58, 2, 309, 149, 257, 172, 1, 1, 1
59, 2, 308, 155, 223, 165, 1, 1, 1
60, 2, 321, 165, 184, 142, 1, 1, 1
61, 2, 317, 165, 281, 150, 1, 1, 1
62, 2, 326, 163, 283, 142, 1, 1, 1
63, 2, 371, 153, 245, 120, 1, 1, 1
64, 2, 494, 164, 157, 118, 1, 1, 1
