2, 1, 376, 175, 483, 431, 1, 1, 1
3, 1, 379, 145, 476, 448, 1, 1, 1
4, 1, 355, 123, 493, 437, 1, 1, 1
5, 1, 364, 119, 407, 448, 1, 1, 1
6, 1, 349, 120, 394, 447, 1, 1, 1
7, 1, 327, 126, 406, 456, 1, 1, 1
8, 1, 362, 133, 403, 467, 1, 1, 1
9, 1, 332, 143, 452, 441, 1, 1, 1
10, 1, 331, 144, 473, 370, 1, 1, 1
11, 1, 378, 146, 442, 385, 1, 1, 1
12, 1, 374, 159, 451, 386, 1, 1, 1
13, 1, 369, 161, 460, 384, 1, 1, 1
14, 1, 321, 167, 504, 379, 1, 1, 1
15, 1, 364, 183, 448, 380, 1, 1, 1
16, 1, 363, 190, 413, 380, 1, 1, 1
17, 1, 378, 205, 409, 363, 1, 1, 1
18, 1, 384, 212, 415, 369, 1, 1, 1
19, 1, 352, 215, 440, 322, 1, 1, 1
20, 1, 339, 218, 461, 321, 1, 1, 1
21, 1, 335, 219, 483, 324, 1, 1, 1
22, 1, 350, 219, 479, 328, 1, 1, 1
23, 1, 360, 229, 464, 326, 1, 1, 1
24, 1, 396, 228, 404, 328, 1, 1, 1
25, 1, 415, 224, 389, 331, 1, 1, 1
26, 1, 431, 229, 391, 331, 1, 1, 1
27, 1, 449, 239, 393, 334, 1, 1, 1
28, 1, 431, 244, 413, 336, 1, 1, 1
