1, 1, 811, 313, 153, 122, 1, 1, 1
2, 1, 817, 310, 153, 123, 1, 1, 1
3, 1, 827, 311, 145, 105, 1, 1, 1
4, 1, 836, 313, 139, 105, 1, 1, 1
5, 1, 841, 313, 137, 104, 1, 1, 1
6, 1, 844, 317, 134, 99, 1, 1, 1
7, 1, 843, 315, 135, 102, 1, 1, 1
8, 1, 846, 314, 133, 102, 1, 1, 1
9, 1, 846, 316, 133, 103, 1, 1, 1
10, 1, 851, 317, 128, 102, 1, 1, 1
11, 1, 861, 315, 114, 104, 1, 1, 1
12, 1, 865, 316, 108, 101, 1, 1, 1
13, 1, 864, 316, 110, 101, 1, 1, 1
14, 1, 870, 313, 104, 105, 1, 1, 1
15, 1, 876, 313, 98, 104, 1, 1, 1
