6, 5, 13, 303, 158, 143, 1, 1, 1
7, 5, 0, 293, 185, 155, 1, 1, 1
8, 5, 0, 307, 195, 145, 1, 1, 1
9, 5, 0, 308, 200, 150, 1, 1, 1
10, 5, 0, 311, 205, 147, 1, 1, 1
11, 5, 0, 311, 207, 149, 1, 1, 1
12, 5, 0, 315, 207, 143, 1, 1, 1
13, 5, 0, 305, 208, 156, 1, 1, 1
14, 5, 5, 306, 204, 150, 1, 1, 1
15, 5, 0, 284, 207, 171, 1, 1, 1
16, 5, 3, 304, 204, 156, 1, 1, 1
17, 5, 3, 252, 202, 197, 1, 1, 1
18, 5, 47, 157, 160, 293, 1, 1, 1
21, 2, 417, 67, 109, 146, 1, 1, 1
22, 2, 414, 72, 109, 142, 1, 1, 1
23, 2, 407, 61, 108, 153, 1, 1, 1
24, 2, 407, 34, 103, 179, 1, 1, 1
25, 2, 418, 31, 100, 187, 1, 1, 1
26, 2, 423, 31, 105, 185, 1, 1, 1
