6, 4, 223, 455, 452, 347, 1, 1, 1
7, 4, 183, 498, 481, 344, 1, 1, 1
8, 4, 126, 525, 483, 334, 1, 1, 1
9, 4, 12, 549, 548, 304, 1, 1, 1
10, 4, 0, 548, 509, 308, 1, 1, 1
11, 4, 0, 539, 489, 311, 1, 1, 1
6, 5, 806, 441, 484, 396, 1, 1, 1
7, 5, 905, 483, 467, 389, 1, 1, 1
8, 5, 975, 509, 497, 401, 1, 1, 1
9, 5, 1075, 518, 540, 400, 1, 1, 1
10, 5, 1182, 542, 531, 383, 1, 1, 1
11, 5, 1302, 565, 567, 407, 1, 1, 1
19, 4, 604, 572, 438, 327, 1, 1, 1
20, 4, 467, 528, 512, 336, 1, 1, 1
21, 4, 386, 582, 465, 322, 1, 1, 1
22, 4, 271, 570, 465, 324, 1, 1, 1
23, 4, 104, 523, 513, 341, 1, 1, 1
24, 4, 63, 521, 459, 322, 1, 1, 1
25, 4, 232, 535, 448, 313, 1, 1, 1
19, 5, 1082, 570, 487, 405, 1, 1, 1
20, 5, 1097, 546, 461, 389, 1, 1, 1
21, 5, 1091, 618, 471, 380, 1, 1, 1
22, 5, 1112, 594, 555, 379, 1, 1, 1
23, 5, 1180, 561, 517, 374, 1, 1, 1
24, 5, 1247, 543, 515, 370, 1, 1, 1
25, 5, 1517, 561, 403, 358, 1, 1, 1
