21, 2, 1007, 650, 173, 148, 1, 1, 1
22, 2, 842, 598, 396, 196, 1, 1, 1
23, 2, 849, 600, 393, 191, 1, 1, 1
24, 2, 841, 564, 406, 225, 1, 1, 1
25, 2, 897, 593, 356, 194, 1, 1, 1
26, 2, 870, 578, 397, 212, 1, 1, 1
27, 2, 976, 587, 324, 206, 1, 1, 1
28, 2, 983, 587, 204, 210, 1, 1, 1
29, 2, 982, 588, 210, 207, 1, 1, 1
30, 2, 825, 314, 564, 481, 1, 1, 1
31, 2, 810, 297, 597, 501, 1, 1, 1
32, 2, 1002, 587, 417, 218, 1, 1, 1
33, 2, 798, 354, 611, 452, 1, 1, 1
34, 2, 994, 591, 409, 216, 1, 1, 1
35, 2, 999, 577, 425, 224, 1, 1, 1
36, 2, 795, 342, 635, 460, 1, 1, 1
37, 2, 825, 319, 588, 484, 1, 1, 1
38, 2, 996, 581, 425, 222, 1, 1, 1
39, 2, 810, 347, 389, 455, 1, 1, 1
40, 2, 809, 385, 382, 414, 1, 1, 1
41, 2, 979, 583, 207, 213, 1, 1, 1
42, 2, 982, 582, 204, 209, 1, 1, 1
43, 2, 803, 459, 377, 325, 1, 1, 1
44, 2, 766, 470, 414, 300, 1, 1, 1
45, 2, 770, 484, 409, 287, 1, 1, 1
46, 2, 784, 466, 345, 308, 1, 1, 1
47, 2, 745, 453, 371, 304, 1, 1, 1
