5, 5, 0, 9, 126, 41, 1, 1, 1
6, 5, 21, 25, 112, 73, 1, 1, 1
7, 5, 47, 34, 87, 96, 1, 1, 1
8, 5, 67, 39, 63, 94, 1, 1, 1
9, 5, 73, 50, 105, 93, 1, 1, 1
10, 5, 79, 52, 111, 86, 1, 1, 1
11, 5, 79, 54, 125, 84, 1, 1, 1
12, 5, 80, 58, 123, 81, 1, 1, 1
13, 5, 96, 55, 102, 76, 1, 1, 1
14, 5, 103, 47, 144, 84, 1, 1, 1
15, 5, 104, 49, 136, 74, 1, 1, 1
16, 5, 111, 41, 134, 22, 1, 1, 1
17, 5, 107, 41, 123, 21, 1, 1, 1
18, 5, 113, 35, 127, 25, 1, 1, 1
19, 5, 114, 36, 156, 43, 1, 1, 1
20, 5, 118, 35, 130, 21, 1, 1, 1
21, 5, 110, 23, 128, 26, 1, 1, 1
22, 5, 82, 23, 135, 22, 1, 1, 1
23, 5, 57, 23, 124, 19, 1, 1, 1
24, 5, 1, 19, 145, 87, 1, 1, 1
25, 5, 56, 20, 73, 71, 1, 1, 1
26, 5, 16, 25, 100, 74, 1, 1, 1
27, 5, 27, 36, 64, 63, 1, 1, 1
28, 5, 32, 39, 66, 68, 1, 1, 1
29, 5, 30, 52, 35, 60, 1, 1, 1
30, 5, 32, 58, 43, 59, 1, 1, 1
31, 5, 24, 59, 64, 57, 1, 1, 1
32, 5, 42, 66, 48, 53, 1, 1, 1
33, 5, 58, 71, 50, 49, 1, 1, 1
34, 5, 84, 67, 38, 49, 1, 1, 1
35, 5, 108, 67, 40, 45, 1, 1, 1
36, 5, 102, 78, 55, 35, 1, 1, 1
37, 5, 124, 75, 50, 32, 1, 1, 1
13, 1, 372, 68, 172, 187, 1, 1, 1
14, 1, 373, 68, 171, 184, 1, 1, 1
15, 1, 370, 45, 143, 186, 1, 1, 1
16, 1, 373, 46, 138, 176, 1, 1, 1
17, 1, 386, 34, 157, 165, 1, 1, 1
18, 1, 377, 34, 167, 146, 1, 1, 1
19, 1, 431, 22, 113, 132, 1, 1, 1
20, 1, 435, 15, 109, 120, 1, 1, 1
21, 1, 460, 11, 84, 116, 1, 1, 1
22, 1, 442, 9, 102, 107, 1, 1, 1
23, 1, 412, 13, 99, 87, 1, 1, 1
24, 1, 384, 18, 88, 85, 1, 1, 1
25, 1, 360, 22, 89, 62, 1, 1, 1
26, 1, 350, 26, 85, 66, 1, 1, 1
27, 1, 345, 24, 93, 61, 1, 1, 1
28, 1, 341, 30, 100, 69, 1, 1, 1
29, 1, 351, 26, 87, 73, 1, 1, 1
30, 1, 354, 33, 79, 59, 1, 1, 1
31, 1, 355, 31, 73, 61, 1, 1, 1
32, 1, 359, 32, 66, 72, 1, 1, 1
33, 1, 361, 29, 54, 49, 1, 1, 1
34, 1, 367, 30, 43, 21, 1, 1, 1
35, 1, 363, 28, 44, 61, 1, 1, 1
36, 1, 342, 29, 55, 56, 1, 1, 1
37, 1, 325, 29, 63, 54, 1, 1, 1
38, 1, 302, 27, 65, 54, 1, 1, 1
39, 1, 279, 28, 62, 33, 1, 1, 1
40, 1, 264, 26, 43, 46, 1, 1, 1
41, 1, 232, 29, 50, 54, 1, 1, 1
42, 1, 212, 30, 57, 43, 1, 1, 1
