1, 1, 644, 203, 617, 286, 1, 1, 1
2, 1, 655, 216, 614, 274, 1, 1, 1
3, 1, 668, 225, 617, 269, 1, 1, 1
4, 1, 680, 232, 617, 260, 1, 1, 1
5, 1, 697, 238, 614, 260, 1, 1, 1
6, 1, 700, 247, 623, 258, 1, 1, 1
7, 1, 716, 252, 613, 258, 1, 1, 1
8, 1, 729, 266, 612, 252, 1, 1, 1
9, 1, 742, 275, 610, 251, 1, 1, 1
10, 1, 755, 283, 610, 254, 1, 1, 1
11, 1, 766, 289, 612, 265, 1, 1, 1
12, 1, 787, 286, 607, 236, 1, 1, 1
13, 1, 812, 188, 615, 237, 1, 1, 1
14, 1, 828, 152, 612, 238, 1, 1, 1
15, 1, 843, 127, 604, 236, 1, 1, 1
16, 1, 847, 115, 607, 242, 1, 1, 1
17, 1, 846, 113, 613, 227, 1, 1, 1
18, 1, 848, 113, 619, 235, 1, 1, 1
19, 1, 834, 117, 640, 234, 1, 1, 1
20, 1, 833, 126, 644, 236, 1, 1, 1
21, 1, 832, 132, 648, 230, 1, 1, 1
22, 1, 846, 136, 637, 236, 1, 1, 1
23, 1, 853, 147, 632, 233, 1, 1, 1
24, 1, 824, 157, 628, 237, 1, 1, 1
25, 1, 776, 170, 623, 241, 1, 1, 1
26, 1, 753, 183, 614, 247, 1, 1, 1
27, 1, 727, 196, 605, 254, 1, 1, 1
28, 1, 708, 201, 598, 249, 1, 1, 1
29, 1, 682, 241, 594, 224, 1, 1, 1
30, 1, 663, 252, 589, 272, 1, 1, 1
31, 1, 656, 271, 575, 269, 1, 1, 1
32, 1, 642, 282, 570, 264, 1, 1, 1
33, 1, 620, 292, 572, 253, 1, 1, 1
34, 1, 622, 305, 556, 249, 1, 1, 1
35, 1, 618, 316, 547, 240, 1, 1, 1
36, 1, 615, 326, 535, 222, 1, 1, 1
37, 1, 611, 337, 528, 234, 1, 1, 1
38, 1, 621, 324, 499, 257, 1, 1, 1
1, 2, 666, 375, 529, 243, 1, 1, 1
2, 2, 682, 380, 521, 233, 1, 1, 1
3, 2, 694, 384, 523, 228, 1, 1, 1
4, 2, 705, 389, 522, 226, 1, 1, 1
5, 2, 724, 393, 516, 225, 1, 1, 1
6, 2, 735, 400, 517, 219, 1, 1, 1
7, 2, 750, 401, 510, 221, 1, 1, 1
8, 2, 777, 413, 502, 221, 1, 1, 1
9, 2, 789, 421, 504, 205, 1, 1, 1
10, 2, 801, 428, 508, 212, 1, 1, 1
11, 2, 805, 429, 517, 214, 1, 1, 1
12, 2, 818, 430, 518, 213, 1, 1, 1
13, 2, 834, 326, 536, 219, 1, 1, 1
14, 2, 847, 294, 536, 222, 1, 1, 1
15, 2, 859, 272, 537, 227, 1, 1, 1
16, 2, 868, 263, 541, 230, 1, 1, 1
17, 2, 875, 264, 542, 231, 1, 1, 1
18, 2, 882, 265, 539, 235, 1, 1, 1
19, 2, 883, 269, 544, 229, 1, 1, 1
20, 2, 905, 280, 531, 229, 1, 1, 1
21, 2, 915, 289, 529, 220, 1, 1, 1
22, 2, 926, 296, 524, 208, 1, 1, 1
23, 2, 934, 304, 524, 207, 1, 1, 1
24, 2, 901, 314, 526, 215, 1, 1, 1
25, 2, 874, 330, 517, 207, 1, 1, 1
26, 2, 861, 343, 509, 207, 1, 1, 1
27, 2, 840, 363, 510, 214, 1, 1, 1
28, 2, 799, 379, 535, 216, 1, 1, 1
29, 2, 783, 396, 531, 232, 1, 1, 1
30, 2, 811, 411, 486, 238, 1, 1, 1
31, 2, 798, 416, 482, 240, 1, 1, 1
32, 2, 798, 425, 478, 241, 1, 1, 1
33, 2, 778, 443, 479, 229, 1, 1, 1
34, 2, 792, 461, 451, 218, 1, 1, 1
35, 2, 777, 473, 456, 200, 1, 1, 1
36, 2, 759, 482, 471, 193, 1, 1, 1
37, 2, 797, 488, 427, 191, 1, 1, 1
38, 2, 831, 480, 398, 193, 1, 1, 1
