4, 1, 976, 224, 175, 325, 1, 1, 1
5, 1, 1010, 235, 168, 337, 1, 1, 1
6, 1, 1034, 240, 164, 345, 1, 1, 1
7, 1, 1040, 248, 159, 339, 1, 1, 1
8, 1, 1040, 253, 153, 320, 1, 1, 1
9, 1, 1051, 253, 147, 293, 1, 1, 1
10, 1, 1068, 267, 143, 290, 1, 1, 1
11, 1, 1096, 274, 132, 290, 1, 1, 1
12, 1, 1141, 284, 120, 276, 1, 1, 1
13, 1, 1170, 293, 130, 250, 1, 1, 1
14, 1, 1198, 301, 123, 250, 1, 1, 1
15, 1, 1227, 304, 116, 257, 1, 1, 1
16, 1, 1243, 308, 112, 257, 1, 1, 1
17, 1, 1251, 310, 115, 245, 1, 1, 1
18, 1, 1252, 314, 113, 221, 1, 1, 1
19, 1, 1264, 321, 99, 220, 1, 1, 1
20, 1, 1265, 326, 100, 222, 1, 1, 1
21, 1, 1278, 326, 96, 215, 1, 1, 1
22, 1, 1286, 327, 101, 181, 1, 1, 1
23, 1, 1304, 325, 96, 191, 1, 1, 1
24, 1, 1309, 329, 90, 200, 1, 1, 1
25, 1, 1302, 335, 90, 196, 1, 1, 1
26, 1, 1293, 340, 90, 191, 1, 1, 1
27, 1, 1296, 343, 82, 169, 1, 1, 1
28, 1, 1303, 348, 82, 148, 1, 1, 1
29, 1, 1315, 348, 79, 175, 1, 1, 1
30, 1, 1328, 349, 80, 173, 1, 1, 1
31, 1, 1336, 348, 81, 142, 1, 1, 1
32, 1, 1339, 343, 78, 153, 1, 1, 1
33, 1, 1337, 354, 72, 159, 1, 1, 1
34, 1, 1340, 358, 71, 161, 1, 1, 1
35, 1, 1345, 360, 71, 158, 1, 1, 1
36, 1, 1353, 362, 72, 137, 1, 1, 1
37, 1, 1371, 359, 63, 137, 1, 1, 1
38, 1, 1378, 365, 61, 146, 1, 1, 1
39, 1, 1383, 368, 63, 146, 1, 1, 1
40, 1, 1388, 371, 62, 141, 1, 1, 1
41, 1, 1388, 372, 62, 126, 1, 1, 1
42, 1, 1383, 372, 61, 134, 1, 1, 1
43, 1, 1378, 372, 61, 135, 1, 1, 1
44, 1, 1374, 374, 60, 135, 1, 1, 1
45, 1, 1376, 376, 60, 124, 1, 1, 1
46, 1, 1387, 375, 55, 120, 1, 1, 1
47, 1, 1395, 376, 56, 125, 1, 1, 1
48, 1, 1393, 379, 55, 124, 1, 1, 1
49, 1, 1382, 386, 53, 117, 1, 1, 1
50, 1, 1382, 385, 50, 109, 1, 1, 1
51, 1, 1386, 390, 42, 114, 1, 1, 1
52, 1, 1387, 393, 42, 113, 1, 1, 1
53, 1, 1387, 404, 27, 40, 1, 1, 1
54, 1, 1383, 415, 17, 31, 1, 1, 1
56, 1, 1400, 416, 16, 22, 1, 1, 1
57, 1, 1383, 397, 27, 86, 1, 1, 1
58, 1, 1366, 397, 38, 90, 1, 1, 1
59, 1, 1353, 394, 41, 95, 1, 1, 1
60, 1, 1346, 394, 44, 100, 1, 1, 1
61, 1, 1342, 397, 46, 100, 1, 1, 1
