3, 1, 92, 251, 1230, 646, 1, 1, 1
4, 1, 443, 258, 928, 619, 1, 1, 1
5, 1, 623, 230, 866, 632, 1, 1, 1
6, 1, 762, 258, 681, 627, 1, 1, 1
7, 1, 640, 260, 736, 607, 1, 1, 1
8, 1, 749, 197, 690, 623, 1, 1, 1
9, 1, 763, 128, 486, 626, 1, 1, 1
10, 1, 685, 51, 557, 686, 1, 1, 1
11, 1, 784, 93, 624, 685, 1, 1, 1
12, 1, 738, 117, 706, 703, 1, 1, 1
13, 1, 711, 134, 728, 540, 1, 1, 1
14, 1, 835, 146, 562, 566, 1, 1, 1
15, 1, 839, 148, 606, 708, 1, 1, 1
16, 1, 880, 135, 579, 709, 1, 1, 1
17, 1, 908, 127, 549, 755, 1, 1, 1
18, 1, 956, 107, 503, 740, 1, 1, 1
19, 1, 951, 75, 476, 747, 1, 1, 1
20, 1, 991, 81, 458, 753, 1, 1, 1
21, 1, 1054, 66, 493, 751, 1, 1, 1
22, 1, 1058, 67, 521, 750, 1, 1, 1
23, 1, 997, 67, 640, 753, 1, 1, 1
24, 1, 987, 66, 676, 744, 1, 1, 1
25, 1, 975, 72, 729, 751, 1, 1, 1
26, 1, 944, 66, 845, 757, 1, 1, 1
27, 1, 968, 75, 888, 732, 1, 1, 1
28, 1, 1035, 67, 885, 724, 1, 1, 1
29, 1, 1094, 63, 826, 730, 1, 1, 1
30, 1, 1109, 82, 811, 722, 1, 1, 1
31, 1, 1088, 82, 832, 727, 1, 1, 1
32, 1, 1031, 103, 889, 700, 1, 1, 1
33, 1, 988, 98, 932, 694, 1, 1, 1
34, 1, 955, 85, 965, 733, 1, 1, 1
35, 1, 927, 92, 993, 731, 1, 1, 1
36, 1, 914, 103, 1006, 720, 1, 1, 1
37, 1, 836, 126, 1012, 700, 1, 1, 1
38, 1, 760, 122, 1104, 708, 1, 1, 1
39, 1, 658, 98, 1262, 727, 1, 1, 1
40, 1, 632, 127, 1265, 703, 1, 1, 1
41, 1, 671, 116, 1249, 692, 1, 1, 1
42, 1, 683, 89, 1166, 748, 1, 1, 1
43, 1, 754, 41, 1056, 827, 1, 1, 1
44, 1, 815, 37, 954, 844, 1, 1, 1
45, 1, 839, 53, 852, 852, 1, 1, 1
46, 1, 835, 172, 669, 792, 1, 1, 1
47, 1, 744, 173, 634, 783, 1, 1, 1
48, 1, 672, 153, 452, 769, 1, 1, 1
49, 1, 506, 139, 605, 766, 1, 1, 1
50, 1, 509, 100, 576, 694, 1, 1, 1
51, 1, 598, 94, 533, 707, 1, 1, 1
52, 1, 594, 96, 573, 657, 1, 1, 1
53, 1, 567, 111, 600, 658, 1, 1, 1
54, 1, 630, 157, 593, 645, 1, 1, 1
55, 1, 579, 179, 634, 647, 1, 1, 1
56, 1, 491, 203, 763, 561, 1, 1, 1
57, 1, 456, 195, 813, 567, 1, 1, 1
58, 1, 504, 197, 751, 532, 1, 1, 1
59, 1, 557, 196, 761, 511, 1, 1, 1
60, 1, 491, 193, 834, 480, 1, 1, 1
61, 1, 407, 180, 886, 452, 1, 1, 1
62, 1, 390, 174, 945, 434, 1, 1, 1
63, 1, 511, 156, 824, 425, 1, 1, 1
64, 1, 493, 166, 856, 412, 1, 1, 1
65, 1, 481, 175, 845, 425, 1, 1, 1
66, 1, 468, 132, 925, 462, 1, 1, 1
67, 1, 413, 77, 1046, 520, 1, 1, 1
68, 1, 542, 61, 902, 552, 1, 1, 1
69, 1, 447, 61, 917, 588, 1, 1, 1
70, 1, 274, 43, 961, 576, 1, 1, 1
71, 1, 301, 20, 982, 647, 1, 1, 1
72, 1, 512, 56, 871, 656, 1, 1, 1
73, 1, 693, 48, 660, 647, 1, 1, 1
74, 1, 672, 13, 570, 591, 1, 1, 1
75, 1, 675, 23, 578, 580, 1, 1, 1
76, 1, 857, 21, 430, 390, 1, 1, 1
77, 1, 881, 35, 523, 703, 1, 1, 1
78, 1, 990, 11, 625, 825, 1, 1, 1
79, 1, 1186, 0, 559, 813, 1, 1, 1
80, 1, 1252, 0, 517, 833, 1, 1, 1
81, 1, 1210, 6, 704, 846, 1, 1, 1
82, 1, 1201, 0, 719, 859, 1, 1, 1
83, 1, 1203, 0, 717, 849, 1, 1, 1
84, 1, 1207, 1, 713, 858, 1, 1, 1
85, 1, 1301, 0, 619, 861, 1, 1, 1
3, 2, 995, 272, 925, 658, 1, 1, 1
4, 2, 1060, 279, 860, 676, 1, 1, 1
5, 2, 1119, 272, 801, 618, 1, 1, 1
6, 2, 1122, 333, 798, 558, 1, 1, 1
7, 2, 1148, 341, 772, 635, 1, 1, 1
8, 2, 1025, 302, 895, 709, 1, 1, 1
9, 2, 990, 184, 930, 699, 1, 1, 1
10, 2, 1018, 179, 902, 827, 1, 1, 1
11, 2, 992, 198, 928, 882, 1, 1, 1
12, 2, 914, 234, 885, 846, 1, 1, 1
13, 2, 847, 217, 936, 863, 1, 1, 1
14, 2, 745, 200, 800, 880, 1, 1, 1
15, 2, 714, 228, 717, 852, 1, 1, 1
16, 2, 700, 215, 748, 865, 1, 1, 1
17, 2, 529, 238, 864, 842, 1, 1, 1
18, 2, 152, 247, 1170, 833, 1, 1, 1
19, 2, 95, 231, 1156, 849, 1, 1, 1
20, 2, 62, 222, 1206, 858, 1, 1, 1
21, 2, 0, 214, 1297, 866, 1, 1, 1
22, 2, 7, 203, 1255, 826, 1, 1, 1
23, 2, 0, 201, 1196, 800, 1, 1, 1
24, 2, 0, 209, 1154, 785, 1, 1, 1
25, 2, 0, 183, 1121, 790, 1, 1, 1
26, 2, 0, 173, 1105, 699, 1, 1, 1
27, 2, 0, 191, 1127, 737, 1, 1, 1
28, 2, 0, 170, 1188, 748, 1, 1, 1
29, 2, 58, 154, 1202, 753, 1, 1, 1
30, 2, 107, 152, 1184, 744, 1, 1, 1
31, 2, 96, 166, 1187, 752, 1, 1, 1
32, 2, 73, 170, 1176, 757, 1, 1, 1
33, 2, 0, 194, 1180, 730, 1, 1, 1
34, 2, 0, 190, 1102, 602, 1, 1, 1
35, 2, 0, 185, 1053, 664, 1, 1, 1
36, 2, 0, 207, 1041, 576, 1, 1, 1
37, 2, 0, 198, 946, 593, 1, 1, 1
38, 2, 0, 158, 872, 630, 1, 1, 1
39, 2, 0, 136, 821, 621, 1, 1, 1
40, 2, 136, 93, 756, 597, 1, 1, 1
41, 2, 236, 63, 778, 595, 1, 1, 1
42, 2, 561, 62, 405, 598, 1, 1, 1
43, 2, 742, 0, 509, 606, 1, 1, 1
44, 2, 799, 0, 521, 564, 1, 1, 1
45, 2, 834, 0, 534, 414, 1, 1, 1
46, 2, 900, 116, 689, 490, 1, 1, 1
47, 2, 821, 106, 708, 526, 1, 1, 1
48, 2, 852, 96, 746, 559, 1, 1, 1
49, 2, 811, 67, 791, 589, 1, 1, 1
50, 2, 1015, 43, 548, 533, 1, 1, 1
51, 2, 1068, 56, 559, 536, 1, 1, 1
52, 2, 1089, 45, 624, 559, 1, 1, 1
53, 2, 1090, 63, 577, 521, 1, 1, 1
54, 2, 1128, 108, 681, 532, 1, 1, 1
55, 2, 1131, 138, 684, 515, 1, 1, 1
56, 2, 1136, 165, 663, 500, 1, 1, 1
57, 2, 1099, 150, 821, 508, 1, 1, 1
58, 2, 1074, 150, 772, 496, 1, 1, 1
59, 2, 1115, 164, 805, 469, 1, 1, 1
60, 2, 1122, 147, 785, 478, 1, 1, 1
61, 2, 1120, 156, 800, 480, 1, 1, 1
62, 2, 1157, 151, 748, 480, 1, 1, 1
63, 2, 1167, 150, 753, 473, 1, 1, 1
64, 2, 1170, 169, 750, 519, 1, 1, 1
65, 2, 1157, 181, 763, 520, 1, 1, 1
66, 2, 1230, 147, 690, 510, 1, 1, 1
67, 2, 1265, 122, 655, 570, 1, 1, 1
68, 2, 1274, 129, 646, 599, 1, 1, 1
69, 2, 1207, 124, 713, 603, 1, 1, 1
70, 2, 1103, 129, 796, 641, 1, 1, 1
71, 2, 1104, 133, 816, 636, 1, 1, 1
72, 2, 1104, 160, 758, 667, 1, 1, 1
73, 2, 1112, 173, 751, 680, 1, 1, 1
74, 2, 991, 151, 811, 814, 1, 1, 1
75, 2, 831, 166, 687, 835, 1, 1, 1
76, 2, 706, 202, 791, 870, 1, 1, 1
77, 2, 513, 180, 975, 899, 1, 1, 1
78, 2, 368, 157, 1188, 923, 1, 1, 1
79, 2, 355, 135, 1279, 945, 1, 1, 1
80, 2, 173, 86, 1447, 978, 1, 1, 1
81, 2, 0, 121, 1542, 959, 1, 1, 1
82, 2, 0, 106, 1491, 881, 1, 1, 1
83, 2, 0, 102, 1462, 819, 1, 1, 1
84, 2, 0, 31, 1472, 843, 1, 1, 1
85, 2, 0, 13, 1510, 819, 1, 1, 1
