1, 3, 273, 95, 409, 289, 1, 1, 1
2, 3, 282, 111, 400, 273, 1, 1, 1
3, 3, 296, 127, 386, 257, 1, 1, 1
4, 3, 297, 155, 385, 229, 1, 1, 1
5, 3, 293, 165, 389, 219, 1, 1, 1
6, 3, 302, 175, 380, 209, 1, 1, 1
7, 3, 307, 174, 375, 210, 1, 1, 1
8, 3, 310, 176, 372, 208, 1, 1, 1
9, 3, 323, 174, 359, 210, 1, 1, 1
10, 3, 335, 165, 347, 219, 1, 1, 1
11, 3, 366, 163, 316, 221, 1, 1, 1
12, 3, 381, 170, 293, 214, 1, 1, 1
13, 3, 422, 139, 259, 245, 1, 1, 1
14, 3, 447, 165, 235, 219, 1, 1, 1
15, 3, 471, 164, 211, 220, 1, 1, 1
16, 3, 487, 164, 195, 220, 1, 1, 1
17, 3, 495, 156, 187, 228, 1, 1, 1
18, 3, 517, 155, 165, 229, 1, 1, 1
19, 3, 541, 148, 141, 236, 1, 1, 1
20, 3, 562, 152, 120, 232, 1, 1, 1
21, 3, 575, 151, 107, 233, 1, 1, 1
22, 3, 607, 151, 75, 233, 1, 1, 1
23, 3, 631, 170, 51, 214, 1, 1, 1
24, 3, 596, 175, 86, 209, 1, 1, 1
25, 3, 668, 192, 14, 94, 1, 1, 1
