30, 3, 197, 295, 187, 180, 1, 1, 1
31, 3, 151, 300, 259, 173, 1, 1, 1
32, 3, 232, 278, 190, 203, 1, 1, 1
33, 3, 290, 208, 190, 281, 1, 1, 1
34, 3, 287, 153, 157, 278, 1, 1, 1
35, 3, 244, 141, 164, 243, 1, 1, 1
36, 3, 221, 114, 201, 258, 1, 1, 1
46, 2, 225, 309, 116, 158, 1, 1, 1
47, 2, 229, 286, 133, 151, 1, 1, 1
48, 2, 237, 270, 124, 168, 1, 1, 1
49, 2, 233, 252, 115, 169, 1, 1, 1
50, 2, 254, 227, 111, 187, 1, 1, 1
51, 2, 278, 205, 107, 184, 1, 1, 1
52, 2, 306, 183, 71, 153, 1, 1, 1
53, 2, 296, 166, 88, 213, 1, 1, 1
54, 2, 275, 160, 105, 224, 1, 1, 1
55, 2, 248, 155, 141, 229, 1, 1, 1
