36, 2, 733, 523, 299, 343, 1, 1, 1
37, 2, 727, 526, 293, 326, 1, 1, 1
38, 2, 727, 526, 292, 328, 1, 1, 1
39, 2, 728, 529, 325, 326, 1, 1, 1
40, 2, 730, 529, 356, 326, 1, 1, 1
41, 2, 733, 530, 349, 327, 1, 1, 1
42, 2, 735, 531, 349, 326, 1, 1, 1
43, 2, 735, 532, 354, 326, 1, 1, 1
44, 2, 735, 533, 348, 324, 1, 1, 1
45, 2, 737, 534, 351, 325, 1, 1, 1
46, 2, 739, 535, 349, 324, 1, 1, 1
47, 2, 738, 537, 349, 324, 1, 1, 1
48, 2, 739, 536, 356, 325, 1, 1, 1
49, 2, 744, 538, 351, 323, 1, 1, 1
50, 2, 747, 540, 350, 324, 1, 1, 1
51, 2, 747, 541, 352, 323, 1, 1, 1
52, 2, 746, 540, 350, 324, 1, 1, 1
53, 2, 744, 542, 350, 323, 1, 1, 1
54, 2, 746, 540, 348, 324, 1, 1, 1
55, 2, 746, 541, 350, 323, 1, 1, 1
56, 2, 745, 541, 349, 323, 1, 1, 1
57, 2, 745, 540, 351, 325, 1, 1, 1
58, 2, 745, 541, 350, 325, 1, 1, 1
59, 2, 748, 542, 350, 324, 1, 1, 1
60, 2, 748, 542, 350, 324, 1, 1, 1
61, 2, 747, 544, 348, 324, 1, 1, 1
62, 2, 746, 543, 352, 327, 1, 1, 1
63, 2, 747, 542, 353, 326, 1, 1, 1
64, 2, 744, 542, 351, 328, 1, 1, 1
65, 2, 745, 543, 352, 326, 1, 1, 1
66, 2, 747, 542, 351, 327, 1, 1, 1
67, 2, 751, 542, 348, 327, 1, 1, 1
68, 2, 748, 542, 349, 326, 1, 1, 1
69, 2, 749, 541, 346, 326, 1, 1, 1
70, 2, 749, 540, 346, 326, 1, 1, 1
71, 2, 748, 540, 347, 328, 1, 1, 1
72, 2, 751, 541, 346, 326, 1, 1, 1
73, 2, 749, 539, 349, 326, 1, 1, 1
74, 2, 749, 539, 350, 326, 1, 1, 1
75, 2, 751, 540, 350, 328, 1, 1, 1
76, 2, 750, 540, 353, 328, 1, 1, 1
77, 2, 752, 539, 348, 328, 1, 1, 1
78, 2, 753, 539, 347, 329, 1, 1, 1
79, 2, 754, 540, 349, 327, 1, 1, 1
80, 2, 756, 539, 348, 328, 1, 1, 1
81, 2, 759, 539, 348, 329, 1, 1, 1
82, 2, 762, 540, 347, 329, 1, 1, 1
83, 2, 760, 541, 347, 327, 1, 1, 1
84, 2, 757, 542, 350, 327, 1, 1, 1
