64, 6, 719, 178, 402, 344, 1, 1, 1
65, 6, 750, 201, 379, 298, 1, 1, 1
66, 6, 1060, 201, 102, 88, 1, 1, 1
67, 6, 814, 188, 306, 231, 1, 1, 1
69, 6, 844, 231, 459, 124, 1, 1, 1
70, 6, 855, 241, 468, 170, 1, 1, 1
71, 6, 864, 242, 487, 187, 1, 1, 1
72, 6, 932, 218, 522, 233, 1, 1, 1
73, 6, 1045, 234, 531, 259, 1, 1, 1
74, 6, 1110, 189, 514, 314, 1, 1, 1
75, 6, 1152, 166, 525, 316, 1, 1, 1
76, 6, 1180, 143, 553, 311, 1, 1, 1
77, 6, 1200, 113, 576, 342, 1, 1, 1
78, 6, 1204, 108, 584, 370, 1, 1, 1
79, 6, 1213, 119, 576, 358, 1, 1, 1
80, 6, 1248, 113, 552, 354, 1, 1, 1
