1, 2, 979, 38, 192, 257, 1, 1, 1
2, 2, 967, 68, 223, 226, 1, 1, 1
3, 2, 961, 166, 218, 156, 1, 1, 1
4, 2, 974, 124, 241, 237, 1, 1, 1
5, 2, 972, 97, 203, 296, 1, 1, 1
6, 2, 961, 107, 209, 298, 1, 1, 1
7, 2, 943, 101, 234, 306, 1, 1, 1
8, 2, 912, 102, 256, 314, 1, 1, 1
9, 2, 687, 119, 461, 485, 1, 1, 1
10, 2, 654, 152, 495, 474, 1, 1, 1
11, 2, 638, 134, 508, 503, 1, 1, 1
12, 2, 598, 151, 521, 514, 1, 1, 1
13, 2, 543, 201, 573, 494, 1, 1, 1
14, 2, 574, 180, 543, 559, 1, 1, 1
15, 2, 538, 174, 560, 687, 1, 1, 1
16, 2, 525, 166, 574, 693, 1, 1, 1
17, 2, 444, 154, 646, 707, 1, 1, 1
18, 2, 351, 286, 797, 600, 1, 1, 1
19, 2, 322, 326, 943, 560, 1, 1, 1
20, 2, 287, 341, 1110, 545, 1, 1, 1
21, 2, 286, 347, 1214, 538, 1, 1, 1
22, 2, 341, 365, 1299, 521, 1, 1, 1
23, 2, 661, 377, 1141, 509, 1, 1, 1
24, 2, 731, 430, 1189, 456, 1, 1, 1
4, 5, 986, 142, 26, 69, 1, 1, 1
5, 5, 968, 127, 174, 104, 1, 1, 1
6, 5, 943, 96, 189, 146, 1, 1, 1
7, 5, 932, 87, 190, 167, 1, 1, 1
8, 5, 959, 56, 129, 146, 1, 1, 1
9, 5, 992, 46, 97, 169, 1, 1, 1
10, 5, 945, 60, 146, 179, 1, 1, 1
11, 5, 931, 93, 179, 165, 1, 1, 1
12, 5, 918, 83, 205, 211, 1, 1, 1
13, 5, 893, 64, 231, 281, 1, 1, 1
14, 5, 839, 41, 281, 305, 1, 1, 1
15, 5, 832, 17, 297, 327, 1, 1, 1
16, 5, 838, 15, 335, 304, 1, 1, 1
17, 5, 827, 46, 316, 322, 1, 1, 1
18, 5, 801, 0, 356, 426, 1, 1, 1
19, 5, 763, 6, 442, 453, 1, 1, 1
20, 5, 740, 4, 467, 510, 1, 1, 1
21, 5, 724, 3, 418, 574, 1, 1, 1
22, 5, 703, 23, 473, 468, 1, 1, 1
23, 5, 680, 41, 486, 430, 1, 1, 1
24, 5, 655, 53, 501, 401, 1, 1, 1
