16, 2, 450, 0, 1056, 753, 1, 1, 1
17, 2, 544, 46, 1007, 655, 1, 1, 1
18, 2, 554, 0, 931, 691, 1, 1, 1
19, 2, 431, 0, 911, 680, 1, 1, 1
20, 2, 254, 0, 1121, 670, 1, 1, 1
21, 2, 0, 140, 1464, 496, 1, 1, 1
22, 2, 206, 113, 1229, 463, 1, 1, 1
23, 2, 276, 110, 1082, 521, 1, 1, 1
24, 2, 260, 101, 1019, 561, 1, 1, 1
25, 2, 318, 91, 546, 533, 1, 1, 1
28, 2, 648, 94, 750, 305, 1, 1, 1
29, 2, 690, 21, 710, 622, 1, 1, 1
30, 2, 526, 67, 771, 616, 1, 1, 1
31, 2, 456, 107, 752, 470, 1, 1, 1
32, 2, 535, 77, 660, 543, 1, 1, 1
33, 2, 472, 141, 760, 475, 1, 1, 1
34, 2, 407, 0, 943, 613, 1, 1, 1
35, 2, 421, 0, 927, 628, 1, 1, 1
36, 2, 491, 0, 801, 637, 1, 1, 1
37, 2, 413, 0, 825, 594, 1, 1, 1
38, 2, 240, 10, 1331, 601, 1, 1, 1
39, 2, 333, 0, 546, 642, 1, 1, 1
40, 2, 385, 0, 569, 616, 1, 1, 1
41, 2, 409, 85, 635, 526, 1, 1, 1
42, 2, 466, 119, 858, 488, 1, 1, 1
43, 2, 545, 125, 811, 486, 1, 1, 1
44, 2, 635, 138, 727, 422, 1, 1, 1
45, 2, 689, 130, 627, 477, 1, 1, 1
46, 2, 728, 101, 495, 560, 1, 1, 1
47, 2, 747, 69, 657, 593, 1, 1, 1
48, 2, 796, 45, 748, 593, 1, 1, 1
49, 2, 818, 49, 822, 592, 1, 1, 1
50, 2, 834, 32, 847, 604, 1, 1, 1
51, 2, 820, 7, 873, 623, 1, 1, 1
52, 2, 809, 0, 896, 621, 1, 1, 1
53, 2, 816, 0, 890, 618, 1, 1, 1
