62, 3, 923, 226, 37, 130, 1, 1, 1
63, 3, 865, 152, 95, 227, 1, 1, 1
64, 3, 808, 137, 152, 234, 1, 1, 1
65, 3, 758, 134, 181, 228, 1, 1, 1
66, 3, 717, 134, 215, 218, 1, 1, 1
67, 3, 695, 126, 198, 216, 1, 1, 1
68, 3, 655, 141, 296, 182, 1, 1, 1
69, 3, 645, 128, 315, 187, 1, 1, 1
70, 3, 723, 117, 237, 200, 1, 1, 1
71, 3, 719, 118, 241, 204, 1, 1, 1
72, 3, 747, 116, 213, 207, 1, 1, 1
73, 3, 736, 114, 224, 199, 1, 1, 1
74, 3, 760, 112, 200, 206, 1, 1, 1
75, 3, 768, 112, 192, 201, 1, 1, 1
76, 3, 827, 115, 133, 198, 1, 1, 1
77, 3, 839, 112, 121, 200, 1, 1, 1
