1, 2, 376, 390, 200, 417, 1, 1, 1
2, 2, 375, 387, 201, 418, 1, 1, 1
3, 2, 381, 382, 195, 422, 1, 1, 1
4, 2, 382, 376, 194, 427, 1, 1, 1
5, 2, 388, 365, 188, 433, 1, 1, 1
6, 2, 383, 356, 193, 439, 1, 1, 1
7, 2, 365, 348, 211, 440, 1, 1, 1
8, 2, 335, 343, 241, 440, 1, 1, 1
9, 2, 303, 338, 273, 431, 1, 1, 1
10, 2, 278, 337, 298, 440, 1, 1, 1
11, 2, 258, 333, 318, 453, 1, 1, 1
12, 2, 304, 331, 272, 455, 1, 1, 1
13, 2, 320, 341, 256, 439, 1, 1, 1
14, 2, 330, 340, 246, 442, 1, 1, 1
15, 2, 338, 339, 238, 446, 1, 1, 1
16, 2, 337, 337, 239, 444, 1, 1, 1
17, 2, 332, 329, 244, 449, 1, 1, 1
18, 2, 322, 322, 254, 454, 1, 1, 1
19, 2, 312, 319, 264, 452, 1, 1, 1
20, 2, 307, 309, 269, 458, 1, 1, 1
21, 2, 301, 302, 275, 461, 1, 1, 1
22, 2, 289, 299, 287, 450, 1, 1, 1
23, 2, 277, 290, 299, 470, 1, 1, 1
24, 2, 262, 300, 314, 462, 1, 1, 1
25, 2, 272, 297, 304, 455, 1, 1, 1
26, 2, 265, 306, 311, 447, 1, 1, 1
27, 2, 258, 306, 318, 451, 1, 1, 1
28, 2, 247, 308, 329, 448, 1, 1, 1
29, 2, 236, 304, 340, 453, 1, 1, 1
30, 2, 222, 299, 354, 458, 1, 1, 1
