17, 1, 843, 0, 902, 698, 1, 1, 1
18, 1, 780, 0, 917, 691, 1, 1, 1
19, 1, 745, 0, 920, 686, 1, 1, 1
20, 1, 724, 0, 849, 699, 1, 1, 1
21, 1, 726, 0, 763, 710, 1, 1, 1
22, 1, 723, 1, 649, 737, 1, 1, 1
23, 1, 727, 0, 572, 745, 1, 1, 1
24, 1, 765, 0, 453, 775, 1, 1, 1
25, 1, 717, 1, 465, 790, 1, 1, 1
26, 1, 660, 0, 530, 798, 1, 1, 1
27, 1, 628, 0, 581, 861, 1, 1, 1
28, 1, 671, 0, 469, 888, 1, 1, 1
29, 1, 670, 0, 450, 906, 1, 1, 1
30, 1, 653, 0, 438, 920, 1, 1, 1
31, 1, 644, 0, 424, 928, 1, 1, 1
32, 1, 638, 1, 418, 927, 1, 1, 1
33, 1, 627, 1, 431, 927, 1, 1, 1
34, 1, 591, 0, 488, 927, 1, 1, 1
35, 1, 552, 1, 618, 927, 1, 1, 1
36, 1, 521, 0, 791, 928, 1, 1, 1
37, 1, 526, 0, 761, 928, 1, 1, 1
