21, 6, 349, 149, 27, 62, 1, 1, 1
22, 6, 348, 145, 35, 63, 1, 1, 1
23, 6, 342, 142, 34, 64, 1, 1, 1
24, 6, 334, 138, 35, 69, 1, 1, 1
25, 6, 338, 138, 31, 69, 1, 1, 1
26, 6, 348, 137, 26, 71, 1, 1, 1
27, 6, 348, 140, 28, 67, 1, 1, 1
28, 6, 344, 143, 33, 62, 1, 1, 1
29, 6, 353, 145, 33, 57, 1, 1, 1
30, 6, 370, 148, 39, 53, 1, 1, 1
31, 6, 384, 147, 40, 53, 1, 1, 1
32, 6, 408, 145, 33, 54, 1, 1, 1
33, 6, 432, 148, 37, 53, 1, 1, 1
34, 6, 460, 148, 40, 51, 1, 1, 1
35, 6, 497, 146, 39, 49, 1, 1, 1
36, 6, 525, 147, 25, 44, 1, 1, 1
37, 6, 537, 149, 13, 27, 1, 1, 1
