127, 10, 936, 258, 24, 222, 1, 1, 1
128, 10, 829, 279, 131, 237, 1, 1, 1
129, 10, 730, 267, 230, 241, 1, 1, 1
130, 10, 663, 268, 297, 276, 1, 1, 1
131, 10, 611, 308, 349, 236, 1, 1, 1
132, 10, 563, 300, 397, 244, 1, 1, 1
133, 10, 546, 334, 414, 210, 1, 1, 1
134, 10, 504, 217, 456, 327, 1, 1, 1
135, 10, 483, 303, 477, 241, 1, 1, 1
136, 10, 473, 300, 487, 244, 1, 1, 1
137, 10, 432, 260, 497, 284, 1, 1, 1
138, 10, 391, 243, 442, 301, 1, 1, 1
139, 10, 367, 250, 447, 294, 1, 1, 1
140, 10, 348, 228, 462, 316, 1, 1, 1
141, 10, 381, 224, 349, 320, 1, 1, 1
142, 10, 430, 231, 290, 311, 1, 1, 1
143, 10, 524, 223, 205, 316, 1, 1, 1
144, 10, 552, 226, 185, 315, 1, 1, 1
145, 10, 576, 253, 300, 288, 1, 1, 1
146, 10, 593, 259, 347, 285, 1, 1, 1
147, 10, 547, 253, 413, 291, 1, 1, 1
148, 10, 516, 246, 444, 298, 1, 1, 1
149, 10, 529, 249, 431, 295, 1, 1, 1
150, 10, 558, 263, 402, 281, 1, 1, 1
