89, 2, 783, 490, 280, 376, 1, 1, 1
90, 2, 867, 455, 244, 390, 1, 1, 1
91, 2, 920, 394, 214, 377, 1, 1, 1
92, 2, 1002, 360, 179, 385, 1, 1, 1
93, 2, 1020, 346, 174, 385, 1, 1, 1
94, 2, 933, 375, 243, 359, 1, 1, 1
95, 2, 926, 381, 255, 354, 1, 1, 1
96, 2, 887, 361, 223, 350, 1, 1, 1
97, 2, 919, 340, 264, 370, 1, 1, 1
72, 1, 763, 384, 243, 362, 1, 1, 1
73, 1, 773, 373, 250, 362, 1, 1, 1
74, 1, 774, 358, 236, 367, 1, 1, 1
75, 1, 781, 357, 225, 373, 1, 1, 1
76, 1, 795, 368, 206, 374, 1, 1, 1
77, 1, 790, 372, 203, 372, 1, 1, 1
78, 1, 797, 377, 209, 372, 1, 1, 1
79, 1, 840, 382, 167, 362, 1, 1, 1
80, 1, 839, 395, 181, 360, 1, 1, 1
81, 1, 842, 408, 192, 361, 1, 1, 1
82, 1, 870, 415, 161, 358, 1, 1, 1
83, 1, 879, 426, 149, 360, 1, 1, 1
84, 1, 921, 432, 158, 358, 1, 1, 1
85, 1, 942, 400, 145, 366, 1, 1, 1
86, 1, 894, 389, 223, 342, 1, 1, 1
