71, 1, 318, 258, 384, 502, 1, 1, 1
72, 1, 350, 288, 383, 475, 1, 1, 1
73, 1, 361, 311, 386, 455, 1, 1, 1
74, 1, 366, 320, 387, 468, 1, 1, 1
75, 1, 365, 336, 364, 473, 1, 1, 1
76, 1, 408, 346, 316, 463, 1, 1, 1
77, 1, 417, 361, 300, 455, 1, 1, 1
78, 1, 378, 379, 330, 440, 1, 1, 1
79, 1, 403, 403, 298, 420, 1, 1, 1
80, 1, 426, 415, 260, 406, 1, 1, 1
81, 1, 438, 436, 253, 389, 1, 1, 1
82, 1, 411, 460, 313, 358, 1, 1, 1
83, 1, 416, 478, 306, 352, 1, 1, 1
84, 1, 431, 470, 290, 356, 1, 1, 1
85, 1, 447, 470, 286, 355, 1, 1, 1
86, 1, 477, 466, 269, 377, 1, 1, 1
87, 1, 481, 476, 247, 362, 1, 1, 1
88, 1, 485, 516, 263, 339, 1, 1, 1
