65, 9, 28, 1046, 167, 33, 1, 1, 1
66, 9, 34, 1030, 210, 49, 1, 1, 1
67, 9, 1, 1019, 294, 61, 1, 1, 1
68, 9, 0, 966, 484, 114, 1, 1, 1
69, 9, 0, 975, 524, 105, 1, 1, 1
70, 9, 0, 981, 560, 98, 1, 1, 1
71, 9, 76, 970, 512, 108, 1, 1, 1
72, 9, 0, 938, 615, 142, 1, 1, 1
73, 9, 0, 902, 632, 178, 1, 1, 1
74, 9, 0, 863, 656, 216, 1, 1, 1
75, 9, 35, 828, 644, 252, 1, 1, 1
76, 9, 16, 798, 688, 282, 1, 1, 1
77, 9, 0, 832, 708, 248, 1, 1, 1
78, 9, 1, 733, 744, 347, 1, 1, 1
79, 9, 0, 698, 768, 382, 1, 1, 1
80, 9, 0, 668, 789, 412, 1, 1, 1
81, 9, 0, 633, 812, 447, 1, 1, 1
82, 9, 11, 598, 820, 482, 1, 1, 1
83, 9, 31, 564, 817, 516, 1, 1, 1
84, 9, 52, 530, 807, 550, 1, 1, 1
85, 9, 69, 499, 820, 581, 1, 1, 1
86, 9, 85, 469, 835, 610, 1, 1, 1
87, 9, 105, 441, 823, 638, 1, 1, 1
88, 9, 139, 417, 812, 663, 1, 1, 1
89, 9, 145, 392, 834, 688, 1, 1, 1
90, 9, 166, 370, 842, 710, 1, 1, 1
91, 9, 179, 354, 855, 725, 1, 1, 1
92, 9, 193, 339, 867, 739, 1, 1, 1
93, 9, 196, 323, 894, 756, 1, 1, 1
94, 9, 217, 294, 912, 785, 1, 1, 1
95, 9, 224, 387, 698, 663, 1, 1, 1
96, 9, 256, 379, 646, 641, 1, 1, 1
97, 9, 297, 381, 579, 610, 1, 1, 1
