43, 1, 367, 148, 608, 395, 1, 1, 1
44, 1, 379, 169, 622, 361, 1, 1, 1
45, 1, 478, 101, 549, 436, 1, 1, 1
46, 1, 526, 86, 534, 410, 1, 1, 1
47, 1, 584, 63, 517, 367, 1, 1, 1
48, 1, 613, 76, 501, 377, 1, 1, 1
49, 1, 545, 161, 580, 295, 1, 1, 1
50, 1, 632, 91, 506, 370, 1, 1, 1
51, 1, 684, 99, 472, 403, 1, 1, 1
52, 1, 701, 61, 435, 420, 1, 1, 1
53, 1, 666, 88, 463, 386, 1, 1, 1
54, 1, 728, 58, 400, 432, 1, 1, 1
55, 1, 744, 58, 387, 438, 1, 1, 1
56, 1, 738, 68, 405, 466, 1, 1, 1
57, 1, 782, 64, 360, 464, 1, 1, 1
58, 1, 785, 44, 328, 429, 1, 1, 1
59, 1, 791, 49, 333, 411, 1, 1, 1
60, 1, 793, 53, 291, 449, 1, 1, 1
61, 1, 757, 67, 351, 439, 1, 1, 1
62, 1, 756, 31, 354, 464, 1, 1, 1
63, 1, 755, 54, 326, 443, 1, 1, 1
64, 1, 754, 50, 337, 458, 1, 1, 1
65, 1, 762, 60, 321, 439, 1, 1, 1
66, 1, 757, 67, 327, 443, 1, 1, 1
67, 1, 757, 94, 312, 433, 1, 1, 1
68, 1, 812, 81, 266, 449, 1, 1, 1
69, 1, 794, 72, 282, 442, 1, 1, 1
70, 1, 781, 72, 284, 399, 1, 1, 1
71, 1, 796, 60, 266, 421, 1, 1, 1
72, 1, 797, 69, 257, 423, 1, 1, 1
73, 1, 757, 63, 291, 458, 1, 1, 1
74, 1, 788, 134, 400, 460, 1, 1, 1
75, 1, 807, 87, 381, 519, 1, 1, 1
76, 1, 816, 97, 369, 501, 1, 1, 1
77, 1, 834, 80, 400, 487, 1, 1, 1
78, 1, 820, 71, 473, 483, 1, 1, 1
79, 1, 780, 29, 520, 501, 1, 1, 1
80, 1, 753, 0, 593, 494, 1, 1, 1
81, 1, 738, 0, 645, 463, 1, 1, 1
82, 1, 698, 0, 721, 358, 1, 1, 1
83, 1, 653, 0, 774, 439, 1, 1, 1
84, 1, 645, 0, 795, 529, 1, 1, 1
85, 1, 720, 46, 720, 556, 1, 1, 1
86, 1, 723, 60, 717, 569, 1, 1, 1
87, 1, 649, 17, 791, 689, 1, 1, 1
88, 1, 654, 45, 786, 661, 1, 1, 1
89, 1, 620, 48, 820, 640, 1, 1, 1
90, 1, 684, 166, 756, 669, 1, 1, 1
91, 1, 686, 161, 754, 675, 1, 1, 1
92, 1, 740, 169, 700, 669, 1, 1, 1
93, 1, 787, 104, 653, 730, 1, 1, 1
94, 1, 754, 48, 686, 786, 1, 1, 1
95, 1, 748, 155, 692, 676, 1, 1, 1
96, 1, 587, 123, 853, 697, 1, 1, 1
97, 1, 639, 81, 786, 661, 1, 1, 1
98, 1, 622, 41, 818, 727, 1, 1, 1
99, 1, 658, 0, 782, 772, 1, 1, 1
100, 1, 577, 75, 863, 703, 1, 1, 1
101, 1, 489, 128, 895, 647, 1, 1, 1
102, 1, 490, 120, 933, 657, 1, 1, 1
103, 1, 521, 129, 919, 537, 1, 1, 1
104, 1, 588, 125, 852, 584, 1, 1, 1
105, 1, 709, 154, 731, 623, 1, 1, 1
106, 1, 679, 202, 761, 575, 1, 1, 1
107, 1, 726, 73, 714, 695, 1, 1, 1
108, 1, 665, 119, 775, 657, 1, 1, 1
109, 1, 592, 216, 848, 555, 1, 1, 1
110, 1, 583, 120, 855, 670, 1, 1, 1
111, 1, 529, 190, 877, 605, 1, 1, 1
112, 1, 531, 192, 878, 607, 1, 1, 1
113, 1, 504, 138, 892, 655, 1, 1, 1
114, 1, 488, 131, 849, 667, 1, 1, 1
115, 1, 430, 144, 848, 665, 1, 1, 1
116, 1, 430, 128, 816, 607, 1, 1, 1
117, 1, 416, 166, 834, 573, 1, 1, 1
118, 1, 389, 163, 821, 580, 1, 1, 1
119, 1, 388, 139, 850, 611, 1, 1, 1
120, 1, 424, 160, 866, 596, 1, 1, 1
121, 1, 485, 134, 835, 628, 1, 1, 1
122, 1, 444, 81, 828, 594, 1, 1, 1
123, 1, 301, 111, 940, 595, 1, 1, 1
124, 1, 281, 120, 834, 587, 1, 1, 1
125, 1, 257, 123, 803, 597, 1, 1, 1
126, 1, 241, 46, 836, 484, 1, 1, 1
127, 1, 231, 2, 787, 532, 1, 1, 1
128, 1, 215, 0, 782, 540, 1, 1, 1
129, 1, 247, 0, 781, 554, 1, 1, 1
130, 1, 280, 19, 797, 549, 1, 1, 1
131, 1, 349, 21, 754, 561, 1, 1, 1
132, 1, 351, 94, 816, 507, 1, 1, 1
133, 1, 356, 71, 760, 552, 1, 1, 1
134, 1, 439, 105, 721, 527, 1, 1, 1
135, 1, 466, 78, 720, 568, 1, 1, 1
1, 1, 660, 142, 537, 749, 1, 1, 1
2, 1, 676, 212, 580, 676, 1, 1, 1
3, 1, 816, 292, 497, 780, 1, 1, 1
4, 1, 943, 346, 425, 734, 1, 1, 1
5, 1, 909, 377, 531, 703, 1, 1, 1
6, 1, 948, 392, 492, 688, 1, 1, 1
