9, 6, 168, 568, 700, 463, 1, 1, 1
10, 6, 237, 612, 698, 396, 1, 1, 1
11, 6, 273, 625, 685, 361, 1, 1, 1
12, 6, 281, 622, 687, 366, 1, 1, 1
13, 6, 316, 590, 693, 397, 1, 1, 1
14, 6, 375, 566, 720, 419, 1, 1, 1
15, 6, 427, 571, 712, 411, 1, 1, 1
16, 6, 464, 597, 686, 355, 1, 1, 1
17, 6, 492, 620, 635, 329, 1, 1, 1
18, 6, 534, 631, 619, 320, 1, 1, 1
19, 6, 582, 637, 619, 309, 1, 1, 1
20, 6, 607, 629, 663, 312, 1, 1, 1
21, 6, 611, 625, 710, 314, 1, 1, 1
22, 6, 622, 625, 741, 317, 1, 1, 1
23, 6, 649, 632, 692, 310, 1, 1, 1
24, 6, 691, 626, 708, 320, 1, 1, 1
