1, 1, 0, 573, 130, 218, 1, 1, 1
2, 1, 0, 475, 199, 323, 1, 1, 1
3, 1, 0, 474, 295, 335, 1, 1, 1
4, 1, 98, 466, 292, 333, 1, 1, 1
5, 1, 220, 449, 287, 354, 1, 1, 1
6, 1, 330, 430, 267, 379, 1, 1, 1
7, 1, 412, 422, 275, 397, 1, 1, 1
8, 1, 500, 421, 287, 390, 1, 1, 1
9, 1, 591, 423, 302, 392, 1, 1, 1
10, 1, 672, 425, 334, 383, 1, 1, 1
11, 1, 751, 414, 355, 368, 1, 1, 1
12, 1, 807, 401, 372, 383, 1, 1, 1
13, 1, 847, 395, 389, 387, 1, 1, 1
14, 1, 879, 393, 402, 371, 1, 1, 1
15, 1, 879, 395, 408, 371, 1, 1, 1
16, 1, 854, 393, 422, 368, 1, 1, 1
17, 1, 829, 384, 427, 365, 1, 1, 1
18, 1, 809, 373, 428, 389, 1, 1, 1
19, 1, 793, 362, 432, 379, 1, 1, 1
20, 1, 780, 351, 438, 383, 1, 1, 1
21, 1, 764, 342, 452, 390, 1, 1, 1
22, 1, 755, 336, 454, 384, 1, 1, 1
23, 1, 745, 334, 464, 393, 1, 1, 1
24, 1, 733, 331, 474, 397, 1, 1, 1
25, 1, 721, 329, 480, 390, 1, 1, 1
