12, 4, 531, 495, 328, 382, 1, 1, 1
13, 4, 529, 493, 321, 379, 1, 1, 1
14, 4, 546, 491, 306, 380, 1, 1, 1
15, 4, 551, 490, 303, 379, 1, 1, 1
16, 4, 551, 491, 309, 382, 1, 1, 1
17, 4, 552, 492, 317, 381, 1, 1, 1
18, 4, 552, 497, 326, 379, 1, 1, 1
19, 4, 563, 498, 315, 381, 1, 1, 1
20, 4, 567, 500, 307, 380, 1, 1, 1
21, 4, 575, 501, 296, 382, 1, 1, 1
22, 4, 572, 499, 299, 384, 1, 1, 1
23, 4, 577, 498, 293, 385, 1, 1, 1
24, 4, 580, 500, 290, 381, 1, 1, 1
25, 4, 592, 499, 276, 382, 1, 1, 1
56, 2, 841, 540, 458, 219, 1, 1, 1
57, 2, 834, 538, 471, 341, 1, 1, 1
58, 2, 837, 538, 468, 340, 1, 1, 1
59, 2, 838, 534, 469, 344, 1, 1, 1
