26, 7, 1866, 628, 54, 35, 1, 1, 1
27, 7, 1862, 629, 58, 68, 1, 1, 1
28, 7, 1861, 628, 59, 70, 1, 1, 1
29, 7, 1863, 632, 57, 76, 1, 1, 1
30, 7, 1865, 643, 55, 58, 1, 1, 1
31, 7, 1866, 647, 54, 55, 1, 1, 1
32, 7, 1833, 638, 87, 63, 1, 1, 1
33, 7, 1826, 635, 21, 16, 1, 1, 1
34, 7, 1826, 634, 24, 16, 1, 1, 1
35, 7, 1824, 632, 38, 19, 1, 1, 1
36, 7, 1829, 633, 34, 14, 1, 1, 1
37, 7, 1837, 623, 30, 18, 1, 1, 1
38, 7, 1842, 622, 40, 25, 1, 1, 1
39, 7, 1842, 614, 47, 26, 1, 1, 1
40, 7, 1840, 605, 57, 33, 1, 1, 1
41, 7, 1836, 602, 62, 38, 1, 1, 1
42, 7, 1838, 605, 82, 107, 1, 1, 1
43, 7, 1834, 610, 71, 113, 1, 1, 1
44, 7, 1833, 616, 78, 113, 1, 1, 1
45, 7, 1830, 621, 85, 111, 1, 1, 1
46, 7, 1828, 623, 91, 111, 1, 1, 1
47, 7, 1831, 625, 89, 110, 1, 1, 1
48, 7, 1848, 624, 72, 110, 1, 1, 1
49, 7, 1866, 622, 54, 26, 1, 1, 1
50, 7, 1892, 617, 28, 20, 1, 1, 1
58, 7, 1903, 598, 17, 21, 1, 1, 1
59, 7, 1892, 606, 28, 20, 1, 1, 1
60, 7, 1873, 615, 47, 27, 1, 1, 1
61, 7, 1871, 626, 49, 26, 1, 1, 1
62, 7, 1877, 635, 43, 23, 1, 1, 1
63, 7, 1879, 636, 41, 25, 1, 1, 1
64, 7, 1877, 633, 43, 27, 1, 1, 1
65, 7, 1871, 624, 49, 28, 1, 1, 1
66, 7, 1861, 618, 59, 27, 1, 1, 1
67, 7, 1844, 611, 76, 58, 1, 1, 1
68, 7, 1842, 606, 78, 94, 1, 1, 1
69, 7, 1839, 602, 81, 111, 1, 1, 1
70, 7, 1837, 599, 83, 107, 1, 1, 1
71, 7, 1836, 596, 84, 102, 1, 1, 1
72, 7, 1836, 597, 84, 101, 1, 1, 1
73, 7, 1834, 601, 86, 101, 1, 1, 1
74, 7, 1834, 605, 86, 99, 1, 1, 1
75, 7, 1829, 608, 91, 100, 1, 1, 1
76, 7, 1820, 610, 100, 102, 1, 1, 1
77, 7, 1807, 611, 113, 106, 1, 1, 1
78, 7, 1803, 613, 112, 106, 1, 1, 1
79, 7, 1795, 614, 110, 106, 1, 1, 1
80, 7, 1792, 614, 109, 107, 1, 1, 1
