1, 4, 879, 475, 11, 50, 1, 1, 1
2, 4, 838, 468, 12, 50, 1, 1, 1
3, 4, 819, 470, 13, 54, 1, 1, 1
4, 4, 840, 464, 14, 53, 1, 1, 1
5, 4, 817, 466, 12, 51, 1, 1, 1
6, 4, 801, 458, 13, 49, 1, 1, 1
7, 4, 829, 449, 24, 64, 1, 1, 1
8, 4, 852, 473, 14, 56, 1, 1, 1
9, 4, 836, 469, 13, 55, 1, 1, 1
10, 4, 815, 480, 13, 59, 1, 1, 1
11, 4, 851, 470, 12, 57, 1, 1, 1
12, 4, 840, 470, 26, 57, 1, 1, 1
13, 4, 808, 466, 13, 61, 1, 1, 1
14, 4, 807, 454, 14, 61, 1, 1, 1
15, 4, 838, 469, 17, 65, 1, 1, 1
16, 4, 837, 475, 25, 67, 1, 1, 1
17, 4, 799, 457, 48, 72, 1, 1, 1
18, 4, 809, 452, 42, 72, 1, 1, 1
19, 4, 878, 454, 12, 73, 1, 1, 1
20, 4, 817, 461, 53, 76, 1, 1, 1
21, 4, 820, 465, 48, 73, 1, 1, 1
22, 4, 844, 458, 49, 75, 1, 1, 1
23, 4, 807, 467, 46, 75, 1, 1, 1
24, 4, 800, 463, 49, 82, 1, 1, 1
25, 4, 812, 463, 46, 76, 1, 1, 1
26, 4, 796, 458, 31, 82, 1, 1, 1
27, 4, 798, 460, 53, 79, 1, 1, 1
28, 4, 798, 473, 54, 84, 1, 1, 1
29, 4, 805, 452, 53, 85, 1, 1, 1
30, 4, 798, 452, 34, 76, 1, 1, 1
31, 4, 799, 464, 53, 85, 1, 1, 1
32, 4, 786, 462, 33, 81, 1, 1, 1
33, 4, 777, 463, 17, 82, 1, 1, 1
34, 4, 750, 456, 51, 90, 1, 1, 1
35, 4, 774, 436, 33, 95, 1, 1, 1
36, 4, 790, 439, 52, 93, 1, 1, 1
37, 4, 753, 452, 58, 93, 1, 1, 1
38, 4, 775, 451, 42, 93, 1, 1, 1
39, 4, 799, 434, 58, 103, 1, 1, 1
40, 4, 800, 487, 49, 88, 1, 1, 1
41, 4, 782, 468, 57, 96, 1, 1, 1
42, 4, 788, 475, 35, 102, 1, 1, 1
43, 4, 797, 467, 35, 100, 1, 1, 1
44, 4, 746, 467, 45, 98, 1, 1, 1
45, 4, 792, 457, 42, 104, 1, 1, 1
46, 4, 777, 457, 33, 61, 1, 1, 1
47, 4, 815, 464, 16, 6, 1, 1, 1
48, 4, 741, 462, 45, 110, 1, 1, 1
49, 4, 763, 444, 53, 108, 1, 1, 1
50, 4, 755, 476, 43, 120, 1, 1, 1
51, 4, 676, 475, 44, 113, 1, 1, 1
52, 4, 661, 448, 56, 115, 1, 1, 1
53, 4, 695, 448, 57, 112, 1, 1, 1
54, 4, 651, 429, 72, 123, 1, 1, 1
55, 4, 678, 438, 75, 114, 1, 1, 1
56, 4, 743, 446, 70, 114, 1, 1, 1
57, 4, 744, 463, 64, 116, 1, 1, 1
58, 4, 703, 457, 62, 121, 1, 1, 1
59, 4, 749, 447, 71, 125, 1, 1, 1
60, 4, 791, 464, 72, 127, 1, 1, 1
61, 4, 700, 477, 63, 131, 1, 1, 1
62, 4, 692, 476, 63, 135, 1, 1, 1
63, 4, 693, 449, 74, 145, 1, 1, 1
64, 4, 662, 464, 72, 139, 1, 1, 1
65, 4, 683, 451, 75, 146, 1, 1, 1
66, 4, 760, 456, 74, 146, 1, 1, 1
1, 6, 868, 483, 11, 35, 1, 1, 1
2, 6, 826, 478, 7, 34, 1, 1, 1
3, 6, 810, 480, 10, 38, 1, 1, 1
4, 6, 828, 484, 15, 27, 1, 1, 1
24, 6, 833, 485, 6, 29, 1, 1, 1
26, 6, 829, 492, 9, 37, 1, 1, 1
28, 6, 830, 510, 14, 33, 1, 1, 1
29, 6, 838, 503, 8, 17, 1, 1, 1
32, 6, 824, 469, 12, 60, 1, 1, 1
33, 6, 802, 457, 11, 72, 1, 1, 1
34, 6, 796, 463, 14, 66, 1, 1, 1
35, 6, 825, 446, 13, 69, 1, 1, 1
36, 6, 844, 448, 14, 67, 1, 1, 1
37, 6, 809, 451, 15, 76, 1, 1, 1
38, 6, 811, 458, 20, 70, 1, 1, 1
39, 6, 862, 464, 16, 52, 1, 1, 1
40, 6, 853, 504, 16, 53, 1, 1, 1
41, 6, 847, 529, 6, 14, 1, 1, 1
43, 6, 828, 499, 14, 40, 1, 1, 1
44, 6, 789, 498, 8, 38, 1, 1, 1
49, 6, 839, 447, 10, 5, 1, 1, 1
50, 6, 804, 472, 33, 84, 1, 1, 1
51, 6, 729, 469, 33, 82, 1, 1, 1
52, 6, 716, 448, 36, 78, 1, 1, 1
53, 6, 761, 457, 43, 72, 1, 1, 1
54, 6, 736, 439, 42, 78, 1, 1, 1
55, 6, 757, 447, 47, 76, 1, 1, 1
56, 6, 823, 458, 48, 70, 1, 1, 1
57, 6, 821, 463, 44, 79, 1, 1, 1
58, 6, 783, 461, 39, 79, 1, 1, 1
59, 6, 838, 453, 44, 80, 1, 1, 1
60, 6, 875, 458, 38, 87, 1, 1, 1
61, 6, 784, 471, 32, 82, 1, 1, 1
62, 6, 784, 472, 29, 84, 1, 1, 1
63, 6, 795, 451, 36, 87, 1, 1, 1
64, 6, 757, 464, 36, 85, 1, 1, 1
65, 6, 770, 461, 38, 84, 1, 1, 1
66, 6, 845, 458, 42, 88, 1, 1, 1
3, 12, 863, 475, 32, 84, 1, 1, 1
4, 12, 891, 469, 33, 90, 1, 1, 1
5, 12, 893, 479, 22, 77, 1, 1, 1
6, 12, 864, 474, 33, 77, 1, 1, 1
7, 12, 911, 475, 32, 85, 1, 1, 1
8, 12, 919, 476, 42, 99, 1, 1, 1
9, 12, 927, 477, 19, 85, 1, 1, 1
10, 12, 906, 493, 21, 85, 1, 1, 1
11, 12, 935, 473, 34, 92, 1, 1, 1
12, 12, 959, 477, 23, 88, 1, 1, 1
13, 12, 903, 471, 39, 88, 1, 1, 1
14, 12, 926, 471, 19, 86, 1, 1, 1
15, 12, 973, 486, 20, 94, 1, 1, 1
16, 12, 968, 498, 16, 73, 1, 1, 1
17, 12, 953, 477, 17, 86, 1, 1, 1
18, 12, 967, 484, 17, 77, 1, 1, 1
19, 12, 1003, 469, 43, 93, 1, 1, 1
20, 12, 983, 478, 29, 95, 1, 1, 1
21, 12, 970, 471, 49, 107, 1, 1, 1
22, 12, 1006, 467, 39, 101, 1, 1, 1
23, 12, 948, 466, 55, 106, 1, 1, 1
24, 12, 944, 472, 48, 106, 1, 1, 1
25, 12, 978, 471, 27, 104, 1, 1, 1
26, 12, 956, 463, 46, 112, 1, 1, 1
27, 12, 961, 467, 50, 107, 1, 1, 1
28, 12, 997, 492, 30, 104, 1, 1, 1
29, 12, 1012, 472, 32, 103, 1, 1, 1
30, 12, 984, 462, 55, 105, 1, 1, 1
31, 12, 1006, 482, 57, 111, 1, 1, 1
32, 12, 1004, 475, 64, 106, 1, 1, 1
33, 12, 985, 472, 61, 104, 1, 1, 1
34, 12, 986, 478, 59, 115, 1, 1, 1
35, 12, 1015, 466, 62, 122, 1, 1, 1
36, 12, 1041, 463, 59, 119, 1, 1, 1
37, 12, 1010, 471, 58, 113, 1, 1, 1
38, 12, 1015, 475, 65, 120, 1, 1, 1
39, 12, 1062, 462, 65, 121, 1, 1, 1
40, 12, 1059, 495, 58, 106, 1, 1, 1
41, 12, 1050, 477, 66, 108, 1, 1, 1
42, 12, 1031, 488, 76, 111, 1, 1, 1
43, 12, 1038, 473, 70, 107, 1, 1, 1
44, 12, 991, 473, 66, 111, 1, 1, 1
45, 12, 1033, 472, 64, 120, 1, 1, 1
46, 12, 1002, 467, 72, 112, 1, 1, 1
47, 12, 1023, 479, 65, 115, 1, 1, 1
48, 12, 976, 479, 57, 106, 1, 1, 1
49, 12, 997, 446, 60, 118, 1, 1, 1
50, 12, 980, 473, 65, 118, 1, 1, 1
51, 12, 912, 466, 52, 116, 1, 1, 1
52, 12, 894, 460, 57, 118, 1, 1, 1
53, 12, 956, 478, 29, 107, 1, 1, 1
54, 12, 906, 457, 52, 120, 1, 1, 1
55, 12, 930, 478, 51, 112, 1, 1, 1
56, 12, 995, 483, 49, 108, 1, 1, 1
57, 12, 982, 472, 60, 120, 1, 1, 1
58, 12, 964, 476, 34, 108, 1, 1, 1
59, 12, 1011, 474, 38, 111, 1, 1, 1
60, 12, 1054, 466, 47, 115, 1, 1, 1
61, 12, 959, 461, 42, 111, 1, 1, 1
62, 12, 951, 483, 35, 102, 1, 1, 1
63, 12, 975, 488, 17, 86, 1, 1, 1
10, 17, 880, 519, 6, 18, 1, 1, 1
11, 17, 912, 476, 17, 49, 1, 1, 1
12, 17, 910, 477, 23, 47, 1, 1, 1
13, 17, 864, 472, 17, 50, 1, 1, 1
14, 17, 864, 461, 17, 53, 1, 1, 1
15, 17, 903, 469, 17, 63, 1, 1, 1
16, 17, 893, 484, 24, 57, 1, 1, 1
17, 17, 875, 463, 12, 65, 1, 1, 1
18, 17, 886, 467, 16, 58, 1, 1, 1
19, 17, 942, 466, 18, 63, 1, 1, 1
20, 17, 901, 471, 16, 63, 1, 1, 1
21, 17, 895, 478, 26, 61, 1, 1, 1
22, 17, 907, 459, 32, 73, 1, 1, 1
23, 17, 866, 469, 34, 69, 1, 1, 1
24, 17, 871, 472, 16, 68, 1, 1, 1
25, 17, 888, 471, 13, 69, 1, 1, 1
26, 17, 879, 466, 11, 72, 1, 1, 1
27, 17, 871, 462, 18, 76, 1, 1, 1
28, 17, 865, 479, 41, 80, 1, 1, 1
29, 17, 879, 460, 22, 77, 1, 1, 1
30, 17, 857, 461, 25, 68, 1, 1, 1
31, 17, 858, 469, 38, 80, 1, 1, 1
32, 17, 847, 468, 31, 77, 1, 1, 1
33, 17, 831, 468, 17, 73, 1, 1, 1
34, 17, 815, 463, 41, 82, 1, 1, 1
35, 17, 840, 449, 19, 84, 1, 1, 1
36, 17, 860, 449, 37, 83, 1, 1, 1
37, 17, 828, 457, 31, 84, 1, 1, 1
38, 17, 824, 456, 49, 86, 1, 1, 1
39, 17, 876, 445, 35, 90, 1, 1, 1
40, 17, 865, 488, 33, 82, 1, 1, 1
41, 17, 856, 471, 30, 86, 1, 1, 1
42, 17, 837, 477, 39, 89, 1, 1, 1
43, 17, 838, 469, 40, 87, 1, 1, 1
44, 17, 791, 472, 19, 82, 1, 1, 1
45, 17, 835, 455, 35, 96, 1, 1, 1
46, 17, 805, 457, 40, 89, 1, 1, 1
47, 17, 823, 466, 40, 93, 1, 1, 1
48, 17, 775, 469, 42, 88, 1, 1, 1
49, 17, 797, 448, 43, 87, 1, 1, 1
50, 17, 782, 474, 38, 100, 1, 1, 1
51, 17, 703, 480, 23, 87, 1, 1, 1
52, 17, 694, 450, 40, 92, 1, 1, 1
53, 17, 731, 457, 51, 85, 1, 1, 1
54, 17, 704, 438, 49, 94, 1, 1, 1
55, 17, 726, 441, 52, 95, 1, 1, 1
56, 17, 792, 455, 52, 89, 1, 1, 1
57, 17, 784, 467, 55, 92, 1, 1, 1
58, 17, 749, 458, 45, 97, 1, 1, 1
59, 17, 804, 447, 48, 100, 1, 1, 1
60, 17, 843, 464, 45, 99, 1, 1, 1
61, 17, 756, 476, 27, 100, 1, 1, 1
62, 17, 750, 473, 32, 105, 1, 1, 1
63, 17, 770, 452, 28, 111, 1, 1, 1
64, 17, 734, 466, 27, 106, 1, 1, 1
65, 17, 748, 458, 30, 109, 1, 1, 1
66, 17, 824, 459, 24, 110, 1, 1, 1
9, 15, 911, 491, 7, 29, 1, 1, 1
10, 15, 893, 513, 15, 43, 1, 1, 1
11, 15, 925, 472, 21, 66, 1, 1, 1
12, 15, 920, 472, 32, 72, 1, 1, 1
13, 15, 871, 467, 38, 73, 1, 1, 1
14, 15, 875, 457, 32, 80, 1, 1, 1
15, 15, 916, 471, 26, 82, 1, 1, 1
16, 15, 905, 480, 31, 78, 1, 1, 1
17, 15, 882, 466, 32, 80, 1, 1, 1
18, 15, 893, 464, 35, 81, 1, 1, 1
19, 15, 945, 463, 33, 83, 1, 1, 1
20, 15, 906, 467, 32, 85, 1, 1, 1
21, 15, 923, 483, 17, 70, 1, 1, 1
22, 15, 942, 460, 36, 86, 1, 1, 1
23, 15, 904, 459, 35, 93, 1, 1, 1
24, 15, 912, 481, 17, 77, 1, 1, 1
25, 15, 911, 467, 31, 87, 1, 1, 1
26, 15, 904, 460, 30, 94, 1, 1, 1
27, 15, 898, 462, 36, 91, 1, 1, 1
28, 15, 906, 483, 37, 91, 1, 1, 1
29, 15, 933, 465, 19, 88, 1, 1, 1
30, 15, 900, 458, 29, 88, 1, 1, 1
31, 15, 912, 476, 44, 94, 1, 1, 1
32, 15, 902, 471, 47, 92, 1, 1, 1
33, 15, 878, 467, 47, 93, 1, 1, 1
34, 15, 869, 470, 61, 100, 1, 1, 1
35, 15, 891, 454, 51, 108, 1, 1, 1
36, 15, 912, 454, 46, 104, 1, 1, 1
37, 15, 870, 464, 50, 102, 1, 1, 1
38, 15, 873, 462, 45, 110, 1, 1, 1
39, 15, 912, 447, 47, 116, 1, 1, 1
40, 15, 902, 488, 58, 106, 1, 1, 1
41, 15, 885, 474, 72, 111, 1, 1, 1
42, 15, 866, 483, 54, 114, 1, 1, 1
43, 15, 870, 470, 63, 115, 1, 1, 1
44, 15, 830, 469, 71, 119, 1, 1, 1
45, 15, 875, 460, 76, 131, 1, 1, 1
46, 15, 855, 463, 76, 121, 1, 1, 1
47, 15, 890, 472, 66, 128, 1, 1, 1
48, 15, 842, 478, 74, 116, 1, 1, 1
49, 15, 875, 455, 72, 121, 1, 1, 1
50, 15, 874, 476, 70, 136, 1, 1, 1
51, 15, 798, 474, 75, 128, 1, 1, 1
52, 15, 789, 457, 79, 134, 1, 1, 1
53, 15, 834, 471, 77, 124, 1, 1, 1
54, 15, 812, 451, 79, 139, 1, 1, 1
55, 15, 839, 466, 79, 134, 1, 1, 1
56, 15, 910, 473, 82, 131, 1, 1, 1
57, 15, 908, 479, 84, 132, 1, 1, 1
58, 15, 873, 473, 82, 135, 1, 1, 1
59, 15, 937, 472, 83, 140, 1, 1, 1
60, 15, 973, 472, 67, 139, 1, 1, 1
61, 15, 884, 469, 87, 136, 1, 1, 1
62, 15, 894, 476, 74, 145, 1, 1, 1
63, 15, 907, 458, 85, 152, 1, 1, 1
64, 15, 871, 477, 64, 145, 1, 1, 1
65, 15, 900, 482, 59, 150, 1, 1, 1
66, 15, 975, 479, 60, 156, 1, 1, 1
3, 11, 756, 491, 11, 34, 1, 1, 1
12, 11, 779, 491, 14, 32, 1, 1, 1
13, 11, 731, 461, 29, 64, 1, 1, 1
14, 11, 730, 439, 30, 71, 1, 1, 1
15, 11, 768, 486, 9, 35, 1, 1, 1
22, 11, 770, 484, 10, 46, 1, 1, 1
23, 11, 730, 504, 8, 37, 1, 1, 1
24, 11, 720, 496, 7, 43, 1, 1, 1
25, 11, 729, 489, 9, 46, 1, 1, 1
26, 11, 715, 490, 15, 48, 1, 1, 1
27, 11, 713, 481, 16, 53, 1, 1, 1
28, 11, 717, 493, 19, 59, 1, 1, 1
29, 11, 724, 468, 21, 64, 1, 1, 1
30, 11, 698, 473, 20, 51, 1, 1, 1
31, 11, 714, 499, 20, 46, 1, 1, 1
32, 11, 703, 483, 15, 62, 1, 1, 1
33, 11, 676, 481, 19, 64, 1, 1, 1
34, 11, 671, 475, 16, 66, 1, 1, 1
35, 11, 695, 489, 9, 37, 1, 1, 1
36, 11, 710, 453, 13, 75, 1, 1, 1
37, 11, 671, 478, 12, 63, 1, 1, 1
38, 11, 674, 462, 19, 75, 1, 1, 1
39, 11, 714, 455, 27, 75, 1, 1, 1
40, 11, 698, 484, 36, 89, 1, 1, 1
41, 11, 684, 472, 36, 95, 1, 1, 1
42, 11, 660, 472, 48, 105, 1, 1, 1
43, 11, 663, 466, 49, 103, 1, 1, 1
44, 11, 612, 463, 58, 102, 1, 1, 1
45, 11, 651, 447, 62, 111, 1, 1, 1
46, 11, 626, 452, 62, 109, 1, 1, 1
47, 11, 649, 456, 59, 113, 1, 1, 1
48, 11, 601, 467, 56, 105, 1, 1, 1
49, 11, 624, 442, 60, 104, 1, 1, 1
50, 11, 611, 477, 59, 119, 1, 1, 1
51, 11, 535, 473, 57, 117, 1, 1, 1
52, 11, 521, 438, 57, 113, 1, 1, 1
53, 11, 553, 437, 69, 110, 1, 1, 1
54, 11, 517, 423, 67, 112, 1, 1, 1
55, 11, 533, 411, 71, 114, 1, 1, 1
56, 11, 594, 428, 63, 108, 1, 1, 1
57, 11, 584, 456, 60, 110, 1, 1, 1
58, 11, 543, 449, 70, 114, 1, 1, 1
59, 11, 592, 439, 70, 113, 1, 1, 1
60, 11, 629, 461, 69, 121, 1, 1, 1
61, 11, 543, 486, 64, 126, 1, 1, 1
62, 11, 538, 475, 68, 128, 1, 1, 1
63, 11, 551, 450, 60, 132, 1, 1, 1
64, 11, 513, 458, 48, 127, 1, 1, 1
65, 11, 529, 466, 38, 100, 1, 1, 1
66, 11, 598, 468, 38, 101, 1, 1, 1
