6, 5, 775, 0, 158, 339, 1, 1, 1
7, 5, 785, 0, 147, 325, 1, 1, 1
8, 5, 776, 0, 137, 330, 1, 1, 1
9, 5, 776, 0, 138, 330, 1, 1, 1
10, 5, 764, 0, 150, 320, 1, 1, 1
11, 5, 755, 0, 139, 320, 1, 1, 1
12, 5, 753, 0, 137, 322, 1, 1, 1
13, 5, 740, 0, 134, 323, 1, 1, 1
14, 5, 730, 0, 127, 310, 1, 1, 1
15, 5, 716, 0, 124, 311, 1, 1, 1
16, 5, 707, 0, 135, 312, 1, 1, 1
17, 5, 704, 3, 122, 310, 1, 1, 1
18, 5, 710, 4, 122, 277, 1, 1, 1
19, 5, 722, 9, 118, 293, 1, 1, 1
20, 5, 735, 6, 114, 289, 1, 1, 1
21, 5, 741, 1, 113, 288, 1, 1, 1
22, 5, 738, 7, 121, 283, 1, 1, 1
23, 5, 725, 14, 126, 280, 1, 1, 1
24, 5, 712, 20, 116, 279, 1, 1, 1
25, 5, 705, 24, 116, 275, 1, 1, 1
26, 5, 702, 20, 112, 265, 1, 1, 1
27, 5, 699, 18, 107, 267, 1, 1, 1
28, 5, 689, 25, 116, 257, 1, 1, 1
29, 5, 691, 24, 98, 257, 1, 1, 1
30, 5, 685, 21, 87, 227, 1, 1, 1
31, 5, 693, 24, 74, 219, 1, 1, 1
32, 5, 687, 30, 80, 216, 1, 1, 1
33, 5, 680, 35, 84, 221, 1, 1, 1
34, 5, 668, 41, 88, 215, 1, 1, 1
35, 5, 649, 35, 96, 215, 1, 1, 1
36, 5, 639, 34, 87, 215, 1, 1, 1
37, 5, 637, 39, 84, 212, 1, 1, 1
38, 5, 640, 45, 78, 212, 1, 1, 1
39, 5, 633, 47, 79, 226, 1, 1, 1
40, 5, 632, 47, 77, 227, 1, 1, 1
41, 5, 617, 50, 87, 222, 1, 1, 1
42, 5, 608, 51, 98, 219, 1, 1, 1
43, 5, 601, 52, 85, 220, 1, 1, 1
44, 5, 596, 58, 78, 216, 1, 1, 1
45, 5, 596, 61, 77, 212, 1, 1, 1
33, 1, 1009, 0, 132, 332, 1, 1, 1
34, 1, 979, 0, 151, 334, 1, 1, 1
35, 1, 965, 0, 148, 326, 1, 1, 1
36, 1, 964, 0, 138, 325, 1, 1, 1
37, 1, 972, 0, 125, 329, 1, 1, 1
38, 1, 970, 0, 121, 329, 1, 1, 1
39, 1, 962, 0, 113, 323, 1, 1, 1
40, 1, 951, 0, 114, 312, 1, 1, 1
41, 1, 943, 0, 111, 313, 1, 1, 1
42, 1, 940, 0, 108, 308, 1, 1, 1
43, 1, 926, 0, 115, 309, 1, 1, 1
44, 1, 900, 0, 125, 312, 1, 1, 1
45, 1, 874, 0, 141, 309, 1, 1, 1
46, 1, 867, 0, 138, 307, 1, 1, 1
47, 1, 873, 0, 117, 296, 1, 1, 1
48, 1, 882, 0, 96, 293, 1, 1, 1
