27, 1, 375, 224, 533, 856, 1, 1, 1
28, 1, 370, 224, 541, 856, 1, 1, 1
29, 1, 375, 223, 537, 857, 1, 1, 1
30, 1, 368, 225, 545, 855, 1, 1, 1
31, 1, 361, 229, 551, 851, 1, 1, 1
32, 1, 366, 233, 547, 847, 1, 1, 1
33, 1, 380, 237, 536, 843, 1, 1, 1
34, 1, 383, 236, 538, 844, 1, 1, 1
35, 1, 382, 236, 545, 844, 1, 1, 1
36, 1, 383, 231, 551, 849, 1, 1, 1
37, 1, 377, 229, 559, 851, 1, 1, 1
38, 1, 382, 227, 553, 853, 1, 1, 1
39, 1, 385, 223, 549, 857, 1, 1, 1
40, 1, 377, 219, 555, 861, 1, 1, 1
41, 1, 374, 213, 552, 867, 1, 1, 1
42, 1, 345, 209, 579, 870, 1, 1, 1
43, 1, 355, 207, 567, 873, 1, 1, 1
44, 1, 345, 207, 573, 872, 1, 1, 1
45, 1, 344, 214, 568, 866, 1, 1, 1
46, 1, 347, 208, 558, 872, 1, 1, 1
47, 1, 346, 213, 555, 866, 1, 1, 1
36, 2, 835, 210, 166, 300, 1, 1, 1
37, 2, 840, 182, 164, 315, 1, 1, 1
38, 2, 851, 169, 158, 340, 1, 1, 1
39, 2, 849, 163, 162, 341, 1, 1, 1
40, 2, 848, 161, 162, 343, 1, 1, 1
41, 2, 843, 172, 167, 329, 1, 1, 1
42, 2, 843, 174, 162, 327, 1, 1, 1
43, 2, 837, 175, 166, 325, 1, 1, 1
44, 2, 841, 177, 161, 322, 1, 1, 1
45, 2, 817, 191, 176, 310, 1, 1, 1
46, 2, 816, 207, 176, 294, 1, 1, 1
47, 2, 812, 213, 175, 286, 1, 1, 1
