1, 2, 571, 0, 181, 425, 1, 1, 1
2, 2, 543, 0, 205, 424, 1, 1, 1
3, 2, 536, 0, 219, 427, 1, 1, 1
4, 2, 539, 0, 218, 443, 1, 1, 1
5, 2, 524, 0, 253, 454, 1, 1, 1
6, 2, 518, 0, 286, 452, 1, 1, 1
7, 2, 536, 0, 316, 462, 1, 1, 1
8, 2, 537, 0, 315, 470, 1, 1, 1
9, 2, 528, 0, 324, 462, 1, 1, 1
10, 2, 500, 0, 352, 470, 1, 1, 1
11, 2, 492, 0, 360, 480, 1, 1, 1
12, 2, 445, 0, 407, 538, 1, 1, 1
13, 2, 422, 20, 430, 556, 1, 1, 1
14, 2, 417, 58, 435, 522, 1, 1, 1
15, 2, 405, 51, 447, 504, 1, 1, 1
16, 2, 379, 31, 473, 500, 1, 1, 1
17, 2, 375, 22, 477, 494, 1, 1, 1
18, 2, 364, 29, 488, 481, 1, 1, 1
19, 2, 359, 45, 493, 466, 1, 1, 1
20, 2, 360, 54, 492, 454, 1, 1, 1
21, 2, 363, 58, 489, 445, 1, 1, 1
22, 2, 368, 70, 484, 438, 1, 1, 1
23, 2, 366, 81, 486, 432, 1, 1, 1
24, 2, 358, 94, 494, 433, 1, 1, 1
25, 2, 349, 86, 503, 433, 1, 1, 1
26, 2, 341, 97, 511, 426, 1, 1, 1
27, 2, 341, 109, 511, 416, 1, 1, 1
28, 2, 340, 121, 512, 408, 1, 1, 1
29, 2, 335, 129, 517, 400, 1, 1, 1
30, 2, 337, 134, 515, 397, 1, 1, 1
31, 2, 339, 141, 513, 393, 1, 1, 1
32, 2, 328, 131, 524, 399, 1, 1, 1
33, 2, 317, 107, 535, 406, 1, 1, 1
34, 2, 314, 103, 538, 403, 1, 1, 1
35, 2, 306, 102, 546, 406, 1, 1, 1
36, 2, 301, 100, 551, 410, 1, 1, 1
37, 2, 300, 105, 552, 412, 1, 1, 1
38, 2, 315, 109, 537, 405, 1, 1, 1
39, 2, 329, 114, 523, 400, 1, 1, 1
40, 2, 350, 126, 502, 397, 1, 1, 1
41, 2, 370, 125, 482, 396, 1, 1, 1
42, 2, 379, 112, 473, 415, 1, 1, 1
43, 2, 380, 102, 472, 445, 1, 1, 1
44, 2, 392, 96, 460, 446, 1, 1, 1
45, 2, 412, 82, 440, 432, 1, 1, 1
46, 2, 415, 84, 437, 423, 1, 1, 1
47, 2, 406, 100, 446, 414, 1, 1, 1
48, 2, 390, 124, 462, 408, 1, 1, 1
49, 2, 379, 143, 473, 406, 1, 1, 1
