1, 6, 0, 615, 138, 287, 1, 1, 1
2, 6, 0, 607, 150, 292, 1, 1, 1
3, 6, 0, 599, 168, 304, 1, 1, 1
4, 6, 0, 590, 188, 312, 1, 1, 1
5, 6, 0, 576, 211, 328, 1, 1, 1
6, 6, 0, 561, 226, 345, 1, 1, 1
7, 6, 0, 556, 241, 338, 1, 1, 1
8, 6, 0, 544, 269, 348, 1, 1, 1
9, 6, 0, 537, 283, 348, 1, 1, 1
10, 6, 0, 526, 290, 359, 1, 1, 1
11, 6, 0, 518, 290, 372, 1, 1, 1
12, 6, 0, 506, 307, 379, 1, 1, 1
13, 6, 0, 494, 324, 384, 1, 1, 1
14, 6, 0, 485, 353, 389, 1, 1, 1
15, 6, 0, 471, 386, 402, 1, 1, 1
16, 6, 0, 452, 419, 414, 1, 1, 1
17, 6, 0, 440, 453, 422, 1, 1, 1
18, 6, 0, 428, 491, 428, 1, 1, 1
19, 6, 0, 411, 529, 443, 1, 1, 1
20, 6, 0, 400, 577, 448, 1, 1, 1
21, 6, 8, 384, 622, 464, 1, 1, 1
22, 6, 37, 377, 638, 467, 1, 1, 1
23, 6, 76, 371, 659, 478, 1, 1, 1
24, 6, 109, 360, 696, 485, 1, 1, 1
25, 6, 150, 350, 731, 486, 1, 1, 1
26, 6, 148, 342, 815, 487, 1, 1, 1
27, 6, 179, 330, 843, 497, 1, 1, 1
28, 6, 246, 305, 861, 516, 1, 1, 1
29, 6, 307, 296, 878, 516, 1, 1, 1
30, 6, 339, 282, 934, 522, 1, 1, 1
31, 6, 415, 269, 947, 527, 1, 1, 1
32, 6, 471, 249, 955, 532, 1, 1, 1
33, 6, 532, 226, 971, 541, 1, 1, 1
34, 6, 601, 215, 983, 540, 1, 1, 1
35, 6, 640, 202, 1035, 541, 1, 1, 1
36, 6, 651, 181, 1108, 557, 1, 1, 1
37, 6, 669, 158, 1139, 570, 1, 1, 1
38, 6, 700, 141, 1173, 577, 1, 1, 1
39, 6, 741, 142, 1179, 570, 1, 1, 1
40, 6, 774, 134, 1146, 570, 1, 1, 1
41, 6, 801, 124, 1119, 584, 1, 1, 1
42, 6, 833, 122, 1087, 578, 1, 1, 1
43, 6, 927, 128, 993, 562, 1, 1, 1
44, 6, 958, 124, 962, 567, 1, 1, 1
45, 6, 984, 120, 936, 566, 1, 1, 1
46, 6, 1052, 116, 868, 563, 1, 1, 1
47, 6, 1144, 119, 776, 548, 1, 1, 1
48, 6, 1234, 102, 686, 549, 1, 1, 1
49, 6, 1339, 94, 581, 539, 1, 1, 1
50, 6, 1449, 74, 471, 539, 1, 1, 1
51, 6, 1560, 51, 360, 543, 1, 1, 1
52, 6, 1648, 42, 272, 532, 1, 1, 1
53, 6, 1756, 73, 164, 470, 1, 1, 1
54, 6, 1808, 84, 112, 412, 1, 1, 1
55, 6, 1825, 91, 95, 391, 1, 1, 1
56, 6, 1838, 92, 82, 373, 1, 1, 1
57, 6, 1843, 78, 77, 363, 1, 1, 1
58, 6, 1846, 49, 74, 366, 1, 1, 1
59, 6, 1855, 70, 65, 306, 1, 1, 1
60, 6, 1875, 189, 45, 165, 1, 1, 1
61, 6, 1896, 233, 24, 105, 1, 1, 1
62, 6, 1906, 224, 14, 103, 1, 1, 1
1, 7, 292, 746, 616, 334, 1, 1, 1
2, 7, 335, 746, 585, 334, 1, 1, 1
3, 7, 386, 738, 541, 342, 1, 1, 1
4, 7, 424, 742, 491, 338, 1, 1, 1
5, 7, 461, 743, 436, 337, 1, 1, 1
6, 7, 493, 734, 374, 346, 1, 1, 1
7, 7, 520, 734, 357, 346, 1, 1, 1
8, 7, 554, 740, 327, 340, 1, 1, 1
9, 7, 462, 742, 413, 338, 1, 1, 1
10, 7, 503, 733, 357, 347, 1, 1, 1
11, 7, 627, 727, 391, 353, 1, 1, 1
12, 7, 637, 719, 363, 361, 1, 1, 1
13, 7, 644, 720, 313, 360, 1, 1, 1
14, 7, 553, 732, 383, 348, 1, 1, 1
15, 7, 622, 722, 365, 358, 1, 1, 1
16, 7, 591, 722, 441, 358, 1, 1, 1
17, 7, 615, 719, 465, 361, 1, 1, 1
18, 7, 600, 714, 533, 366, 1, 1, 1
19, 7, 544, 719, 645, 361, 1, 1, 1
20, 7, 516, 702, 728, 378, 1, 1, 1
21, 7, 488, 695, 823, 384, 1, 1, 1
22, 7, 480, 692, 866, 388, 1, 1, 1
23, 7, 494, 697, 905, 383, 1, 1, 1
24, 7, 524, 703, 940, 377, 1, 1, 1
25, 7, 549, 709, 964, 371, 1, 1, 1
26, 7, 527, 706, 1048, 374, 1, 1, 1
27, 7, 537, 713, 1078, 367, 1, 1, 1
28, 7, 575, 715, 1092, 365, 1, 1, 1
29, 7, 618, 724, 1128, 356, 1, 1, 1
30, 7, 654, 729, 1123, 350, 1, 1, 1
31, 7, 665, 727, 1173, 353, 1, 1, 1
32, 7, 690, 718, 1188, 362, 1, 1, 1
33, 7, 733, 707, 1187, 372, 1, 1, 1
34, 7, 773, 687, 1147, 393, 1, 1, 1
35, 7, 819, 677, 1101, 403, 1, 1, 1
36, 7, 831, 670, 1089, 410, 1, 1, 1
37, 7, 862, 663, 1058, 417, 1, 1, 1
38, 7, 910, 668, 1010, 412, 1, 1, 1
39, 7, 959, 670, 961, 410, 1, 1, 1
40, 7, 1005, 667, 915, 413, 1, 1, 1
41, 7, 1049, 667, 871, 413, 1, 1, 1
42, 7, 1080, 672, 840, 408, 1, 1, 1
43, 7, 1116, 683, 804, 397, 1, 1, 1
44, 7, 1165, 687, 755, 393, 1, 1, 1
45, 7, 1206, 688, 714, 392, 1, 1, 1
46, 7, 1261, 693, 659, 387, 1, 1, 1
47, 7, 1303, 707, 617, 373, 1, 1, 1
48, 7, 1360, 714, 560, 366, 1, 1, 1
49, 7, 1415, 713, 505, 367, 1, 1, 1
50, 7, 1451, 708, 469, 372, 1, 1, 1
51, 7, 1496, 708, 424, 372, 1, 1, 1
52, 7, 1531, 707, 389, 373, 1, 1, 1
53, 7, 1581, 718, 339, 362, 1, 1, 1
54, 7, 1631, 734, 289, 346, 1, 1, 1
55, 7, 1674, 792, 246, 288, 1, 1, 1
56, 7, 1707, 790, 213, 290, 1, 1, 1
57, 7, 1742, 783, 178, 297, 1, 1, 1
58, 7, 1785, 773, 135, 307, 1, 1, 1
59, 7, 1833, 770, 87, 309, 1, 1, 1
60, 7, 1878, 789, 42, 291, 1, 1, 1
61, 7, 1904, 873, 16, 92, 1, 1, 1
