43, 2, 402, 402, 674, 453, 1, 1, 1
44, 2, 381, 431, 699, 422, 1, 1, 1
45, 2, 374, 458, 704, 409, 1, 1, 1
46, 2, 381, 473, 686, 441, 1, 1, 1
47, 2, 385, 486, 695, 427, 1, 1, 1
48, 2, 387, 502, 693, 406, 1, 1, 1
49, 2, 400, 507, 680, 366, 1, 1, 1
50, 2, 385, 511, 695, 357, 1, 1, 1
51, 2, 419, 511, 661, 361, 1, 1, 1
52, 2, 426, 511, 654, 365, 1, 1, 1
53, 2, 431, 508, 649, 373, 1, 1, 1
54, 2, 434, 512, 646, 368, 1, 1, 1
55, 2, 437, 516, 643, 367, 1, 1, 1
56, 2, 440, 526, 640, 354, 1, 1, 1
57, 2, 437, 523, 643, 358, 1, 1, 1
58, 2, 445, 518, 635, 360, 1, 1, 1
59, 2, 410, 516, 670, 363, 1, 1, 1
60, 2, 408, 532, 672, 352, 1, 1, 1
