25, 3, 340, 0, 77, 153, 1, 1, 1
26, 3, 305, 0, 116, 153, 1, 1, 1
27, 3, 320, 71, 106, 83, 1, 1, 1
28, 3, 289, 63, 154, 95, 1, 1, 1
29, 3, 261, 42, 180, 114, 1, 1, 1
30, 3, 260, 42, 171, 111, 1, 1, 1
31, 3, 257, 50, 207, 120, 1, 1, 1
32, 3, 267, 43, 230, 122, 1, 1, 1
33, 3, 255, 61, 219, 95, 1, 1, 1
34, 3, 244, 58, 228, 118, 1, 1, 1
35, 3, 192, 82, 240, 93, 1, 1, 1
36, 3, 170, 81, 246, 100, 1, 1, 1
37, 3, 178, 63, 183, 101, 1, 1, 1
38, 3, 193, 7, 198, 125, 1, 1, 1
39, 3, 221, 104, 139, 61, 1, 1, 1
33, 4, 256, 78, 169, 115, 1, 1, 1
34, 4, 221, 87, 221, 113, 1, 1, 1
35, 4, 200, 71, 228, 132, 1, 1, 1
36, 4, 229, 93, 170, 113, 1, 1, 1
37, 4, 228, 74, 181, 101, 1, 1, 1
38, 4, 236, 46, 232, 107, 1, 1, 1
39, 4, 254, 82, 206, 106, 1, 1, 1
