1, 1, 323, 0, 427, 481, 1, 1, 1
2, 1, 281, 0, 341, 563, 1, 1, 1
3, 1, 175, 63, 482, 468, 1, 1, 1
4, 1, 174, 124, 502, 348, 1, 1, 1
5, 1, 184, 149, 520, 284, 1, 1, 1
6, 1, 274, 156, 429, 252, 1, 1, 1
7, 1, 350, 32, 290, 382, 1, 1, 1
8, 1, 329, 0, 295, 428, 1, 1, 1
9, 1, 335, 86, 444, 300, 1, 1, 1
10, 1, 402, 75, 377, 351, 1, 1, 1
11, 1, 485, 86, 348, 457, 1, 1, 1
12, 1, 511, 0, 387, 539, 1, 1, 1
13, 1, 371, 112, 589, 516, 1, 1, 1
14, 1, 283, 95, 677, 521, 1, 1, 1
15, 1, 216, 248, 744, 421, 1, 1, 1
16, 1, 254, 267, 706, 366, 1, 1, 1
17, 1, 334, 198, 626, 451, 1, 1, 1
18, 1, 302, 151, 658, 437, 1, 1, 1
19, 1, 324, 148, 627, 381, 1, 1, 1
20, 1, 377, 137, 568, 457, 1, 1, 1
21, 1, 408, 129, 478, 383, 1, 1, 1
22, 1, 458, 130, 405, 386, 1, 1, 1
23, 1, 484, 122, 413, 464, 1, 1, 1
24, 1, 537, 142, 387, 450, 1, 1, 1
25, 1, 478, 93, 367, 504, 1, 1, 1
26, 1, 487, 62, 364, 433, 1, 1, 1
27, 1, 475, 38, 357, 440, 1, 1, 1
28, 1, 465, 17, 323, 488, 1, 1, 1
29, 1, 438, 0, 412, 408, 1, 1, 1
30, 1, 413, 0, 421, 377, 1, 1, 1
31, 1, 386, 0, 486, 336, 1, 1, 1
32, 1, 488, 0, 463, 255, 1, 1, 1
33, 1, 551, 0, 409, 160, 1, 1, 1
34, 1, 591, 0, 369, 265, 1, 1, 1
35, 1, 610, 12, 350, 271, 1, 1, 1
36, 1, 579, 0, 381, 305, 1, 1, 1
37, 1, 624, 0, 245, 295, 1, 1, 1
38, 1, 614, 55, 253, 335, 1, 1, 1
39, 1, 523, 108, 403, 335, 1, 1, 1
40, 1, 450, 79, 477, 513, 1, 1, 1
41, 1, 389, 55, 510, 496, 1, 1, 1
42, 1, 287, 184, 673, 426, 1, 1, 1
43, 1, 436, 107, 524, 492, 1, 1, 1
44, 1, 473, 76, 487, 586, 1, 1, 1
45, 1, 499, 101, 461, 573, 1, 1, 1
46, 1, 417, 90, 453, 544, 1, 1, 1
47, 1, 455, 101, 343, 484, 1, 1, 1
48, 1, 305, 75, 418, 456, 1, 1, 1
49, 1, 438, 6, 317, 456, 1, 1, 1
50, 1, 468, 0, 301, 370, 1, 1, 1
51, 1, 495, 0, 289, 373, 1, 1, 1
52, 1, 463, 0, 278, 342, 1, 1, 1
53, 1, 414, 0, 368, 327, 1, 1, 1
54, 1, 362, 0, 367, 224, 1, 1, 1
55, 1, 360, 0, 346, 217, 1, 1, 1
56, 1, 411, 0, 350, 194, 1, 1, 1
57, 1, 509, 0, 245, 192, 1, 1, 1
58, 1, 507, 0, 246, 160, 1, 1, 1
59, 1, 479, 0, 217, 225, 1, 1, 1
60, 1, 500, 0, 200, 237, 1, 1, 1
61, 1, 525, 0, 224, 208, 1, 1, 1
62, 1, 556, 0, 237, 154, 1, 1, 1
63, 1, 614, 0, 250, 167, 1, 1, 1
64, 1, 603, 0, 270, 177, 1, 1, 1
65, 1, 668, 0, 292, 173, 1, 1, 1
1, 2, 501, 0, 459, 271, 1, 1, 1
2, 2, 518, 0, 442, 364, 1, 1, 1
3, 2, 516, 0, 444, 358, 1, 1, 1
4, 2, 614, 64, 346, 327, 1, 1, 1
5, 2, 685, 84, 275, 470, 1, 1, 1
6, 2, 541, 52, 419, 574, 1, 1, 1
7, 2, 513, 0, 439, 694, 1, 1, 1
8, 2, 536, 0, 360, 720, 1, 1, 1
9, 2, 399, 166, 561, 500, 1, 1, 1
10, 2, 349, 151, 611, 569, 1, 1, 1
11, 2, 296, 220, 512, 500, 1, 1, 1
12, 2, 362, 211, 349, 509, 1, 1, 1
13, 2, 240, 91, 346, 629, 1, 1, 1
14, 2, 26, 257, 670, 463, 1, 1, 1
15, 2, 108, 437, 523, 283, 1, 1, 1
16, 2, 141, 417, 430, 303, 1, 1, 1
17, 2, 281, 205, 350, 382, 1, 1, 1
18, 2, 103, 142, 493, 449, 1, 1, 1
19, 2, 161, 302, 398, 389, 1, 1, 1
20, 2, 326, 307, 279, 383, 1, 1, 1
21, 2, 461, 217, 298, 345, 1, 1, 1
22, 2, 495, 227, 354, 440, 1, 1, 1
23, 2, 510, 252, 308, 381, 1, 1, 1
24, 2, 493, 233, 352, 327, 1, 1, 1
25, 2, 437, 251, 393, 397, 1, 1, 1
26, 2, 354, 246, 296, 313, 1, 1, 1
27, 2, 407, 207, 371, 380, 1, 1, 1
28, 2, 246, 205, 371, 268, 1, 1, 1
29, 2, 383, 134, 220, 379, 1, 1, 1
30, 2, 281, 73, 345, 392, 1, 1, 1
31, 2, 447, 67, 342, 432, 1, 1, 1
32, 2, 527, 7, 381, 540, 1, 1, 1
33, 2, 520, 69, 440, 442, 1, 1, 1
34, 2, 642, 133, 318, 404, 1, 1, 1
35, 2, 685, 126, 275, 434, 1, 1, 1
36, 2, 716, 43, 244, 383, 1, 1, 1
37, 2, 706, 169, 254, 263, 1, 1, 1
38, 2, 762, 126, 198, 297, 1, 1, 1
39, 2, 774, 82, 186, 336, 1, 1, 1
40, 2, 655, 58, 305, 339, 1, 1, 1
41, 2, 837, 46, 123, 339, 1, 1, 1
42, 2, 629, 0, 331, 328, 1, 1, 1
43, 2, 637, 0, 321, 171, 1, 1, 1
44, 2, 570, 1, 389, 248, 1, 1, 1
45, 2, 387, 65, 532, 264, 1, 1, 1
46, 2, 355, 39, 423, 340, 1, 1, 1
47, 2, 267, 74, 463, 319, 1, 1, 1
48, 2, 156, 83, 501, 293, 1, 1, 1
49, 2, 149, 35, 538, 329, 1, 1, 1
50, 2, 182, 0, 394, 327, 1, 1, 1
51, 2, 168, 0, 390, 328, 1, 1, 1
52, 2, 152, 0, 378, 323, 1, 1, 1
53, 2, 197, 3, 403, 291, 1, 1, 1
54, 2, 235, 18, 305, 266, 1, 1, 1
55, 2, 287, 0, 258, 257, 1, 1, 1
56, 2, 332, 0, 361, 271, 1, 1, 1
57, 2, 346, 58, 426, 247, 1, 1, 1
58, 2, 534, 48, 205, 240, 1, 1, 1
59, 2, 588, 38, 233, 233, 1, 1, 1
60, 2, 582, 16, 229, 272, 1, 1, 1
61, 2, 609, 0, 207, 224, 1, 1, 1
62, 2, 677, 0, 243, 235, 1, 1, 1
63, 2, 737, 0, 223, 221, 1, 1, 1
64, 2, 811, 0, 149, 217, 1, 1, 1
65, 2, 843, 18, 117, 213, 1, 1, 1
