32, 1, 127, 696, 210, 139, 1, 1, 1
33, 1, 95, 670, 153, 179, 1, 1, 1
34, 1, 127, 687, 88, 132, 1, 1, 1
35, 1, 140, 662, 79, 152, 1, 1, 1
36, 1, 147, 668, 79, 154, 1, 1, 1
37, 1, 155, 682, 86, 142, 1, 1, 1
38, 1, 159, 688, 84, 142, 1, 1, 1
39, 1, 160, 685, 100, 146, 1, 1, 1
40, 1, 172, 674, 130, 160, 1, 1, 1
41, 1, 199, 666, 116, 186, 1, 1, 1
42, 1, 196, 666, 83, 202, 1, 1, 1
43, 1, 190, 674, 89, 199, 1, 1, 1
44, 1, 198, 677, 81, 188, 1, 1, 1
45, 1, 200, 696, 84, 147, 1, 1, 1
46, 1, 213, 684, 80, 157, 1, 1, 1
47, 1, 224, 675, 79, 158, 1, 1, 1
48, 1, 226, 667, 71, 158, 1, 1, 1
49, 1, 221, 632, 80, 163, 1, 1, 1
50, 1, 223, 619, 80, 172, 1, 1, 1
51, 1, 225, 635, 103, 155, 1, 1, 1
52, 1, 212, 667, 154, 126, 1, 1, 1
