43, 4, 830, 337, 51, 29, 1, 1, 1
44, 4, 808, 335, 51, 32, 1, 1, 1
45, 4, 793, 341, 47, 28, 1, 1, 1
46, 4, 782, 340, 37, 29, 1, 1, 1
47, 4, 766, 335, 45, 35, 1, 1, 1
48, 4, 758, 343, 44, 27, 1, 1, 1
49, 4, 746, 341, 40, 29, 1, 1, 1
50, 4, 745, 340, 26, 29, 1, 1, 1
51, 4, 745, 340, 8, 25, 1, 1, 1
52, 4, 698, 336, 23, 31, 1, 1, 1
53, 4, 677, 336, 38, 32, 1, 1, 1
54, 4, 655, 331, 42, 32, 1, 1, 1
55, 4, 632, 330, 41, 31, 1, 1, 1
56, 4, 611, 329, 44, 24, 1, 1, 1
57, 4, 591, 324, 43, 30, 1, 1, 1
58, 4, 576, 321, 42, 33, 1, 1, 1
59, 4, 562, 319, 36, 30, 1, 1, 1
60, 4, 549, 317, 37, 28, 1, 1, 1
61, 4, 543, 314, 27, 29, 1, 1, 1
62, 4, 543, 312, 19, 29, 1, 1, 1
63, 4, 521, 303, 27, 32, 1, 1, 1
64, 4, 511, 302, 20, 34, 1, 1, 1
65, 4, 499, 302, 29, 33, 1, 1, 1
66, 4, 489, 304, 34, 28, 1, 1, 1
67, 4, 477, 303, 31, 28, 1, 1, 1
68, 4, 467, 301, 30, 27, 1, 1, 1
69, 4, 455, 296, 29, 30, 1, 1, 1
70, 4, 447, 293, 31, 31, 1, 1, 1
71, 4, 433, 296, 34, 27, 1, 1, 1
72, 4, 427, 290, 31, 32, 1, 1, 1
73, 4, 425, 291, 33, 31, 1, 1, 1
74, 4, 418, 291, 32, 30, 1, 1, 1
75, 4, 411, 290, 30, 30, 1, 1, 1
76, 4, 407, 289, 32, 30, 1, 1, 1
77, 4, 403, 288, 29, 31, 1, 1, 1
78, 4, 395, 288, 33, 29, 1, 1, 1
79, 4, 385, 286, 31, 32, 1, 1, 1
80, 4, 374, 288, 34, 29, 1, 1, 1
81, 4, 363, 287, 33, 27, 1, 1, 1
