1, 1, 706, 69, 153, 327, 1, 1, 1
2, 1, 698, 73, 157, 321, 1, 1, 1
3, 1, 687, 91, 166, 301, 1, 1, 1
4, 1, 681, 82, 163, 310, 1, 1, 1
5, 1, 678, 80, 157, 309, 1, 1, 1
6, 1, 676, 94, 166, 298, 1, 1, 1
7, 1, 670, 84, 143, 306, 1, 1, 1
8, 1, 660, 70, 144, 320, 1, 1, 1
9, 1, 633, 95, 165, 292, 1, 1, 1
10, 1, 633, 97, 158, 294, 1, 1, 1
11, 1, 640, 81, 155, 303, 1, 1, 1
12, 1, 632, 93, 205, 291, 1, 1, 1
13, 1, 619, 93, 166, 288, 1, 1, 1
14, 1, 615, 78, 141, 300, 1, 1, 1
15, 1, 605, 75, 143, 302, 1, 1, 1
16, 1, 601, 95, 144, 286, 1, 1, 1
17, 1, 583, 98, 158, 283, 1, 1, 1
18, 1, 589, 77, 145, 298, 1, 1, 1
19, 1, 581, 94, 146, 280, 1, 1, 1
20, 1, 577, 92, 151, 282, 1, 1, 1
21, 1, 570, 73, 141, 294, 1, 1, 1
22, 1, 564, 76, 144, 289, 1, 1, 1
23, 1, 558, 93, 144, 271, 1, 1, 1
24, 1, 555, 88, 144, 279, 1, 1, 1
25, 1, 553, 78, 136, 287, 1, 1, 1
26, 1, 548, 90, 172, 271, 1, 1, 1
27, 1, 538, 96, 222, 267, 1, 1, 1
28, 1, 529, 83, 136, 281, 1, 1, 1
29, 1, 499, 82, 161, 282, 1, 1, 1
30, 1, 516, 98, 139, 262, 1, 1, 1
31, 1, 520, 103, 131, 255, 1, 1, 1
32, 1, 525, 90, 127, 271, 1, 1, 1
33, 1, 528, 99, 153, 261, 1, 1, 1
34, 1, 527, 106, 140, 254, 1, 1, 1
35, 1, 524, 112, 124, 247, 1, 1, 1
36, 1, 517, 109, 124, 247, 1, 1, 1
