7, 2, 1160, 400, 190, 290, 1, 1, 1
8, 2, 1159, 398, 210, 291, 1, 1, 1
9, 2, 1155, 394, 269, 296, 1, 1, 1
10, 2, 1151, 395, 338, 304, 1, 1, 1
11, 2, 1121, 391, 336, 308, 1, 1, 1
12, 2, 1112, 388, 304, 310, 1, 1, 1
13, 2, 1117, 388, 244, 310, 1, 1, 1
14, 2, 1124, 397, 220, 299, 1, 1, 1
15, 2, 1087, 394, 214, 300, 1, 1, 1
16, 2, 1040, 389, 209, 301, 1, 1, 1
17, 2, 1031, 386, 192, 303, 1, 1, 1
18, 2, 986, 379, 223, 310, 1, 1, 1
19, 2, 911, 375, 273, 307, 1, 1, 1
20, 2, 807, 381, 308, 293, 1, 1, 1
21, 2, 785, 407, 304, 268, 1, 1, 1
22, 2, 784, 417, 271, 256, 1, 1, 1
23, 2, 778, 425, 220, 241, 1, 1, 1
24, 2, 773, 438, 188, 229, 1, 1, 1
25, 2, 766, 467, 177, 203, 1, 1, 1
26, 2, 655, 507, 257, 162, 1, 1, 1
27, 2, 750, 441, 138, 228, 1, 1, 1
28, 2, 749, 421, 120, 249, 1, 1, 1
29, 2, 721, 458, 136, 214, 1, 1, 1
30, 2, 699, 474, 139, 199, 1, 1, 1
31, 2, 572, 498, 254, 172, 1, 1, 1
32, 2, 676, 488, 128, 183, 1, 1, 1
33, 2, 533, 459, 258, 209, 1, 1, 1
