3, 2, 322, 216, 135, 203, 1, 1, 1
4, 2, 288, 187, 169, 216, 1, 1, 1
5, 2, 297, 208, 181, 195, 1, 1, 1
6, 2, 298, 207, 177, 196, 1, 1, 1
7, 2, 299, 204, 160, 189, 1, 1, 1
8, 2, 300, 204, 166, 189, 1, 1, 1
3, 3, 401, 206, 121, 170, 1, 1, 1
4, 3, 403, 232, 121, 174, 1, 1, 1
5, 3, 452, 208, 155, 137, 1, 1, 1
6, 3, 463, 198, 155, 99, 1, 1, 1
7, 3, 460, 190, 163, 107, 1, 1, 1
8, 3, 454, 199, 159, 149, 1, 1, 1
38, 1, 412, 203, 70, 198, 1, 1, 1
39, 1, 404, 197, 80, 176, 1, 1, 1
40, 1, 407, 192, 84, 180, 1, 1, 1
41, 1, 407, 189, 85, 185, 1, 1, 1
42, 1, 410, 190, 84, 185, 1, 1, 1
43, 1, 416, 194, 80, 180, 1, 1, 1
39, 2, 318, 183, 100, 217, 1, 1, 1
40, 2, 307, 170, 103, 234, 1, 1, 1
41, 2, 309, 176, 87, 227, 1, 1, 1
42, 2, 316, 183, 88, 219, 1, 1, 1
