25, 3, 33, 257, 1293, 775, 1, 1, 1
26, 3, 186, 264, 1154, 769, 1, 1, 1
27, 3, 200, 259, 1154, 775, 1, 1, 1
28, 3, 169, 261, 1218, 777, 1, 1, 1
29, 3, 180, 260, 1209, 786, 1, 1, 1
30, 3, 132, 199, 1260, 841, 1, 1, 1
31, 3, 192, 159, 1208, 882, 1, 1, 1
32, 3, 240, 147, 1165, 898, 1, 1, 1
33, 3, 247, 143, 1158, 897, 1, 1, 1
34, 3, 183, 140, 1225, 907, 1, 1, 1
35, 3, 207, 142, 1198, 902, 1, 1, 1
36, 3, 145, 143, 1248, 898, 1, 1, 1
37, 3, 211, 135, 1173, 904, 1, 1, 1
38, 3, 210, 124, 1163, 906, 1, 1, 1
39, 3, 203, 115, 1165, 911, 1, 1, 1
40, 3, 163, 110, 1190, 909, 1, 1, 1
41, 3, 134, 84, 1245, 933, 1, 1, 1
42, 3, 179, 106, 1150, 897, 1, 1, 1
