79, 10, 0, 0, 241, 534, 1, 1, 1
80, 10, 0, 0, 194, 534, 1, 1, 1
81, 10, 0, 0, 181, 534, 1, 1, 1
82, 10, 0, 0, 184, 536, 1, 1, 1
83, 10, 0, 0, 193, 542, 1, 1, 1
84, 10, 0, 0, 205, 530, 1, 1, 1
85, 10, 0, 0, 210, 501, 1, 1, 1
86, 10, 0, 0, 218, 486, 1, 1, 1
87, 10, 0, 0, 222, 489, 1, 1, 1
88, 10, 0, 0, 228, 464, 1, 1, 1
89, 10, 0, 0, 232, 478, 1, 1, 1
90, 10, 0, 0, 225, 462, 1, 1, 1
91, 10, 0, 0, 209, 452, 1, 1, 1
92, 10, 0, 0, 214, 404, 1, 1, 1
93, 10, 30, 0, 237, 402, 1, 1, 1
94, 10, 67, 0, 207, 391, 1, 1, 1
95, 10, 58, 0, 225, 370, 1, 1, 1
96, 10, 9, 0, 296, 333, 1, 1, 1
97, 10, 0, 0, 315, 332, 1, 1, 1
98, 10, 0, 0, 311, 324, 1, 1, 1
99, 10, 0, 0, 303, 324, 1, 1, 1
113, 2, 760, 663, 227, 282, 1, 1, 1
114, 2, 750, 598, 224, 347, 1, 1, 1
115, 2, 755, 638, 229, 307, 1, 1, 1
116, 2, 787, 625, 277, 320, 1, 1, 1
117, 2, 820, 600, 245, 345, 1, 1, 1
118, 2, 805, 586, 232, 358, 1, 1, 1
119, 2, 732, 533, 267, 411, 1, 1, 1
120, 2, 778, 521, 267, 422, 1, 1, 1
121, 2, 802, 486, 287, 459, 1, 1, 1
122, 2, 812, 452, 231, 428, 1, 1, 1
123, 2, 752, 446, 226, 424, 1, 1, 1
124, 2, 769, 422, 234, 390, 1, 1, 1
125, 2, 799, 412, 258, 395, 1, 1, 1
126, 2, 824, 392, 212, 408, 1, 1, 1
127, 2, 810, 387, 189, 383, 1, 1, 1
128, 2, 751, 394, 222, 365, 1, 1, 1
129, 2, 740, 405, 220, 335, 1, 1, 1
130, 2, 789, 405, 204, 323, 1, 1, 1
