16, 4, 406, 390, 141, 93, 1, 1, 1
17, 4, 379, 387, 159, 83, 1, 1, 1
18, 4, 330, 399, 183, 117, 1, 1, 1
19, 4, 328, 387, 126, 153, 1, 1, 1
20, 4, 339, 379, 86, 182, 1, 1, 1
21, 4, 355, 423, 118, 162, 1, 1, 1
22, 4, 382, 417, 158, 179, 1, 1, 1
23, 4, 411, 433, 185, 156, 1, 1, 1
24, 4, 455, 426, 211, 152, 1, 1, 1
25, 4, 521, 440, 230, 138, 1, 1, 1
26, 4, 645, 443, 221, 124, 1, 1, 1
27, 4, 762, 424, 226, 127, 1, 1, 1
28, 4, 895, 422, 171, 141, 1, 1, 1
29, 4, 978, 405, 182, 164, 1, 1, 1
30, 4, 1045, 418, 187, 145, 1, 1, 1
31, 4, 1012, 399, 175, 124, 1, 1, 1
32, 4, 1018, 407, 150, 203, 1, 1, 1
33, 4, 1005, 422, 116, 227, 1, 1, 1
34, 4, 938, 454, 160, 222, 1, 1, 1
35, 4, 856, 479, 269, 187, 1, 1, 1
36, 4, 794, 480, 255, 185, 1, 1, 1
37, 4, 739, 488, 261, 177, 1, 1, 1
38, 4, 674, 491, 279, 172, 1, 1, 1
39, 4, 606, 457, 248, 164, 1, 1, 1
40, 4, 590, 388, 202, 207, 1, 1, 1
41, 4, 561, 392, 129, 137, 1, 1, 1
42, 4, 531, 376, 178, 117, 1, 1, 1
43, 4, 587, 349, 195, 125, 1, 1, 1
44, 4, 662, 335, 198, 123, 1, 1, 1
45, 4, 778, 330, 182, 92, 1, 1, 1
46, 4, 880, 367, 203, 149, 1, 1, 1
47, 4, 945, 365, 250, 201, 1, 1, 1
