3, 1, 708, 242, 226, 192, 1, 1, 1
4, 1, 694, 245, 202, 189, 1, 1, 1
5, 1, 695, 245, 190, 191, 1, 1, 1
6, 1, 700, 245, 149, 191, 1, 1, 1
7, 1, 703, 248, 131, 190, 1, 1, 1
8, 1, 712, 252, 112, 185, 1, 1, 1
9, 1, 725, 255, 90, 183, 1, 1, 1
10, 1, 731, 256, 70, 185, 1, 1, 1
11, 1, 720, 258, 93, 180, 1, 1, 1
12, 1, 727, 254, 94, 183, 1, 1, 1
13, 1, 708, 252, 113, 188, 1, 1, 1
14, 1, 714, 252, 108, 187, 1, 1, 1
15, 1, 717, 254, 102, 187, 1, 1, 1
16, 1, 718, 254, 101, 190, 1, 1, 1
17, 1, 705, 256, 117, 188, 1, 1, 1
18, 1, 725, 265, 113, 179, 1, 1, 1
19, 1, 731, 272, 129, 176, 1, 1, 1
20, 1, 734, 277, 161, 170, 1, 1, 1
21, 1, 725, 283, 199, 162, 1, 1, 1
22, 1, 743, 285, 196, 161, 1, 1, 1
23, 1, 762, 284, 195, 160, 1, 1, 1
3, 2, 594, 237, 275, 197, 1, 1, 1
4, 2, 583, 247, 257, 190, 1, 1, 1
5, 2, 588, 243, 247, 194, 1, 1, 1
6, 2, 597, 242, 268, 196, 1, 1, 1
7, 2, 599, 252, 255, 187, 1, 1, 1
8, 2, 593, 256, 191, 184, 1, 1, 1
9, 2, 597, 253, 177, 187, 1, 1, 1
10, 2, 609, 251, 155, 190, 1, 1, 1
11, 2, 616, 253, 136, 187, 1, 1, 1
12, 2, 622, 260, 154, 180, 1, 1, 1
13, 2, 622, 267, 119, 174, 1, 1, 1
14, 2, 620, 274, 121, 166, 1, 1, 1
15, 2, 639, 272, 90, 170, 1, 1, 1
16, 2, 640, 266, 108, 179, 1, 1, 1
17, 2, 645, 275, 123, 170, 1, 1, 1
18, 2, 648, 278, 160, 168, 1, 1, 1
19, 2, 624, 284, 200, 163, 1, 1, 1
20, 2, 644, 291, 211, 158, 1, 1, 1
21, 2, 658, 288, 223, 161, 1, 1, 1
22, 2, 697, 288, 210, 159, 1, 1, 1
23, 2, 700, 291, 224, 153, 1, 1, 1
1, 4, 238, 217, 277, 221, 1, 1, 1
2, 4, 252, 220, 216, 217, 1, 1, 1
3, 4, 275, 227, 195, 214, 1, 1, 1
4, 4, 284, 226, 146, 211, 1, 1, 1
5, 4, 294, 227, 128, 217, 1, 1, 1
6, 4, 301, 240, 124, 203, 1, 1, 1
7, 4, 303, 251, 109, 192, 1, 1, 1
8, 4, 313, 278, 93, 166, 1, 1, 1
9, 4, 275, 252, 190, 194, 1, 1, 1
10, 4, 297, 244, 180, 202, 1, 1, 1
11, 4, 273, 239, 209, 204, 1, 1, 1
12, 4, 325, 247, 171, 198, 1, 1, 1
13, 4, 331, 262, 178, 182, 1, 1, 1
14, 4, 307, 261, 243, 184, 1, 1, 1
14, 6, 7, 237, 243, 211, 1, 1, 1
15, 6, 17, 239, 205, 209, 1, 1, 1
16, 6, 29, 238, 195, 213, 1, 1, 1
17, 6, 32, 240, 189, 211, 1, 1, 1
18, 6, 73, 249, 148, 204, 1, 1, 1
19, 6, 77, 250, 105, 202, 1, 1, 1
20, 6, 77, 250, 139, 206, 1, 1, 1
21, 6, 76, 253, 170, 201, 1, 1, 1
22, 6, 70, 250, 187, 204, 1, 1, 1
23, 6, 72, 246, 204, 206, 1, 1, 1
24, 6, 77, 248, 206, 203, 1, 1, 1
25, 6, 81, 247, 218, 201, 1, 1, 1
26, 6, 83, 234, 226, 213, 1, 1, 1
27, 6, 86, 219, 234, 228, 1, 1, 1
24, 3, 278, 246, 296, 204, 1, 1, 1
25, 3, 280, 254, 337, 193, 1, 1, 1
26, 3, 294, 264, 293, 181, 1, 1, 1
27, 3, 315, 265, 240, 180, 1, 1, 1
28, 3, 333, 258, 213, 186, 1, 1, 1
29, 3, 354, 257, 204, 187, 1, 1, 1
30, 3, 371, 258, 191, 187, 1, 1, 1
31, 3, 374, 258, 150, 187, 1, 1, 1
32, 3, 394, 266, 128, 179, 1, 1, 1
33, 3, 411, 266, 138, 180, 1, 1, 1
34, 3, 419, 268, 160, 176, 1, 1, 1
35, 3, 424, 276, 190, 169, 1, 1, 1
36, 3, 430, 271, 224, 173, 1, 1, 1
37, 3, 449, 268, 236, 176, 1, 1, 1
