1, 1, 826, 352, 28, 41, 1, 1, 1
2, 1, 812, 350, 28, 39, 1, 1, 1
3, 1, 795, 351, 24, 47, 1, 1, 1
4, 1, 783, 342, 22, 51, 1, 1, 1
5, 1, 770, 344, 24, 47, 1, 1, 1
6, 1, 759, 343, 19, 45, 1, 1, 1
7, 1, 745, 333, 18, 47, 1, 1, 1
8, 1, 730, 333, 18, 34, 1, 1, 1
9, 1, 720, 329, 16, 32, 1, 1, 1
19, 1, 656, 307, 13, 21, 1, 1, 1
20, 1, 649, 307, 12, 18, 1, 1, 1
21, 1, 632, 302, 19, 23, 1, 1, 1
22, 1, 624, 302, 18, 17, 1, 1, 1
23, 1, 619, 299, 18, 27, 1, 1, 1
24, 1, 616, 301, 19, 25, 1, 1, 1
25, 1, 608, 299, 17, 26, 1, 1, 1
26, 1, 599, 295, 19, 41, 1, 1, 1
27, 1, 591, 298, 18, 40, 1, 1, 1
28, 1, 584, 295, 18, 40, 1, 1, 1
29, 1, 575, 296, 21, 40, 1, 1, 1
30, 1, 570, 294, 16, 34, 1, 1, 1
31, 1, 564, 294, 15, 37, 1, 1, 1
32, 1, 559, 292, 17, 34, 1, 1, 1
33, 1, 553, 294, 17, 34, 1, 1, 1
34, 1, 544, 289, 17, 33, 1, 1, 1
35, 1, 538, 289, 18, 31, 1, 1, 1
13, 3, 650, 276, 46, 105, 1, 1, 1
14, 3, 645, 280, 47, 99, 1, 1, 1
15, 3, 649, 276, 36, 87, 1, 1, 1
16, 3, 640, 283, 42, 87, 1, 1, 1
17, 3, 632, 279, 43, 84, 1, 1, 1
18, 3, 624, 276, 40, 88, 1, 1, 1
19, 3, 618, 274, 35, 86, 1, 1, 1
20, 3, 606, 274, 39, 78, 1, 1, 1
21, 3, 592, 279, 38, 78, 1, 1, 1
22, 3, 579, 274, 39, 77, 1, 1, 1
23, 3, 572, 272, 31, 74, 1, 1, 1
24, 3, 561, 269, 33, 78, 1, 1, 1
25, 3, 550, 274, 33, 71, 1, 1, 1
26, 3, 534, 277, 36, 70, 1, 1, 1
27, 3, 520, 270, 36, 77, 1, 1, 1
28, 3, 511, 272, 31, 78, 1, 1, 1
29, 3, 500, 269, 33, 65, 1, 1, 1
30, 3, 491, 273, 34, 63, 1, 1, 1
31, 3, 481, 273, 34, 63, 1, 1, 1
32, 3, 477, 268, 30, 69, 1, 1, 1
33, 3, 468, 268, 31, 71, 1, 1, 1
34, 3, 461, 268, 31, 63, 1, 1, 1
35, 3, 455, 273, 30, 58, 1, 1, 1
