33, 1, 327, 262, 466, 320, 1, 1, 1
34, 1, 322, 270, 432, 314, 1, 1, 1
35, 1, 341, 276, 388, 320, 1, 1, 1
36, 1, 339, 263, 373, 324, 1, 1, 1
37, 1, 337, 250, 330, 321, 1, 1, 1
38, 1, 341, 246, 278, 321, 1, 1, 1
39, 1, 318, 233, 213, 295, 1, 1, 1
40, 1, 320, 229, 209, 329, 1, 1, 1
41, 1, 317, 232, 269, 333, 1, 1, 1
42, 1, 340, 245, 264, 325, 1, 1, 1
43, 1, 329, 244, 261, 325, 1, 1, 1
44, 1, 307, 243, 282, 325, 1, 1, 1
45, 1, 284, 229, 284, 330, 1, 1, 1
46, 1, 234, 209, 298, 330, 1, 1, 1
47, 1, 149, 189, 344, 331, 1, 1, 1
48, 1, 100, 186, 362, 347, 1, 1, 1
49, 1, 95, 191, 336, 316, 1, 1, 1
50, 1, 96, 195, 364, 315, 1, 1, 1
51, 1, 87, 197, 372, 309, 1, 1, 1
52, 1, 76, 194, 387, 305, 1, 1, 1
53, 1, 77, 198, 400, 284, 1, 1, 1
54, 1, 73, 198, 398, 285, 1, 1, 1
55, 1, 72, 197, 396, 285, 1, 1, 1
