1, 8, 911, 273, 250, 404, 1, 1, 1
2, 8, 944, 246, 307, 415, 1, 1, 1
3, 8, 955, 239, 283, 406, 1, 1, 1
4, 8, 960, 232, 317, 407, 1, 1, 1
5, 8, 932, 235, 325, 392, 1, 1, 1
6, 8, 888, 215, 296, 392, 1, 1, 1
7, 8, 905, 198, 283, 395, 1, 1, 1
8, 8, 1083, 200, 330, 374, 1, 1, 1
9, 8, 1445, 281, 324, 272, 1, 1, 1
10, 8, 1547, 286, 331, 248, 1, 1, 1
11, 8, 1659, 195, 213, 244, 1, 1, 1
12, 8, 1653, 205, 251, 309, 1, 1, 1
13, 8, 1651, 229, 152, 274, 1, 1, 1
14, 8, 1626, 247, 213, 132, 1, 1, 1
15, 8, 1564, 282, 247, 244, 1, 1, 1
16, 8, 1531, 276, 208, 242, 1, 1, 1
17, 8, 1506, 307, 256, 219, 1, 1, 1
18, 8, 1791, 305, 129, 210, 1, 1, 1
