9, 1, 263, 172, 188, 244, 1, 1, 1
10, 1, 291, 185, 176, 227, 1, 1, 1
11, 1, 309, 188, 245, 219, 1, 1, 1
12, 1, 327, 183, 251, 220, 1, 1, 1
13, 1, 343, 180, 263, 227, 1, 1, 1
14, 1, 359, 175, 273, 228, 1, 1, 1
15, 1, 356, 166, 286, 233, 1, 1, 1
16, 1, 332, 155, 299, 238, 1, 1, 1
17, 1, 319, 161, 297, 231, 1, 1, 1
18, 1, 294, 156, 314, 226, 1, 1, 1
19, 1, 274, 144, 336, 245, 1, 1, 1
20, 1, 268, 142, 345, 241, 1, 1, 1
21, 1, 260, 137, 358, 247, 1, 1, 1
22, 1, 260, 121, 338, 271, 1, 1, 1
23, 1, 262, 122, 327, 271, 1, 1, 1
