1, 3, 603, 140, 206, 211, 1, 1, 1
2, 3, 601, 135, 205, 211, 1, 1, 1
3, 3, 600, 135, 204, 212, 1, 1, 1
4, 3, 602, 134, 205, 211, 1, 1, 1
5, 3, 606, 135, 205, 211, 1, 1, 1
6, 3, 720, 138, 95, 207, 1, 1, 1
7, 3, 611, 286, 44, 61, 1, 1, 1
8, 3, 606, 134, 194, 212, 1, 1, 1
9, 3, 602, 133, 204, 212, 1, 1, 1
10, 3, 603, 128, 203, 211, 1, 1, 1
11, 3, 606, 128, 204, 213, 1, 1, 1
12, 3, 603, 130, 205, 213, 1, 1, 1
13, 3, 600, 126, 202, 213, 1, 1, 1
14, 3, 598, 126, 203, 212, 1, 1, 1
15, 3, 598, 126, 203, 212, 1, 1, 1
16, 3, 597, 128, 204, 211, 1, 1, 1
17, 3, 643, 131, 156, 206, 1, 1, 1
18, 3, 689, 154, 109, 184, 1, 1, 1
19, 3, 662, 151, 129, 106, 1, 1, 1
20, 3, 608, 149, 171, 131, 1, 1, 1
21, 3, 585, 148, 197, 188, 1, 1, 1
22, 3, 582, 153, 195, 185, 1, 1, 1
23, 3, 576, 142, 202, 201, 1, 1, 1
24, 3, 572, 133, 201, 209, 1, 1, 1
25, 3, 566, 134, 200, 211, 1, 1, 1
26, 3, 562, 134, 199, 210, 1, 1, 1
27, 3, 559, 138, 198, 209, 1, 1, 1
28, 3, 559, 142, 198, 210, 1, 1, 1
29, 3, 560, 142, 196, 210, 1, 1, 1
30, 3, 559, 141, 199, 209, 1, 1, 1
31, 3, 558, 142, 199, 209, 1, 1, 1
32, 3, 560, 142, 200, 209, 1, 1, 1
33, 3, 563, 142, 199, 210, 1, 1, 1
34, 3, 566, 142, 199, 210, 1, 1, 1
35, 3, 569, 142, 200, 210, 1, 1, 1
36, 3, 569, 140, 201, 211, 1, 1, 1
37, 3, 569, 138, 199, 210, 1, 1, 1
38, 3, 571, 139, 198, 209, 1, 1, 1
39, 3, 573, 138, 200, 211, 1, 1, 1
40, 3, 574, 139, 201, 210, 1, 1, 1
41, 3, 573, 141, 201, 211, 1, 1, 1
42, 3, 575, 141, 199, 211, 1, 1, 1
43, 3, 576, 142, 200, 211, 1, 1, 1
44, 3, 576, 142, 199, 211, 1, 1, 1
45, 3, 577, 141, 199, 212, 1, 1, 1
46, 3, 579, 140, 201, 212, 1, 1, 1
