13, 11, 1812, 192, 108, 310, 1, 1, 1
14, 11, 1636, 215, 117, 290, 1, 1, 1
15, 11, 1442, 227, 112, 285, 1, 1, 1
16, 11, 1242, 230, 95, 255, 1, 1, 1
17, 11, 1120, 240, 99, 255, 1, 1, 1
18, 11, 1260, 243, 114, 245, 1, 1, 1
19, 11, 1382, 253, 89, 233, 1, 1, 1
20, 11, 1385, 238, 70, 229, 1, 1, 1
21, 11, 1286, 249, 71, 220, 1, 1, 1
22, 11, 1194, 239, 75, 199, 1, 1, 1
23, 11, 1073, 251, 76, 191, 1, 1, 1
24, 11, 924, 245, 72, 188, 1, 1, 1
25, 11, 745, 259, 70, 180, 1, 1, 1
26, 11, 639, 254, 58, 173, 1, 1, 1
27, 11, 534, 262, 68, 158, 1, 1, 1
28, 11, 456, 251, 56, 163, 1, 1, 1
29, 11, 397, 249, 51, 156, 1, 1, 1
30, 11, 405, 237, 57, 151, 1, 1, 1
31, 11, 441, 234, 56, 146, 1, 1, 1
32, 11, 479, 229, 50, 148, 1, 1, 1
33, 11, 442, 228, 53, 140, 1, 1, 1
34, 11, 369, 228, 50, 141, 1, 1, 1
35, 11, 248, 231, 44, 127, 1, 1, 1
36, 11, 141, 233, 46, 134, 1, 1, 1
37, 11, 40, 232, 45, 123, 1, 1, 1
38, 11, 0, 251, 18, 62, 1, 1, 1
