1, 5, 86, 798, 429, 282, 1, 1, 1
2, 5, 58, 797, 438, 283, 1, 1, 1
3, 5, 37, 800, 448, 280, 1, 1, 1
4, 5, 23, 803, 444, 277, 1, 1, 1
5, 5, 7, 789, 447, 290, 1, 1, 1
6, 5, 0, 796, 441, 284, 1, 1, 1
7, 5, 2, 781, 426, 299, 1, 1, 1
8, 5, 0, 791, 423, 289, 1, 1, 1
9, 5, 0, 798, 421, 281, 1, 1, 1
10, 5, 0, 788, 409, 292, 1, 1, 1
11, 5, 0, 786, 408, 294, 1, 1, 1
12, 5, 0, 781, 405, 298, 1, 1, 1
13, 5, 0, 788, 405, 290, 1, 1, 1
14, 5, 0, 779, 398, 300, 1, 1, 1
15, 5, 0, 777, 397, 303, 1, 1, 1
16, 5, 0, 776, 389, 289, 1, 1, 1
17, 5, 0, 783, 385, 297, 1, 1, 1
18, 5, 0, 784, 377, 296, 1, 1, 1
19, 5, 0, 781, 365, 299, 1, 1, 1
20, 5, 0, 779, 354, 301, 1, 1, 1
21, 5, 0, 770, 339, 310, 1, 1, 1
22, 5, 0, 769, 328, 311, 1, 1, 1
23, 5, 0, 770, 318, 310, 1, 1, 1
24, 5, 0, 768, 310, 312, 1, 1, 1
25, 5, 0, 761, 304, 319, 1, 1, 1
26, 5, 0, 761, 295, 317, 1, 1, 1
27, 5, 0, 758, 287, 309, 1, 1, 1
28, 5, 0, 759, 282, 299, 1, 1, 1
29, 5, 0, 758, 275, 294, 1, 1, 1
30, 5, 0, 759, 269, 232, 1, 1, 1
31, 5, 0, 759, 267, 285, 1, 1, 1
32, 5, 0, 764, 259, 279, 1, 1, 1
33, 5, 0, 767, 255, 263, 1, 1, 1
34, 5, 0, 766, 250, 273, 1, 1, 1
35, 5, 0, 770, 246, 269, 1, 1, 1
36, 5, 0, 776, 240, 238, 1, 1, 1
37, 5, 0, 779, 235, 238, 1, 1, 1
38, 5, 0, 784, 231, 236, 1, 1, 1
39, 5, 0, 788, 231, 236, 1, 1, 1
40, 5, 0, 793, 228, 240, 1, 1, 1
41, 5, 0, 794, 227, 241, 1, 1, 1
42, 5, 0, 795, 227, 245, 1, 1, 1
43, 5, 0, 801, 223, 243, 1, 1, 1
44, 5, 0, 806, 222, 243, 1, 1, 1
45, 5, 0, 811, 218, 246, 1, 1, 1
46, 5, 0, 818, 217, 241, 1, 1, 1
47, 5, 0, 827, 221, 241, 1, 1, 1
48, 5, 0, 827, 228, 247, 1, 1, 1
49, 5, 0, 838, 240, 242, 1, 1, 1
50, 5, 0, 841, 251, 239, 1, 1, 1
51, 5, 1, 836, 259, 243, 1, 1, 1
52, 5, 0, 835, 266, 245, 1, 1, 1
53, 5, 0, 841, 273, 239, 1, 1, 1
54, 5, 0, 841, 273, 239, 1, 1, 1
55, 5, 0, 846, 272, 234, 1, 1, 1
56, 5, 0, 850, 266, 230, 1, 1, 1
57, 5, 0, 858, 262, 222, 1, 1, 1
58, 5, 0, 862, 253, 218, 1, 1, 1
59, 5, 0, 859, 248, 221, 1, 1, 1
60, 5, 0, 864, 242, 216, 1, 1, 1
61, 5, 0, 862, 242, 218, 1, 1, 1
62, 5, 0, 860, 230, 220, 1, 1, 1
63, 5, 0, 863, 226, 217, 1, 1, 1
64, 5, 0, 865, 220, 215, 1, 1, 1
65, 5, 0, 863, 212, 217, 1, 1, 1
66, 5, 0, 847, 213, 233, 1, 1, 1
1, 6, 827, 662, 1093, 253, 1, 1, 1
2, 6, 812, 650, 1108, 258, 1, 1, 1
3, 6, 807, 644, 1113, 258, 1, 1, 1
4, 6, 797, 634, 1123, 266, 1, 1, 1
5, 6, 800, 627, 1067, 267, 1, 1, 1
6, 6, 805, 618, 1008, 269, 1, 1, 1
7, 6, 803, 614, 1012, 265, 1, 1, 1
8, 6, 784, 603, 1050, 271, 1, 1, 1
9, 6, 789, 587, 1051, 281, 1, 1, 1
10, 6, 792, 576, 992, 289, 1, 1, 1
11, 6, 782, 555, 923, 311, 1, 1, 1
12, 6, 784, 556, 905, 306, 1, 1, 1
13, 6, 791, 559, 919, 302, 1, 1, 1
14, 6, 793, 548, 937, 311, 1, 1, 1
15, 6, 794, 543, 948, 322, 1, 1, 1
16, 6, 796, 530, 927, 337, 1, 1, 1
17, 6, 796, 529, 866, 330, 1, 1, 1
18, 6, 793, 540, 900, 312, 1, 1, 1
19, 6, 790, 550, 946, 294, 1, 1, 1
20, 6, 789, 551, 992, 292, 1, 1, 1
21, 6, 784, 552, 1046, 297, 1, 1, 1
22, 6, 777, 560, 1092, 286, 1, 1, 1
23, 6, 775, 571, 1142, 271, 1, 1, 1
24, 6, 769, 596, 1149, 244, 1, 1, 1
25, 6, 766, 589, 1154, 251, 1, 1, 1
26, 6, 763, 583, 1157, 254, 1, 1, 1
27, 6, 760, 583, 1160, 253, 1, 1, 1
28, 6, 755, 575, 1165, 265, 1, 1, 1
29, 6, 749, 557, 1168, 284, 1, 1, 1
30, 6, 748, 547, 1136, 288, 1, 1, 1
31, 6, 744, 541, 1133, 297, 1, 1, 1
32, 6, 743, 539, 1147, 306, 1, 1, 1
33, 6, 738, 537, 1159, 313, 1, 1, 1
34, 6, 736, 537, 1165, 321, 1, 1, 1
35, 6, 736, 542, 1167, 326, 1, 1, 1
36, 6, 734, 551, 1177, 325, 1, 1, 1
37, 6, 738, 571, 1182, 312, 1, 1, 1
38, 6, 741, 575, 1179, 315, 1, 1, 1
39, 6, 744, 573, 1176, 325, 1, 1, 1
40, 6, 746, 573, 1150, 342, 1, 1, 1
41, 6, 747, 590, 1081, 342, 1, 1, 1
42, 6, 751, 611, 1082, 333, 1, 1, 1
43, 6, 755, 628, 1111, 322, 1, 1, 1
44, 6, 755, 654, 1153, 305, 1, 1, 1
45, 6, 758, 689, 1162, 285, 1, 1, 1
46, 6, 758, 694, 1162, 291, 1, 1, 1
47, 6, 760, 694, 1160, 303, 1, 1, 1
48, 6, 757, 693, 1131, 314, 1, 1, 1
49, 6, 746, 702, 1074, 312, 1, 1, 1
50, 6, 734, 733, 1035, 276, 1, 1, 1
51, 6, 723, 765, 1055, 238, 1, 1, 1
52, 6, 711, 759, 1100, 243, 1, 1, 1
53, 6, 712, 749, 1109, 250, 1, 1, 1
54, 6, 736, 731, 1060, 253, 1, 1, 1
55, 6, 776, 720, 972, 277, 1, 1, 1
56, 6, 842, 716, 838, 287, 1, 1, 1
57, 6, 841, 732, 745, 269, 1, 1, 1
58, 6, 847, 728, 639, 253, 1, 1, 1
59, 6, 836, 718, 556, 263, 1, 1, 1
60, 6, 801, 701, 502, 274, 1, 1, 1
61, 6, 783, 685, 470, 284, 1, 1, 1
62, 6, 789, 667, 389, 291, 1, 1, 1
63, 6, 758, 654, 395, 269, 1, 1, 1
64, 6, 734, 644, 437, 256, 1, 1, 1
65, 6, 704, 637, 487, 248, 1, 1, 1
66, 6, 647, 623, 565, 222, 1, 1, 1
1, 7, 1681, 791, 239, 133, 1, 1, 1
2, 7, 1711, 780, 209, 122, 1, 1, 1
3, 7, 1716, 752, 204, 160, 1, 1, 1
4, 7, 1683, 723, 237, 209, 1, 1, 1
5, 7, 1690, 729, 230, 194, 1, 1, 1
6, 7, 1689, 713, 231, 202, 1, 1, 1
7, 7, 1695, 706, 225, 218, 1, 1, 1
8, 7, 1677, 690, 243, 227, 1, 1, 1
9, 7, 1682, 678, 238, 233, 1, 1, 1
10, 7, 1677, 665, 243, 211, 1, 1, 1
11, 7, 1687, 679, 233, 222, 1, 1, 1
12, 7, 1708, 676, 212, 223, 1, 1, 1
13, 7, 1718, 669, 202, 206, 1, 1, 1
14, 7, 1748, 660, 172, 205, 1, 1, 1
15, 7, 1751, 664, 169, 182, 1, 1, 1
16, 7, 1791, 689, 129, 169, 1, 1, 1
17, 7, 1777, 680, 143, 181, 1, 1, 1
18, 7, 1795, 677, 125, 184, 1, 1, 1
19, 7, 1807, 700, 113, 168, 1, 1, 1
20, 7, 1779, 690, 141, 181, 1, 1, 1
21, 7, 1791, 721, 129, 171, 1, 1, 1
22, 7, 1813, 755, 107, 127, 1, 1, 1
23, 7, 1809, 746, 111, 142, 1, 1, 1
24, 7, 1828, 771, 92, 121, 1, 1, 1
25, 7, 1806, 767, 114, 135, 1, 1, 1
26, 7, 1795, 785, 125, 130, 1, 1, 1
27, 7, 1789, 770, 131, 135, 1, 1, 1
28, 7, 1816, 800, 104, 130, 1, 1, 1
29, 7, 1814, 794, 106, 127, 1, 1, 1
30, 7, 1812, 790, 108, 141, 1, 1, 1
31, 7, 1815, 789, 105, 135, 1, 1, 1
32, 7, 1817, 802, 103, 102, 1, 1, 1
33, 7, 1806, 781, 114, 129, 1, 1, 1
34, 7, 1790, 789, 130, 130, 1, 1, 1
35, 7, 1764, 779, 156, 140, 1, 1, 1
36, 7, 1765, 773, 155, 142, 1, 1, 1
37, 7, 1749, 768, 171, 152, 1, 1, 1
38, 7, 1739, 718, 181, 217, 1, 1, 1
39, 7, 1703, 719, 217, 196, 1, 1, 1
40, 7, 1703, 716, 217, 195, 1, 1, 1
41, 7, 1687, 709, 233, 211, 1, 1, 1
42, 7, 1675, 721, 245, 197, 1, 1, 1
43, 7, 1659, 724, 261, 193, 1, 1, 1
44, 7, 1631, 730, 289, 189, 1, 1, 1
45, 7, 1612, 771, 308, 141, 1, 1, 1
46, 7, 1611, 785, 309, 131, 1, 1, 1
47, 7, 1605, 777, 315, 144, 1, 1, 1
48, 7, 1641, 763, 279, 159, 1, 1, 1
49, 7, 1647, 735, 272, 189, 1, 1, 1
50, 7, 1557, 696, 357, 193, 1, 1, 1
51, 7, 1682, 708, 238, 225, 1, 1, 1
52, 7, 1651, 704, 267, 223, 1, 1, 1
53, 7, 1641, 683, 277, 253, 1, 1, 1
54, 7, 1627, 683, 288, 236, 1, 1, 1
55, 7, 1635, 680, 276, 239, 1, 1, 1
56, 7, 1556, 680, 355, 228, 1, 1, 1
57, 7, 1550, 676, 347, 226, 1, 1, 1
58, 7, 1533, 662, 361, 224, 1, 1, 1
59, 7, 1515, 664, 368, 214, 1, 1, 1
60, 7, 1516, 653, 357, 230, 1, 1, 1
61, 7, 1511, 655, 360, 235, 1, 1, 1
62, 7, 1512, 664, 357, 239, 1, 1, 1
63, 7, 1505, 677, 356, 232, 1, 1, 1
64, 7, 1507, 679, 348, 227, 1, 1, 1
65, 7, 1493, 680, 360, 235, 1, 1, 1
66, 7, 1489, 687, 355, 227, 1, 1, 1
1, 8, 1369, 921, 314, 159, 1, 1, 1
2, 8, 1339, 905, 377, 175, 1, 1, 1
3, 8, 1310, 903, 361, 177, 1, 1, 1
4, 8, 1289, 894, 377, 186, 1, 1, 1
5, 8, 1276, 889, 380, 191, 1, 1, 1
6, 8, 1267, 896, 381, 184, 1, 1, 1
7, 8, 1257, 889, 369, 191, 1, 1, 1
8, 8, 1247, 884, 379, 196, 1, 1, 1
9, 8, 1255, 868, 358, 212, 1, 1, 1
10, 8, 1311, 870, 239, 210, 1, 1, 1
11, 8, 1314, 896, 155, 184, 1, 1, 1
12, 8, 1291, 949, 313, 131, 1, 1, 1
13, 8, 1365, 975, 227, 105, 1, 1, 1
14, 8, 1445, 956, 199, 124, 1, 1, 1
15, 8, 1382, 936, 269, 144, 1, 1, 1
16, 8, 1348, 914, 447, 166, 1, 1, 1
17, 8, 1316, 912, 465, 168, 1, 1, 1
18, 8, 1279, 926, 452, 154, 1, 1, 1
19, 8, 1251, 906, 473, 174, 1, 1, 1
20, 8, 1236, 895, 437, 185, 1, 1, 1
21, 8, 1221, 884, 397, 196, 1, 1, 1
22, 8, 1220, 879, 364, 201, 1, 1, 1
23, 8, 1231, 876, 329, 204, 1, 1, 1
24, 8, 1238, 873, 284, 207, 1, 1, 1
25, 8, 1246, 875, 263, 205, 1, 1, 1
26, 8, 1257, 874, 269, 206, 1, 1, 1
27, 8, 1271, 883, 264, 196, 1, 1, 1
28, 8, 1283, 901, 268, 179, 1, 1, 1
29, 8, 1284, 893, 266, 187, 1, 1, 1
30, 8, 1285, 913, 316, 167, 1, 1, 1
31, 8, 1298, 923, 352, 157, 1, 1, 1
32, 8, 1300, 936, 359, 144, 1, 1, 1
33, 8, 1306, 957, 378, 122, 1, 1, 1
34, 8, 1302, 959, 401, 121, 1, 1, 1
35, 8, 1295, 954, 388, 126, 1, 1, 1
36, 8, 1278, 955, 400, 125, 1, 1, 1
37, 8, 1280, 955, 437, 125, 1, 1, 1
38, 8, 1274, 950, 446, 130, 1, 1, 1
39, 8, 1274, 943, 442, 137, 1, 1, 1
40, 8, 1277, 938, 438, 142, 1, 1, 1
41, 8, 1282, 930, 432, 150, 1, 1, 1
42, 8, 1288, 929, 425, 151, 1, 1, 1
43, 8, 1301, 923, 415, 157, 1, 1, 1
44, 8, 1315, 918, 403, 162, 1, 1, 1
45, 8, 1326, 911, 383, 168, 1, 1, 1
46, 8, 1335, 917, 367, 163, 1, 1, 1
47, 8, 1346, 919, 359, 161, 1, 1, 1
48, 8, 1362, 919, 346, 161, 1, 1, 1
49, 8, 1375, 924, 335, 156, 1, 1, 1
50, 8, 1386, 928, 318, 152, 1, 1, 1
51, 8, 1395, 925, 326, 154, 1, 1, 1
52, 8, 1401, 922, 299, 158, 1, 1, 1
53, 8, 1415, 910, 323, 169, 1, 1, 1
54, 8, 1428, 914, 323, 166, 1, 1, 1
55, 8, 1442, 912, 310, 168, 1, 1, 1
56, 8, 1458, 909, 306, 171, 1, 1, 1
57, 8, 1473, 909, 308, 171, 1, 1, 1
58, 8, 1485, 910, 291, 170, 1, 1, 1
59, 8, 1488, 909, 288, 171, 1, 1, 1
60, 8, 1507, 908, 309, 172, 1, 1, 1
61, 8, 1512, 915, 293, 165, 1, 1, 1
62, 8, 1517, 900, 277, 180, 1, 1, 1
63, 8, 1519, 889, 278, 191, 1, 1, 1
64, 8, 1519, 904, 294, 176, 1, 1, 1
65, 8, 1515, 899, 286, 181, 1, 1, 1
66, 8, 1515, 897, 299, 183, 1, 1, 1
