10, 3, 1330, 422, 278, 132, 1, 1, 1
11, 3, 1135, 416, 457, 167, 1, 1, 1
12, 3, 851, 465, 699, 136, 1, 1, 1
13, 3, 711, 429, 578, 178, 1, 1, 1
14, 3, 691, 420, 518, 188, 1, 1, 1
15, 3, 588, 445, 522, 169, 1, 1, 1
16, 3, 563, 461, 609, 154, 1, 1, 1
17, 3, 562, 458, 818, 159, 1, 1, 1
18, 3, 563, 457, 823, 160, 1, 1, 1
19, 3, 565, 455, 821, 163, 1, 1, 1
20, 3, 565, 448, 822, 169, 1, 1, 1
21, 3, 566, 448, 822, 170, 1, 1, 1
22, 3, 566, 447, 823, 169, 1, 1, 1
23, 3, 564, 447, 824, 170, 1, 1, 1
24, 3, 565, 449, 825, 168, 1, 1, 1
25, 3, 564, 449, 824, 168, 1, 1, 1
26, 3, 563, 450, 825, 166, 1, 1, 1
27, 3, 561, 450, 826, 167, 1, 1, 1
28, 3, 561, 450, 825, 168, 1, 1, 1
29, 3, 562, 451, 826, 166, 1, 1, 1
30, 3, 563, 449, 824, 167, 1, 1, 1
31, 3, 562, 449, 826, 168, 1, 1, 1
32, 3, 560, 446, 830, 170, 1, 1, 1
33, 3, 561, 441, 830, 176, 1, 1, 1
34, 3, 560, 436, 828, 181, 1, 1, 1
35, 3, 557, 436, 832, 180, 1, 1, 1
36, 3, 579, 409, 815, 209, 1, 1, 1
37, 3, 536, 384, 935, 239, 1, 1, 1
38, 3, 570, 435, 824, 181, 1, 1, 1
39, 3, 507, 424, 594, 206, 1, 1, 1
40, 3, 479, 388, 630, 238, 1, 1, 1
41, 3, 453, 406, 744, 217, 1, 1, 1
42, 3, 615, 416, 877, 211, 1, 1, 1
43, 3, 359, 398, 1419, 228, 1, 1, 1
44, 3, 462, 418, 1458, 217, 1, 1, 1
45, 3, 482, 361, 1438, 273, 1, 1, 1
46, 3, 414, 335, 1506, 300, 1, 1, 1
47, 3, 386, 321, 1534, 315, 1, 1, 1
48, 3, 400, 330, 1507, 306, 1, 1, 1
49, 3, 363, 370, 1552, 265, 1, 1, 1
50, 3, 346, 375, 1529, 262, 1, 1, 1
51, 3, 342, 364, 1523, 272, 1, 1, 1
52, 3, 332, 340, 1508, 298, 1, 1, 1
53, 3, 309, 342, 1521, 295, 1, 1, 1
54, 3, 303, 335, 1526, 302, 1, 1, 1
55, 3, 298, 327, 1527, 310, 1, 1, 1
56, 3, 289, 337, 1537, 300, 1, 1, 1
57, 3, 287, 323, 1551, 315, 1, 1, 1
58, 3, 280, 321, 1544, 317, 1, 1, 1
59, 3, 279, 311, 1538, 327, 1, 1, 1
60, 3, 274, 308, 1544, 330, 1, 1, 1
61, 3, 276, 303, 1549, 336, 1, 1, 1
62, 3, 272, 301, 1541, 336, 1, 1, 1
63, 3, 279, 299, 1530, 338, 1, 1, 1
64, 3, 273, 299, 1485, 336, 1, 1, 1
65, 3, 278, 364, 1426, 268, 1, 1, 1
66, 3, 222, 313, 1128, 322, 1, 1, 1
67, 3, 396, 329, 926, 327, 1, 1, 1
68, 3, 0, 366, 1379, 291, 1, 1, 1
69, 3, 0, 322, 1272, 379, 1, 1, 1
70, 3, 0, 286, 1297, 417, 1, 1, 1
71, 3, 0, 312, 1261, 391, 1, 1, 1
72, 3, 0, 280, 1259, 405, 1, 1, 1
73, 3, 0, 208, 1224, 476, 1, 1, 1
74, 3, 0, 254, 1195, 432, 1, 1, 1
75, 3, 0, 321, 1179, 367, 1, 1, 1
76, 3, 0, 328, 1153, 362, 1, 1, 1
77, 3, 0, 335, 1152, 353, 1, 1, 1
78, 3, 0, 335, 1152, 355, 1, 1, 1
79, 3, 0, 337, 1159, 355, 1, 1, 1
80, 3, 0, 328, 1160, 363, 1, 1, 1
81, 3, 0, 336, 1163, 356, 1, 1, 1
82, 3, 0, 215, 1174, 486, 1, 1, 1
83, 3, 0, 219, 1216, 480, 1, 1, 1
84, 3, 0, 286, 1277, 398, 1, 1, 1
85, 3, 80, 322, 1101, 360, 1, 1, 1
86, 3, 9, 366, 1271, 336, 1, 1, 1
87, 3, 0, 356, 1353, 345, 1, 1, 1
88, 3, 0, 347, 1340, 356, 1, 1, 1
64, 2, 1186, 422, 60, 17, 1, 1, 1
65, 2, 1110, 431, 83, 51, 1, 1, 1
67, 2, 1164, 498, 113, 91, 1, 1, 1
68, 2, 870, 391, 368, 171, 1, 1, 1
69, 2, 748, 389, 407, 222, 1, 1, 1
70, 2, 637, 399, 634, 194, 1, 1, 1
71, 2, 610, 392, 668, 204, 1, 1, 1
72, 2, 607, 391, 681, 204, 1, 1, 1
73, 2, 600, 391, 659, 205, 1, 1, 1
74, 2, 593, 396, 627, 200, 1, 1, 1
75, 2, 574, 391, 627, 204, 1, 1, 1
76, 2, 516, 390, 683, 205, 1, 1, 1
77, 2, 509, 385, 707, 212, 1, 1, 1
78, 2, 542, 374, 683, 222, 1, 1, 1
79, 2, 572, 373, 655, 222, 1, 1, 1
80, 2, 617, 371, 608, 225, 1, 1, 1
81, 2, 646, 357, 554, 239, 1, 1, 1
82, 2, 624, 350, 576, 286, 1, 1, 1
83, 2, 596, 367, 573, 233, 1, 1, 1
84, 2, 804, 363, 379, 234, 1, 1, 1
85, 2, 830, 348, 256, 267, 1, 1, 1
87, 2, 695, 586, 74, 30, 1, 1, 1
88, 2, 657, 576, 371, 57, 1, 1, 1
