62, 2, 262, 385, 381, 355, 1, 1, 1
63, 2, 272, 386, 383, 351, 1, 1, 1
64, 2, 309, 385, 364, 348, 1, 1, 1
65, 2, 330, 383, 360, 347, 1, 1, 1
66, 2, 352, 371, 345, 334, 1, 1, 1
67, 2, 395, 364, 324, 341, 1, 1, 1
68, 2, 432, 364, 323, 334, 1, 1, 1
69, 2, 456, 362, 323, 334, 1, 1, 1
70, 2, 483, 363, 312, 328, 1, 1, 1
71, 2, 503, 364, 300, 314, 1, 1, 1
72, 2, 530, 361, 275, 318, 1, 1, 1
73, 2, 562, 356, 257, 320, 1, 1, 1
74, 2, 576, 348, 264, 319, 1, 1, 1
75, 2, 571, 343, 285, 318, 1, 1, 1
76, 2, 571, 339, 301, 318, 1, 1, 1
77, 2, 571, 345, 310, 309, 1, 1, 1
78, 2, 572, 344, 313, 297, 1, 1, 1
79, 2, 597, 348, 298, 294, 1, 1, 1
80, 2, 618, 351, 304, 287, 1, 1, 1
81, 2, 626, 349, 315, 288, 1, 1, 1
82, 2, 646, 339, 325, 295, 1, 1, 1
83, 2, 662, 348, 343, 286, 1, 1, 1
38, 5, 759, 328, 337, 410, 1, 1, 1
39, 5, 860, 321, 241, 417, 1, 1, 1
40, 5, 870, 314, 251, 442, 1, 1, 1
41, 5, 886, 316, 263, 437, 1, 1, 1
42, 5, 890, 322, 275, 432, 1, 1, 1
43, 5, 895, 321, 289, 432, 1, 1, 1
44, 5, 890, 315, 321, 438, 1, 1, 1
45, 5, 897, 317, 322, 415, 1, 1, 1
46, 5, 923, 319, 305, 425, 1, 1, 1
47, 5, 945, 311, 303, 434, 1, 1, 1
48, 5, 954, 310, 298, 434, 1, 1, 1
49, 5, 964, 311, 286, 435, 1, 1, 1
50, 5, 967, 312, 299, 432, 1, 1, 1
51, 5, 973, 325, 298, 420, 1, 1, 1
52, 5, 978, 343, 256, 324, 1, 1, 1
53, 5, 992, 341, 331, 381, 1, 1, 1
54, 5, 1011, 335, 337, 387, 1, 1, 1
55, 5, 1029, 323, 327, 399, 1, 1, 1
56, 5, 1040, 321, 310, 402, 1, 1, 1
57, 5, 1053, 317, 303, 410, 1, 1, 1
58, 5, 1063, 314, 291, 411, 1, 1, 1
59, 5, 1067, 313, 291, 387, 1, 1, 1
60, 5, 1082, 314, 295, 405, 1, 1, 1
61, 5, 1163, 308, 231, 406, 1, 1, 1
62, 5, 1169, 309, 234, 406, 1, 1, 1
63, 5, 1170, 307, 233, 406, 1, 1, 1
64, 5, 1176, 302, 231, 407, 1, 1, 1
65, 5, 1168, 299, 242, 409, 1, 1, 1
66, 5, 1170, 301, 255, 397, 1, 1, 1
67, 5, 1172, 304, 272, 417, 1, 1, 1
68, 5, 1176, 309, 281, 412, 1, 1, 1
69, 5, 1182, 308, 273, 414, 1, 1, 1
70, 5, 1195, 307, 253, 414, 1, 1, 1
71, 5, 1218, 303, 233, 417, 1, 1, 1
72, 5, 1231, 303, 233, 414, 1, 1, 1
73, 5, 1241, 302, 232, 415, 1, 1, 1
74, 5, 1256, 295, 219, 421, 1, 1, 1
75, 5, 1265, 292, 208, 409, 1, 1, 1
76, 5, 1255, 291, 212, 428, 1, 1, 1
77, 5, 1242, 289, 223, 429, 1, 1, 1
78, 5, 1231, 289, 234, 429, 1, 1, 1
57, 6, 801, 330, 238, 331, 1, 1, 1
58, 6, 787, 332, 257, 338, 1, 1, 1
59, 6, 776, 333, 266, 341, 1, 1, 1
60, 6, 763, 331, 275, 346, 1, 1, 1
61, 6, 758, 329, 278, 340, 1, 1, 1
62, 6, 755, 331, 282, 337, 1, 1, 1
63, 6, 748, 334, 305, 327, 1, 1, 1
64, 6, 747, 338, 315, 319, 1, 1, 1
65, 6, 743, 338, 322, 312, 1, 1, 1
66, 6, 750, 336, 309, 304, 1, 1, 1
67, 6, 759, 337, 309, 303, 1, 1, 1
68, 6, 764, 344, 326, 300, 1, 1, 1
69, 6, 763, 353, 335, 287, 1, 1, 1
70, 6, 768, 354, 318, 288, 1, 1, 1
71, 6, 770, 347, 304, 301, 1, 1, 1
72, 6, 774, 344, 307, 308, 1, 1, 1
73, 6, 774, 339, 309, 320, 1, 1, 1
74, 6, 777, 333, 321, 328, 1, 1, 1
75, 6, 777, 335, 325, 325, 1, 1, 1
76, 6, 777, 335, 330, 321, 1, 1, 1
77, 6, 776, 334, 316, 327, 1, 1, 1
78, 6, 774, 330, 312, 332, 1, 1, 1
79, 6, 778, 328, 302, 373, 1, 1, 1
80, 6, 780, 327, 295, 310, 1, 1, 1
81, 6, 783, 331, 285, 300, 1, 1, 1
82, 6, 787, 331, 278, 290, 1, 1, 1
83, 6, 795, 330, 278, 287, 1, 1, 1
39, 4, 886, 368, 412, 414, 1, 1, 1
40, 4, 893, 390, 433, 393, 1, 1, 1
41, 4, 904, 402, 430, 369, 1, 1, 1
42, 4, 936, 382, 397, 386, 1, 1, 1
43, 4, 984, 360, 370, 413, 1, 1, 1
44, 4, 1010, 336, 359, 438, 1, 1, 1
45, 4, 1024, 335, 344, 441, 1, 1, 1
46, 4, 1034, 329, 333, 448, 1, 1, 1
47, 4, 1037, 329, 330, 431, 1, 1, 1
48, 4, 1040, 330, 316, 445, 1, 1, 1
49, 4, 1045, 329, 304, 449, 1, 1, 1
70, 1, 624, 362, 490, 536, 1, 1, 1
71, 1, 678, 353, 471, 535, 1, 1, 1
72, 1, 733, 346, 469, 562, 1, 1, 1
73, 1, 775, 335, 436, 570, 1, 1, 1
74, 1, 805, 322, 422, 580, 1, 1, 1
75, 1, 826, 319, 414, 585, 1, 1, 1
76, 1, 834, 318, 400, 583, 1, 1, 1
77, 1, 844, 314, 382, 554, 1, 1, 1
78, 1, 872, 309, 359, 554, 1, 1, 1
79, 1, 911, 310, 345, 554, 1, 1, 1
80, 1, 942, 309, 355, 546, 1, 1, 1
81, 1, 948, 306, 358, 544, 1, 1, 1
82, 1, 958, 306, 367, 539, 1, 1, 1
83, 1, 961, 314, 384, 525, 1, 1, 1
