1, 3, 863, 414, 297, 435, 1, 1, 1
2, 3, 736, 118, 426, 723, 1, 1, 1
3, 3, 849, 423, 312, 447, 1, 1, 1
4, 3, 844, 435, 316, 442, 1, 1, 1
5, 3, 843, 435, 322, 447, 1, 1, 1
6, 3, 837, 459, 327, 422, 1, 1, 1
7, 3, 833, 461, 282, 412, 1, 1, 1
8, 3, 741, 460, 370, 413, 1, 1, 1
9, 3, 820, 471, 256, 396, 1, 1, 1
4, 2, 346, 351, 190, 393, 1, 1, 1
5, 2, 367, 260, 689, 495, 1, 1, 1
6, 2, 373, 263, 746, 397, 1, 1, 1
7, 2, 713, 367, 460, 324, 1, 1, 1
8, 2, 447, 326, 761, 268, 1, 1, 1
9, 2, 808, 241, 395, 339, 1, 1, 1
10, 2, 951, 351, 286, 353, 1, 1, 1
11, 2, 881, 352, 350, 358, 1, 1, 1
12, 2, 854, 339, 395, 373, 1, 1, 1
13, 2, 890, 345, 363, 367, 1, 1, 1
14, 2, 901, 350, 361, 383, 1, 1, 1
15, 2, 881, 261, 402, 529, 1, 1, 1
16, 2, 991, 352, 327, 435, 1, 1, 1
17, 2, 1025, 381, 318, 411, 1, 1, 1
18, 2, 910, 320, 443, 472, 1, 1, 1
19, 2, 1018, 385, 344, 408, 1, 1, 1
20, 2, 1012, 438, 350, 358, 1, 1, 1
21, 2, 1007, 650, 173, 148, 1, 1, 1
22, 2, 842, 598, 396, 196, 1, 1, 1
23, 2, 849, 600, 393, 191, 1, 1, 1
24, 2, 841, 564, 406, 225, 1, 1, 1
25, 2, 897, 593, 356, 194, 1, 1, 1
26, 2, 870, 578, 397, 212, 1, 1, 1
27, 2, 976, 587, 324, 206, 1, 1, 1
28, 2, 983, 587, 204, 210, 1, 1, 1
29, 2, 982, 588, 210, 207, 1, 1, 1
30, 2, 825, 314, 564, 481, 1, 1, 1
31, 2, 810, 297, 597, 501, 1, 1, 1
32, 2, 1002, 587, 417, 218, 1, 1, 1
33, 2, 798, 354, 611, 452, 1, 1, 1
34, 2, 994, 591, 409, 216, 1, 1, 1
35, 2, 999, 577, 425, 224, 1, 1, 1
36, 2, 795, 342, 635, 460, 1, 1, 1
37, 2, 825, 319, 588, 484, 1, 1, 1
38, 2, 996, 581, 425, 222, 1, 1, 1
39, 2, 810, 347, 389, 455, 1, 1, 1
40, 2, 809, 385, 382, 414, 1, 1, 1
1, 1, 375, 199, 684, 691, 1, 1, 1
2, 1, 500, 212, 591, 679, 1, 1, 1
3, 1, 489, 116, 607, 771, 1, 1, 1
4, 1, 393, 184, 705, 701, 1, 1, 1
5, 1, 497, 109, 587, 777, 1, 1, 1
6, 1, 488, 71, 598, 816, 1, 1, 1
7, 1, 424, 200, 648, 684, 1, 1, 1
8, 1, 473, 79, 627, 805, 1, 1, 1
9, 1, 471, 92, 559, 794, 1, 1, 1
10, 1, 429, 203, 589, 680, 1, 1, 1
11, 1, 477, 123, 524, 760, 1, 1, 1
12, 1, 464, 109, 596, 774, 1, 1, 1
13, 1, 330, 248, 783, 639, 1, 1, 1
14, 1, 467, 190, 643, 696, 1, 1, 1
15, 1, 468, 197, 659, 690, 1, 1, 1
16, 1, 301, 146, 869, 741, 1, 1, 1
17, 1, 304, 254, 915, 635, 1, 1, 1
18, 1, 463, 150, 782, 743, 1, 1, 1
19, 1, 476, 231, 792, 659, 1, 1, 1
20, 1, 462, 122, 879, 748, 1, 1, 1
21, 1, 576, 90, 796, 778, 1, 1, 1
22, 1, 580, 179, 845, 688, 1, 1, 1
23, 1, 593, 258, 865, 611, 1, 1, 1
24, 1, 647, 132, 883, 702, 1, 1, 1
25, 1, 695, 119, 890, 735, 1, 1, 1
26, 1, 739, 263, 877, 594, 1, 1, 1
27, 1, 814, 140, 839, 720, 1, 1, 1
28, 1, 789, 94, 898, 768, 1, 1, 1
29, 1, 805, 245, 908, 619, 1, 1, 1
30, 1, 846, 136, 883, 727, 1, 1, 1
31, 1, 843, 72, 890, 790, 1, 1, 1
32, 1, 824, 271, 906, 592, 1, 1, 1
33, 1, 856, 159, 907, 704, 1, 1, 1
34, 1, 836, 98, 887, 765, 1, 1, 1
35, 1, 824, 261, 881, 601, 1, 1, 1
36, 1, 842, 167, 845, 696, 1, 1, 1
37, 1, 843, 94, 832, 768, 1, 1, 1
38, 1, 801, 230, 937, 632, 1, 1, 1
39, 1, 841, 172, 880, 691, 1, 1, 1
40, 1, 833, 124, 903, 737, 1, 1, 1
41, 1, 823, 268, 924, 593, 1, 1, 1
42, 1, 739, 180, 1023, 680, 1, 1, 1
43, 1, 839, 235, 922, 627, 1, 1, 1
44, 1, 780, 47, 977, 813, 1, 1, 1
45, 1, 766, 259, 991, 602, 1, 1, 1
46, 1, 754, 188, 972, 670, 1, 1, 1
47, 1, 822, 188, 895, 670, 1, 1, 1
48, 1, 685, 166, 1042, 692, 1, 1, 1
49, 1, 740, 240, 963, 619, 1, 1, 1
50, 1, 823, 122, 858, 737, 1, 1, 1
51, 1, 827, 166, 826, 693, 1, 1, 1
52, 1, 812, 264, 788, 594, 1, 1, 1
53, 1, 629, 243, 911, 613, 1, 1, 1
54, 1, 815, 127, 716, 735, 1, 1, 1
