8, 1, 5, 69, 233, 114, 1, 1, 1
9, 1, 15, 73, 221, 132, 1, 1, 1
10, 1, 0, 92, 166, 118, 1, 1, 1
11, 1, 30, 84, 136, 126, 1, 1, 1
12, 1, 13, 89, 136, 132, 1, 1, 1
13, 1, 6, 100, 102, 139, 1, 1, 1
14, 1, 3, 130, 111, 128, 1, 1, 1
15, 1, 45, 134, 120, 121, 1, 1, 1
16, 1, 108, 136, 100, 108, 1, 1, 1
17, 1, 116, 114, 175, 137, 1, 1, 1
18, 1, 185, 122, 152, 127, 1, 1, 1
19, 1, 182, 142, 177, 98, 1, 1, 1
20, 1, 259, 64, 66, 170, 1, 1, 1
21, 1, 213, 112, 187, 127, 1, 1, 1
22, 1, 183, 88, 174, 139, 1, 1, 1
23, 1, 170, 126, 151, 93, 1, 1, 1
24, 1, 182, 134, 192, 97, 1, 1, 1
