13, 3, 316, 168, 220, 136, 1, 1, 1
14, 3, 53, 44, 487, 260, 1, 1, 1
15, 3, 102, 0, 402, 304, 1, 1, 1
16, 3, 105, 35, 313, 269, 1, 1, 1
17, 3, 144, 33, 284, 271, 1, 1, 1
18, 3, 168, 0, 273, 304, 1, 1, 1
19, 3, 111, 0, 316, 304, 1, 1, 1
20, 3, 61, 15, 314, 289, 1, 1, 1
21, 3, 0, 16, 253, 288, 1, 1, 1
22, 3, 0, 93, 260, 211, 1, 1, 1
23, 3, 0, 129, 254, 175, 1, 1, 1
24, 3, 0, 129, 249, 175, 1, 1, 1
25, 3, 0, 125, 232, 179, 1, 1, 1
26, 3, 0, 79, 280, 225, 1, 1, 1
27, 3, 0, 110, 327, 194, 1, 1, 1
28, 3, 0, 123, 337, 181, 1, 1, 1
29, 3, 0, 122, 326, 182, 1, 1, 1
30, 3, 0, 139, 350, 165, 1, 1, 1
31, 3, 0, 143, 380, 161, 1, 1, 1
32, 3, 0, 146, 375, 158, 1, 1, 1
33, 3, 0, 136, 378, 168, 1, 1, 1
34, 3, 0, 147, 280, 157, 1, 1, 1
