84, 5, 407, 371, 497, 291, 1, 1, 1
85, 5, 421, 366, 481, 296, 1, 1, 1
86, 5, 511, 377, 392, 285, 1, 1, 1
87, 5, 500, 374, 404, 288, 1, 1, 1
88, 5, 496, 378, 410, 284, 1, 1, 1
89, 5, 493, 385, 418, 277, 1, 1, 1
90, 5, 496, 381, 419, 281, 1, 1, 1
91, 5, 478, 394, 451, 268, 1, 1, 1
92, 5, 452, 412, 482, 250, 1, 1, 1
93, 5, 433, 409, 512, 253, 1, 1, 1
94, 5, 423, 416, 526, 246, 1, 1, 1
95, 5, 418, 392, 539, 270, 1, 1, 1
96, 5, 424, 405, 542, 257, 1, 1, 1
97, 5, 429, 401, 551, 261, 1, 1, 1
98, 5, 434, 398, 566, 264, 1, 1, 1
99, 5, 442, 387, 573, 275, 1, 1, 1
100, 5, 450, 354, 585, 308, 1, 1, 1
