30, 1, 399, 587, 211, 206, 1, 1, 1
31, 1, 404, 575, 201, 225, 1, 1, 1
32, 1, 434, 558, 172, 247, 1, 1, 1
33, 1, 451, 547, 164, 266, 1, 1, 1
34, 1, 451, 540, 169, 279, 1, 1, 1
35, 1, 449, 537, 169, 284, 1, 1, 1
36, 1, 450, 544, 166, 277, 1, 1, 1
37, 1, 431, 547, 180, 294, 1, 1, 1
38, 1, 428, 542, 224, 301, 1, 1, 1
39, 1, 427, 539, 203, 300, 1, 1, 1
40, 1, 423, 529, 209, 301, 1, 1, 1
41, 1, 417, 520, 228, 294, 1, 1, 1
42, 1, 411, 503, 242, 310, 1, 1, 1
43, 1, 407, 488, 258, 318, 1, 1, 1
44, 1, 406, 483, 282, 327, 1, 1, 1
45, 1, 407, 497, 314, 328, 1, 1, 1
46, 1, 407, 512, 335, 330, 1, 1, 1
47, 1, 399, 526, 358, 335, 1, 1, 1
48, 1, 387, 535, 398, 335, 1, 1, 1
49, 1, 370, 525, 443, 346, 1, 1, 1
50, 1, 358, 505, 475, 331, 1, 1, 1
51, 1, 348, 483, 516, 348, 1, 1, 1
52, 1, 391, 463, 503, 368, 1, 1, 1
53, 1, 417, 448, 492, 384, 1, 1, 1
54, 1, 399, 400, 533, 435, 1, 1, 1
55, 1, 285, 434, 680, 398, 1, 1, 1
56, 1, 344, 407, 641, 423, 1, 1, 1
57, 1, 376, 384, 625, 447, 1, 1, 1
58, 1, 349, 396, 668, 439, 1, 1, 1
59, 1, 372, 405, 669, 433, 1, 1, 1
60, 1, 352, 442, 728, 395, 1, 1, 1
61, 1, 388, 455, 733, 339, 1, 1, 1
62, 1, 398, 460, 764, 324, 1, 1, 1
63, 1, 421, 443, 772, 328, 1, 1, 1
64, 1, 418, 431, 777, 327, 1, 1, 1
65, 1, 467, 406, 744, 330, 1, 1, 1
