29, 2, 1230, 300, 685, 495, 1, 1, 1
30, 2, 1194, 284, 683, 438, 1, 1, 1
31, 2, 1169, 293, 713, 433, 1, 1, 1
32, 2, 1151, 308, 665, 419, 1, 1, 1
33, 2, 1143, 309, 637, 428, 1, 1, 1
34, 2, 1144, 330, 609, 396, 1, 1, 1
35, 2, 1073, 350, 668, 378, 1, 1, 1
36, 2, 1076, 347, 633, 383, 1, 1, 1
37, 2, 972, 354, 708, 379, 1, 1, 1
38, 2, 931, 362, 713, 371, 1, 1, 1
39, 2, 896, 373, 710, 376, 1, 1, 1
40, 2, 868, 382, 714, 401, 1, 1, 1
41, 2, 847, 387, 720, 432, 1, 1, 1
42, 2, 818, 398, 714, 409, 1, 1, 1
43, 2, 790, 410, 717, 375, 1, 1, 1
44, 2, 768, 449, 727, 350, 1, 1, 1
45, 2, 751, 486, 715, 344, 1, 1, 1
46, 2, 736, 507, 720, 346, 1, 1, 1
47, 2, 725, 539, 723, 302, 1, 1, 1
48, 2, 720, 551, 726, 308, 1, 1, 1
