1, 4, 984, 12, 434, 340, 1, 1, 1
2, 4, 985, 0, 438, 326, 1, 1, 1
3, 4, 997, 5, 426, 318, 1, 1, 1
4, 4, 1006, 14, 407, 306, 1, 1, 1
5, 4, 1025, 23, 382, 304, 1, 1, 1
6, 4, 1018, 28, 377, 655, 1, 1, 1
7, 4, 1008, 27, 382, 655, 1, 1, 1
8, 4, 1004, 26, 376, 654, 1, 1, 1
9, 4, 1001, 33, 366, 655, 1, 1, 1
10, 4, 1019, 23, 364, 665, 1, 1, 1
11, 4, 1028, 15, 360, 670, 1, 1, 1
12, 4, 1035, 3, 364, 678, 1, 1, 1
13, 4, 1034, 14, 354, 669, 1, 1, 1
14, 4, 1018, 15, 364, 669, 1, 1, 1
15, 4, 1014, 14, 356, 666, 1, 1, 1
16, 4, 1020, 15, 348, 668, 1, 1, 1
17, 4, 1056, 15, 307, 673, 1, 1, 1
18, 4, 926, 17, 442, 684, 1, 1, 1
19, 4, 1110, 9, 257, 673, 1, 1, 1
20, 4, 1078, 26, 261, 263, 1, 1, 1
21, 4, 1054, 23, 253, 270, 1, 1, 1
22, 4, 1030, 24, 281, 279, 1, 1, 1
23, 4, 1015, 14, 295, 318, 1, 1, 1
24, 4, 805, 11, 509, 615, 1, 1, 1
25, 4, 808, 2, 450, 681, 1, 1, 1
26, 4, 805, 2, 462, 681, 1, 1, 1
27, 4, 796, 3, 456, 688, 1, 1, 1
28, 4, 1025, 0, 217, 312, 1, 1, 1
29, 4, 923, 6, 376, 362, 1, 1, 1
30, 4, 904, 9, 400, 372, 1, 1, 1
31, 4, 929, 3, 382, 360, 1, 1, 1
32, 4, 1019, 0, 297, 380, 1, 1, 1
33, 4, 1070, 5, 242, 223, 1, 1, 1
34, 4, 1099, 2, 246, 238, 1, 1, 1
35, 4, 902, 3, 475, 433, 1, 1, 1
36, 4, 887, 5, 501, 479, 1, 1, 1
37, 4, 827, 0, 565, 585, 1, 1, 1
38, 4, 826, 6, 563, 623, 1, 1, 1
39, 4, 815, 0, 565, 607, 1, 1, 1
40, 4, 832, 2, 563, 580, 1, 1, 1
41, 4, 855, 0, 553, 570, 1, 1, 1
42, 4, 868, 0, 546, 549, 1, 1, 1
43, 4, 917, 2, 527, 387, 1, 1, 1
44, 4, 1160, 2, 292, 235, 1, 1, 1
45, 4, 1169, 0, 288, 229, 1, 1, 1
46, 4, 1163, 28, 291, 217, 1, 1, 1
47, 4, 1354, 80, 105, 107, 1, 1, 1
48, 4, 1331, 76, 92, 83, 1, 1, 1
49, 4, 1334, 54, 46, 45, 1, 1, 1
51, 4, 1162, 582, 63, 117, 1, 1, 1
52, 4, 1047, 79, 440, 619, 1, 1, 1
53, 4, 1036, 555, 199, 144, 1, 1, 1
54, 4, 1033, 17, 302, 676, 1, 1, 1
55, 4, 1024, 20, 328, 678, 1, 1, 1
56, 4, 1029, 0, 328, 693, 1, 1, 1
57, 4, 1023, 0, 330, 690, 1, 1, 1
58, 4, 1017, 0, 346, 696, 1, 1, 1
59, 4, 1027, 0, 340, 700, 1, 1, 1
60, 4, 1033, 1, 344, 694, 1, 1, 1
61, 4, 1028, 0, 354, 696, 1, 1, 1
62, 4, 1023, 0, 367, 692, 1, 1, 1
63, 4, 1031, 0, 359, 692, 1, 1, 1
64, 4, 1033, 3, 368, 690, 1, 1, 1
65, 4, 1033, 2, 372, 691, 1, 1, 1
66, 4, 1040, 9, 364, 687, 1, 1, 1
67, 4, 1047, 2, 351, 694, 1, 1, 1
68, 4, 1040, 0, 355, 692, 1, 1, 1
69, 4, 1006, 2, 393, 691, 1, 1, 1
70, 4, 950, 0, 447, 686, 1, 1, 1
71, 4, 945, 0, 448, 686, 1, 1, 1
72, 4, 934, 0, 389, 682, 1, 1, 1
73, 4, 920, 0, 409, 680, 1, 1, 1
74, 4, 918, 2, 405, 683, 1, 1, 1
75, 4, 913, 0, 416, 688, 1, 1, 1
76, 4, 916, 0, 413, 683, 1, 1, 1
77, 4, 919, 0, 414, 685, 1, 1, 1
78, 4, 872, 0, 460, 683, 1, 1, 1
79, 4, 856, 0, 484, 683, 1, 1, 1
80, 4, 845, 0, 639, 685, 1, 1, 1
81, 4, 837, 0, 648, 686, 1, 1, 1
82, 4, 824, 0, 577, 689, 1, 1, 1
83, 4, 818, 32, 581, 654, 1, 1, 1
84, 4, 826, 26, 567, 648, 1, 1, 1
85, 4, 827, 34, 559, 657, 1, 1, 1
86, 4, 827, 46, 553, 647, 1, 1, 1
87, 4, 815, 51, 624, 640, 1, 1, 1
88, 4, 812, 46, 634, 645, 1, 1, 1
89, 4, 811, 43, 624, 643, 1, 1, 1
90, 4, 808, 8, 594, 674, 1, 1, 1
91, 4, 801, 34, 600, 651, 1, 1, 1
92, 4, 798, 49, 544, 631, 1, 1, 1
93, 4, 811, 0, 538, 680, 1, 1, 1
94, 4, 811, 0, 541, 676, 1, 1, 1
95, 4, 808, 0, 543, 679, 1, 1, 1
96, 4, 820, 0, 522, 679, 1, 1, 1
97, 4, 807, 0, 527, 676, 1, 1, 1
98, 4, 1101, 0, 253, 671, 1, 1, 1
99, 4, 1076, 0, 245, 676, 1, 1, 1
100, 4, 1088, 0, 214, 676, 1, 1, 1
101, 4, 1090, 0, 206, 682, 1, 1, 1
102, 4, 1087, 0, 211, 682, 1, 1, 1
103, 4, 1095, 0, 214, 685, 1, 1, 1
104, 4, 1100, 0, 214, 680, 1, 1, 1
105, 4, 1103, 0, 214, 685, 1, 1, 1
106, 4, 1097, 0, 214, 688, 1, 1, 1
107, 4, 1088, 0, 220, 685, 1, 1, 1
108, 4, 1091, 0, 228, 688, 1, 1, 1
109, 4, 1100, 0, 219, 686, 1, 1, 1
110, 4, 1100, 0, 245, 685, 1, 1, 1
111, 4, 1108, 0, 233, 680, 1, 1, 1
112, 4, 1107, 0, 245, 680, 1, 1, 1
113, 4, 1106, 0, 234, 680, 1, 1, 1
114, 4, 1116, 0, 226, 676, 1, 1, 1
115, 4, 1114, 0, 225, 676, 1, 1, 1
116, 4, 1111, 0, 213, 673, 1, 1, 1
117, 4, 1111, 0, 221, 663, 1, 1, 1
118, 4, 1114, 0, 263, 661, 1, 1, 1
119, 4, 966, 0, 404, 543, 1, 1, 1
120, 4, 940, 0, 423, 537, 1, 1, 1
121, 4, 889, 0, 471, 487, 1, 1, 1
122, 4, 871, 0, 492, 459, 1, 1, 1
123, 4, 867, 0, 491, 468, 1, 1, 1
124, 4, 868, 0, 499, 495, 1, 1, 1
125, 4, 867, 14, 497, 512, 1, 1, 1
126, 4, 868, 20, 597, 483, 1, 1, 1
127, 4, 872, 33, 569, 475, 1, 1, 1
128, 4, 873, 33, 580, 488, 1, 1, 1
129, 4, 921, 15, 524, 500, 1, 1, 1
130, 4, 872, 0, 558, 537, 1, 1, 1
131, 4, 833, 27, 615, 622, 1, 1, 1
132, 4, 826, 37, 612, 617, 1, 1, 1
133, 4, 826, 36, 600, 622, 1, 1, 1
134, 4, 815, 28, 619, 626, 1, 1, 1
135, 4, 913, 30, 520, 391, 1, 1, 1
136, 4, 1003, 21, 419, 381, 1, 1, 1
137, 4, 821, 20, 616, 637, 1, 1, 1
138, 4, 902, 0, 538, 299, 1, 1, 1
139, 4, 941, 2, 464, 280, 1, 1, 1
140, 4, 955, 2, 435, 303, 1, 1, 1
141, 4, 976, 2, 413, 309, 1, 1, 1
142, 4, 988, 0, 398, 339, 1, 1, 1
143, 4, 977, 0, 386, 325, 1, 1, 1
144, 4, 964, 0, 393, 312, 1, 1, 1
145, 4, 957, 0, 397, 320, 1, 1, 1
146, 4, 961, 0, 402, 342, 1, 1, 1
147, 4, 968, 0, 393, 341, 1, 1, 1
148, 4, 961, 0, 397, 343, 1, 1, 1
149, 4, 960, 0, 391, 353, 1, 1, 1
150, 4, 971, 0, 381, 338, 1, 1, 1
151, 4, 1000, 0, 349, 378, 1, 1, 1
152, 4, 1038, 0, 308, 361, 1, 1, 1
153, 4, 1033, 0, 309, 299, 1, 1, 1
154, 4, 1026, 0, 311, 673, 1, 1, 1
155, 4, 1020, 0, 320, 674, 1, 1, 1
156, 4, 1025, 0, 320, 246, 1, 1, 1
157, 4, 987, 0, 365, 305, 1, 1, 1
158, 4, 975, 3, 371, 341, 1, 1, 1
159, 4, 988, 0, 361, 347, 1, 1, 1
160, 4, 993, 0, 364, 332, 1, 1, 1
161, 4, 999, 0, 368, 350, 1, 1, 1
162, 4, 1003, 5, 365, 357, 1, 1, 1
163, 4, 1011, 34, 326, 322, 1, 1, 1
164, 4, 1007, 87, 387, 284, 1, 1, 1
165, 4, 1010, 114, 344, 250, 1, 1, 1
166, 4, 1014, 107, 340, 251, 1, 1, 1
167, 4, 994, 90, 348, 261, 1, 1, 1
168, 4, 986, 79, 309, 277, 1, 1, 1
169, 4, 970, 56, 317, 300, 1, 1, 1
170, 4, 976, 48, 325, 324, 1, 1, 1
171, 4, 983, 58, 315, 293, 1, 1, 1
172, 4, 987, 30, 302, 329, 1, 1, 1
173, 4, 976, 3, 339, 362, 1, 1, 1
174, 4, 975, 2, 357, 360, 1, 1, 1
175, 4, 980, 2, 362, 353, 1, 1, 1
176, 4, 989, 0, 354, 347, 1, 1, 1
177, 4, 1002, 0, 345, 328, 1, 1, 1
178, 4, 1072, 0, 283, 670, 1, 1, 1
179, 4, 1078, 0, 287, 668, 1, 1, 1
180, 4, 1081, 0, 277, 670, 1, 1, 1
181, 4, 1080, 0, 272, 670, 1, 1, 1
182, 4, 1081, 0, 220, 668, 1, 1, 1
183, 4, 1073, 0, 223, 673, 1, 1, 1
184, 4, 1060, 0, 241, 673, 1, 1, 1
185, 4, 1054, 0, 250, 680, 1, 1, 1
186, 4, 1065, 0, 247, 666, 1, 1, 1
187, 4, 1084, 0, 339, 289, 1, 1, 1
188, 4, 834, 5, 573, 680, 1, 1, 1
189, 4, 886, 37, 456, 655, 1, 1, 1
190, 4, 967, 45, 444, 644, 1, 1, 1
191, 4, 995, 43, 424, 653, 1, 1, 1
192, 4, 1006, 39, 421, 650, 1, 1, 1
