27, 2, 423, 24, 113, 193, 1, 1, 1
28, 2, 423, 33, 129, 184, 1, 1, 1
29, 2, 406, 31, 174, 185, 1, 1, 1
30, 2, 399, 45, 192, 177, 1, 1, 1
31, 2, 419, 53, 186, 173, 1, 1, 1
32, 2, 472, 60, 138, 229, 1, 1, 1
33, 2, 501, 95, 132, 229, 1, 1, 1
34, 2, 520, 132, 129, 234, 1, 1, 1
35, 2, 522, 158, 122, 262, 1, 1, 1
36, 2, 514, 174, 135, 273, 1, 1, 1
37, 2, 512, 196, 137, 282, 1, 1, 1
38, 2, 514, 210, 137, 285, 1, 1, 1
32, 1, 550, 0, 148, 145, 1, 1, 1
33, 1, 573, 0, 112, 206, 1, 1, 1
34, 1, 592, 0, 117, 220, 1, 1, 1
35, 1, 631, 15, 107, 260, 1, 1, 1
36, 1, 655, 82, 110, 237, 1, 1, 1
37, 1, 669, 125, 121, 275, 1, 1, 1
38, 1, 688, 162, 114, 301, 1, 1, 1
39, 1, 658, 191, 150, 276, 1, 1, 1
40, 1, 627, 201, 176, 264, 1, 1, 1
41, 1, 627, 211, 175, 257, 1, 1, 1
27, 3, 235, 22, 198, 116, 1, 1, 1
28, 3, 227, 17, 210, 164, 1, 1, 1
29, 3, 227, 14, 211, 167, 1, 1, 1
30, 3, 238, 17, 202, 167, 1, 1, 1
31, 3, 249, 16, 189, 167, 1, 1, 1
32, 3, 259, 23, 182, 203, 1, 1, 1
33, 3, 320, 35, 145, 201, 1, 1, 1
34, 3, 333, 55, 142, 238, 1, 1, 1
35, 3, 382, 107, 116, 195, 1, 1, 1
36, 3, 403, 100, 95, 250, 1, 1, 1
37, 3, 403, 113, 96, 257, 1, 1, 1
