37, 3, 220, 348, 152, 132, 1, 1, 1
38, 3, 224, 352, 147, 134, 1, 1, 1
39, 3, 229, 355, 145, 132, 1, 1, 1
40, 3, 230, 356, 144, 131, 1, 1, 1
41, 3, 231, 354, 144, 129, 1, 1, 1
42, 3, 234, 352, 143, 129, 1, 1, 1
43, 3, 238, 351, 143, 131, 1, 1, 1
44, 3, 237, 351, 141, 132, 1, 1, 1
45, 3, 235, 348, 142, 133, 1, 1, 1
46, 3, 231, 348, 144, 131, 1, 1, 1
47, 3, 234, 346, 140, 129, 1, 1, 1
48, 3, 231, 347, 141, 129, 1, 1, 1
49, 3, 233, 344, 141, 129, 1, 1, 1
50, 3, 238, 343, 139, 129, 1, 1, 1
51, 3, 238, 349, 138, 129, 1, 1, 1
52, 3, 236, 350, 140, 129, 1, 1, 1
53, 3, 238, 354, 129, 126, 1, 1, 1
