17, 1, 508, 256, 168, 147, 1, 1, 1
18, 1, 505, 257, 153, 148, 1, 1, 1
19, 1, 503, 261, 133, 142, 1, 1, 1
20, 1, 517, 266, 120, 136, 1, 1, 1
21, 1, 528, 270, 104, 139, 1, 1, 1
22, 1, 568, 273, 67, 140, 1, 1, 1
23, 1, 572, 274, 65, 140, 1, 1, 1
24, 1, 579, 272, 56, 143, 1, 1, 1
25, 1, 576, 271, 55, 129, 1, 1, 1
26, 1, 568, 271, 60, 127, 1, 1, 1
27, 1, 570, 271, 60, 127, 1, 1, 1
28, 1, 568, 271, 62, 111, 1, 1, 1
29, 1, 576, 284, 49, 95, 1, 1, 1
30, 1, 485, 232, 132, 146, 1, 1, 1
31, 1, 470, 226, 135, 51, 1, 1, 1
