1, 4, 637, 381, 354, 114, 1, 1, 1
2, 4, 644, 385, 348, 115, 1, 1, 1
3, 4, 648, 388, 354, 115, 1, 1, 1
4, 4, 656, 391, 351, 114, 1, 1, 1
5, 4, 667, 391, 352, 115, 1, 1, 1
6, 4, 687, 391, 352, 115, 1, 1, 1
7, 4, 704, 387, 355, 115, 1, 1, 1
8, 4, 724, 382, 350, 115, 1, 1, 1
9, 4, 744, 372, 353, 115, 1, 1, 1
10, 4, 760, 363, 354, 117, 1, 1, 1
11, 4, 773, 353, 351, 117, 1, 1, 1
12, 4, 790, 341, 352, 118, 1, 1, 1
13, 4, 813, 333, 355, 117, 1, 1, 1
14, 4, 839, 328, 350, 117, 1, 1, 1
15, 4, 860, 327, 351, 114, 1, 1, 1
16, 4, 878, 324, 352, 119, 1, 1, 1
17, 4, 900, 323, 350, 118, 1, 1, 1
18, 4, 916, 323, 350, 118, 1, 1, 1
19, 4, 931, 321, 349, 119, 1, 1, 1
20, 4, 946, 322, 334, 120, 1, 1, 1
21, 4, 955, 326, 325, 117, 1, 1, 1
22, 4, 963, 331, 317, 118, 1, 1, 1
23, 4, 968, 340, 312, 118, 1, 1, 1
24, 4, 969, 348, 311, 119, 1, 1, 1
25, 4, 964, 363, 316, 120, 1, 1, 1
26, 4, 962, 375, 318, 119, 1, 1, 1
27, 4, 957, 399, 323, 118, 1, 1, 1
28, 4, 947, 428, 333, 119, 1, 1, 1
29, 4, 932, 452, 348, 118, 1, 1, 1
30, 4, 919, 464, 350, 118, 1, 1, 1
31, 4, 902, 472, 348, 117, 1, 1, 1
32, 4, 884, 474, 352, 120, 1, 1, 1
33, 4, 863, 478, 354, 119, 1, 1, 1
34, 4, 828, 483, 349, 115, 1, 1, 1
35, 4, 785, 483, 350, 115, 1, 1, 1
36, 4, 740, 477, 352, 117, 1, 1, 1
37, 4, 696, 458, 348, 118, 1, 1, 1
38, 4, 651, 420, 348, 120, 1, 1, 1
39, 4, 620, 389, 347, 117, 1, 1, 1
40, 4, 598, 366, 354, 115, 1, 1, 1
41, 4, 584, 352, 348, 115, 1, 1, 1
42, 4, 561, 337, 351, 115, 1, 1, 1
43, 4, 546, 321, 349, 120, 1, 1, 1
44, 4, 535, 311, 350, 120, 1, 1, 1
45, 4, 532, 300, 346, 124, 1, 1, 1
