21, 5, 201, 112, 281, 305, 1, 1, 1
22, 5, 235, 166, 271, 245, 1, 1, 1
23, 5, 283, 138, 211, 245, 1, 1, 1
24, 5, 314, 105, 164, 280, 1, 1, 1
25, 5, 318, 109, 163, 234, 1, 1, 1
26, 5, 303, 130, 163, 199, 1, 1, 1
27, 5, 342, 145, 171, 145, 1, 1, 1
28, 5, 403, 148, 174, 143, 1, 1, 1
29, 5, 426, 157, 209, 119, 1, 1, 1
30, 5, 465, 163, 186, 113, 1, 1, 1
31, 5, 464, 166, 187, 121, 1, 1, 1
32, 5, 444, 169, 182, 123, 1, 1, 1
33, 5, 404, 174, 181, 124, 1, 1, 1
21, 1, 300, 215, 220, 146, 1, 1, 1
22, 1, 333, 168, 237, 182, 1, 1, 1
23, 1, 397, 148, 206, 198, 1, 1, 1
24, 1, 445, 130, 193, 218, 1, 1, 1
25, 1, 474, 125, 196, 181, 1, 1, 1
26, 1, 501, 111, 196, 201, 1, 1, 1
27, 1, 556, 104, 158, 201, 1, 1, 1
28, 1, 575, 101, 185, 195, 1, 1, 1
29, 1, 673, 129, 149, 151, 1, 1, 1
30, 1, 714, 126, 164, 166, 1, 1, 1
31, 1, 763, 141, 173, 131, 1, 1, 1
32, 1, 811, 150, 157, 122, 1, 1, 1
33, 1, 790, 133, 197, 141, 1, 1, 1
34, 1, 810, 140, 190, 131, 1, 1, 1
35, 1, 817, 136, 173, 138, 1, 1, 1
36, 1, 799, 141, 171, 131, 1, 1, 1
37, 1, 765, 153, 190, 128, 1, 1, 1
38, 1, 730, 167, 193, 116, 1, 1, 1
