1, 1, 78, 40, 21, 26, 1, 1, 1
2, 1, 104, 43, 22, 27, 1, 1, 1
3, 1, 125, 45, 33, 33, 1, 1, 1
4, 1, 150, 51, 35, 32, 1, 1, 1
5, 1, 159, 50, 40, 39, 1, 1, 1
6, 1, 175, 52, 40, 41, 1, 1, 1
7, 1, 197, 55, 42, 42, 1, 1, 1
8, 1, 181, 53, 49, 46, 1, 1, 1
9, 1, 183, 54, 43, 49, 1, 1, 1
10, 1, 197, 56, 43, 54, 1, 1, 1
11, 1, 197, 54, 48, 57, 1, 1, 1
12, 1, 199, 57, 49, 60, 1, 1, 1
13, 1, 181, 60, 49, 58, 1, 1, 1
14, 1, 161, 56, 53, 57, 1, 1, 1
15, 1, 154, 60, 53, 54, 1, 1, 1
16, 1, 153, 59, 44, 55, 1, 1, 1
17, 1, 143, 59, 44, 55, 1, 1, 1
18, 1, 136, 57, 41, 53, 1, 1, 1
19, 1, 131, 57, 38, 46, 1, 1, 1
20, 1, 126, 56, 34, 47, 1, 1, 1
21, 1, 115, 58, 46, 51, 1, 1, 1
22, 1, 113, 57, 41, 49, 1, 1, 1
23, 1, 103, 57, 47, 49, 1, 1, 1
24, 1, 93, 55, 45, 48, 1, 1, 1
25, 1, 88, 52, 46, 46, 1, 1, 1
26, 1, 95, 51, 44, 46, 1, 1, 1
27, 1, 107, 48, 41, 46, 1, 1, 1
28, 1, 117, 46, 36, 45, 1, 1, 1
29, 1, 130, 46, 32, 42, 1, 1, 1
30, 1, 141, 44, 31, 40, 1, 1, 1
31, 1, 148, 44, 18, 36, 1, 1, 1
32, 1, 156, 44, 13, 31, 1, 1, 1
