1, 5, 1487, 606, 433, 295, 1, 1, 1
2, 5, 1464, 595, 453, 292, 1, 1, 1
3, 5, 1430, 567, 445, 301, 1, 1, 1
22, 5, 1057, 511, 557, 211, 1, 1, 1
23, 5, 1041, 511, 569, 207, 1, 1, 1
24, 5, 1021, 511, 586, 201, 1, 1, 1
25, 5, 1005, 515, 602, 200, 1, 1, 1
26, 5, 1003, 514, 591, 200, 1, 1, 1
27, 5, 1002, 512, 575, 196, 1, 1, 1
28, 5, 985, 506, 593, 200, 1, 1, 1
29, 5, 994, 501, 594, 199, 1, 1, 1
30, 5, 1009, 494, 575, 202, 1, 1, 1
31, 5, 1039, 486, 528, 208, 1, 1, 1
32, 5, 1076, 474, 491, 217, 1, 1, 1
33, 5, 1089, 474, 491, 219, 1, 1, 1
34, 5, 1096, 473, 463, 220, 1, 1, 1
35, 5, 1095, 472, 449, 224, 1, 1, 1
36, 5, 1103, 469, 429, 222, 1, 1, 1
37, 5, 1099, 468, 423, 223, 1, 1, 1
38, 5, 1079, 468, 430, 222, 1, 1, 1
39, 5, 1081, 451, 422, 241, 1, 1, 1
1, 4, 864, 362, 472, 148, 1, 1, 1
2, 4, 848, 361, 482, 145, 1, 1, 1
3, 4, 840, 362, 485, 145, 1, 1, 1
36, 4, 427, 342, 253, 163, 1, 1, 1
37, 4, 412, 340, 258, 162, 1, 1, 1
38, 4, 404, 335, 254, 164, 1, 1, 1
39, 4, 400, 329, 244, 166, 1, 1, 1
20, 3, 1006, 352, 349, 178, 1, 1, 1
21, 3, 980, 358, 387, 180, 1, 1, 1
22, 3, 962, 365, 421, 174, 1, 1, 1
23, 3, 927, 372, 463, 158, 1, 1, 1
24, 3, 934, 375, 467, 154, 1, 1, 1
25, 3, 905, 383, 502, 148, 1, 1, 1
26, 3, 878, 385, 530, 148, 1, 1, 1
27, 3, 854, 388, 548, 143, 1, 1, 1
28, 3, 859, 393, 538, 136, 1, 1, 1
29, 3, 852, 398, 540, 134, 1, 1, 1
30, 3, 831, 396, 556, 138, 1, 1, 1
31, 3, 825, 400, 558, 131, 1, 1, 1
32, 3, 815, 401, 561, 137, 1, 1, 1
33, 3, 809, 401, 559, 131, 1, 1, 1
22, 2, 512, 312, 467, 131, 1, 1, 1
23, 2, 520, 313, 473, 122, 1, 1, 1
24, 2, 526, 319, 463, 115, 1, 1, 1
25, 2, 532, 325, 475, 107, 1, 1, 1
26, 2, 534, 324, 478, 109, 1, 1, 1
27, 2, 540, 315, 467, 116, 1, 1, 1
28, 2, 543, 309, 472, 123, 1, 1, 1
