1, 2, 1248, 315, 259, 122, 1, 1, 1
2, 2, 1251, 312, 259, 122, 1, 1, 1
3, 2, 1247, 313, 261, 121, 1, 1, 1
4, 2, 1247, 314, 258, 122, 1, 1, 1
5, 2, 1352, 314, 149, 39, 1, 1, 1
6, 2, 1251, 317, 198, 68, 1, 1, 1
7, 2, 1247, 316, 259, 121, 1, 1, 1
8, 2, 1249, 315, 261, 122, 1, 1, 1
9, 2, 1250, 315, 261, 122, 1, 1, 1
10, 2, 1249, 317, 263, 119, 1, 1, 1
11, 2, 1256, 315, 239, 70, 1, 1, 1
12, 2, 1300, 323, 205, 113, 1, 1, 1
13, 2, 1243, 324, 262, 122, 1, 1, 1
14, 2, 1245, 324, 260, 122, 1, 1, 1
15, 2, 1245, 325, 260, 122, 1, 1, 1
16, 2, 1245, 325, 259, 123, 1, 1, 1
17, 2, 1246, 327, 259, 122, 1, 1, 1
18, 2, 1246, 327, 258, 115, 1, 1, 1
19, 2, 1284, 348, 143, 63, 1, 1, 1
20, 2, 1293, 329, 212, 80, 1, 1, 1
21, 2, 1252, 329, 252, 122, 1, 1, 1
22, 2, 1245, 329, 260, 123, 1, 1, 1
23, 2, 1308, 330, 196, 71, 1, 1, 1
24, 2, 1288, 330, 202, 42, 1, 1, 1
25, 2, 1245, 330, 259, 122, 1, 1, 1
26, 2, 1242, 329, 260, 122, 1, 1, 1
27, 2, 1240, 330, 261, 122, 1, 1, 1
28, 2, 1240, 330, 261, 122, 1, 1, 1
29, 2, 1239, 331, 260, 122, 1, 1, 1
30, 2, 1238, 331, 261, 122, 1, 1, 1
31, 2, 1236, 332, 262, 122, 1, 1, 1
32, 2, 1236, 332, 259, 122, 1, 1, 1
33, 2, 1235, 331, 260, 123, 1, 1, 1
34, 2, 1233, 331, 260, 123, 1, 1, 1
35, 2, 1233, 330, 261, 123, 1, 1, 1
36, 2, 1232, 331, 258, 123, 1, 1, 1
37, 2, 1230, 332, 259, 122, 1, 1, 1
38, 2, 1232, 332, 259, 123, 1, 1, 1
39, 2, 1232, 333, 259, 122, 1, 1, 1
40, 2, 1231, 333, 259, 123, 1, 1, 1
41, 2, 1229, 335, 260, 122, 1, 1, 1
42, 2, 1228, 335, 260, 122, 1, 1, 1
43, 2, 1227, 336, 259, 122, 1, 1, 1
44, 2, 1225, 338, 258, 123, 1, 1, 1
45, 2, 1225, 337, 260, 122, 1, 1, 1
46, 2, 1225, 338, 258, 122, 1, 1, 1
47, 2, 1223, 339, 258, 122, 1, 1, 1
48, 2, 1221, 339, 257, 122, 1, 1, 1
49, 2, 1220, 339, 258, 122, 1, 1, 1
50, 2, 1220, 338, 234, 123, 1, 1, 1
58, 2, 1329, 340, 145, 122, 1, 1, 1
59, 2, 1216, 339, 257, 121, 1, 1, 1
60, 2, 1215, 339, 258, 123, 1, 1, 1
1, 3, 86, 229, 242, 119, 1, 1, 1
2, 3, 0, 227, 318, 69, 1, 1, 1
3, 3, 80, 228, 244, 133, 1, 1, 1
4, 3, 79, 229, 246, 133, 1, 1, 1
5, 3, 79, 230, 246, 133, 1, 1, 1
6, 3, 78, 233, 247, 133, 1, 1, 1
7, 3, 80, 232, 246, 133, 1, 1, 1
8, 3, 82, 233, 246, 133, 1, 1, 1
9, 3, 81, 233, 248, 133, 1, 1, 1
10, 3, 81, 237, 247, 132, 1, 1, 1
11, 3, 74, 233, 251, 138, 1, 1, 1
12, 3, 80, 244, 248, 133, 1, 1, 1
13, 3, 76, 244, 246, 134, 1, 1, 1
14, 3, 77, 244, 247, 135, 1, 1, 1
15, 3, 77, 246, 243, 120, 1, 1, 1
16, 3, 79, 247, 242, 73, 1, 1, 1
17, 3, 79, 249, 247, 133, 1, 1, 1
18, 3, 78, 250, 248, 133, 1, 1, 1
19, 3, 77, 252, 246, 134, 1, 1, 1
20, 3, 77, 253, 248, 122, 1, 1, 1
21, 3, 78, 254, 241, 69, 1, 1, 1
22, 3, 77, 253, 248, 131, 1, 1, 1
23, 3, 77, 255, 230, 125, 1, 1, 1
24, 3, 84, 255, 240, 118, 1, 1, 1
25, 3, 75, 255, 248, 127, 1, 1, 1
26, 3, 74, 255, 247, 133, 1, 1, 1
27, 3, 73, 256, 246, 133, 1, 1, 1
28, 3, 72, 257, 247, 132, 1, 1, 1
29, 3, 71, 257, 247, 133, 1, 1, 1
30, 3, 70, 258, 247, 134, 1, 1, 1
31, 3, 69, 260, 247, 132, 1, 1, 1
32, 3, 68, 259, 247, 132, 1, 1, 1
33, 3, 66, 259, 247, 133, 1, 1, 1
34, 3, 64, 259, 247, 133, 1, 1, 1
35, 3, 64, 259, 247, 132, 1, 1, 1
36, 3, 63, 260, 247, 134, 1, 1, 1
37, 3, 61, 261, 247, 131, 1, 1, 1
38, 3, 62, 262, 247, 132, 1, 1, 1
39, 3, 62, 262, 247, 133, 1, 1, 1
40, 3, 61, 264, 248, 131, 1, 1, 1
41, 3, 59, 265, 248, 132, 1, 1, 1
42, 3, 58, 266, 248, 133, 1, 1, 1
43, 3, 58, 268, 247, 132, 1, 1, 1
44, 3, 56, 270, 247, 132, 1, 1, 1
45, 3, 56, 269, 247, 131, 1, 1, 1
46, 3, 55, 271, 248, 132, 1, 1, 1
47, 3, 52, 272, 249, 132, 1, 1, 1
48, 3, 50, 271, 248, 132, 1, 1, 1
49, 3, 49, 272, 249, 132, 1, 1, 1
50, 3, 48, 271, 249, 133, 1, 1, 1
51, 3, 53, 273, 231, 52, 1, 1, 1
52, 3, 48, 273, 234, 133, 1, 1, 1
53, 3, 47, 273, 250, 133, 1, 1, 1
54, 3, 47, 275, 249, 132, 1, 1, 1
55, 3, 46, 275, 102, 109, 1, 1, 1
1, 4, 0, 221, 118, 53, 1, 1, 1
2, 4, 0, 219, 118, 77, 1, 1, 1
3, 4, 0, 220, 115, 134, 1, 1, 1
4, 4, 0, 221, 112, 133, 1, 1, 1
5, 4, 0, 222, 116, 134, 1, 1, 1
6, 4, 0, 225, 111, 132, 1, 1, 1
7, 4, 0, 225, 111, 133, 1, 1, 1
8, 4, 0, 225, 116, 134, 1, 1, 1
9, 4, 0, 225, 118, 134, 1, 1, 1
10, 4, 0, 229, 115, 134, 1, 1, 1
11, 4, 0, 226, 116, 138, 1, 1, 1
12, 4, 0, 236, 113, 134, 1, 1, 1
13, 4, 0, 238, 109, 133, 1, 1, 1
14, 4, 0, 238, 110, 134, 1, 1, 1
15, 4, 0, 240, 110, 132, 1, 1, 1
16, 4, 0, 241, 112, 91, 1, 1, 1
17, 4, 0, 242, 117, 73, 1, 1, 1
18, 4, 0, 243, 111, 130, 1, 1, 1
19, 4, 0, 245, 111, 133, 1, 1, 1
20, 4, 0, 246, 111, 68, 1, 1, 1
21, 4, 0, 247, 115, 77, 1, 1, 1
22, 4, 0, 247, 114, 132, 1, 1, 1
23, 4, 0, 248, 111, 123, 1, 1, 1
24, 4, 0, 249, 108, 40, 1, 1, 1
25, 4, 0, 249, 110, 114, 1, 1, 1
26, 4, 0, 249, 106, 132, 1, 1, 1
27, 4, 0, 249, 107, 133, 1, 1, 1
28, 4, 0, 250, 107, 133, 1, 1, 1
29, 4, 0, 251, 106, 134, 1, 1, 1
30, 4, 0, 252, 115, 133, 1, 1, 1
31, 4, 0, 254, 103, 133, 1, 1, 1
32, 4, 0, 253, 101, 133, 1, 1, 1
33, 4, 0, 253, 97, 133, 1, 1, 1
34, 4, 0, 253, 100, 134, 1, 1, 1
35, 4, 0, 253, 101, 133, 1, 1, 1
36, 4, 0, 254, 98, 132, 1, 1, 1
37, 4, 0, 255, 98, 133, 1, 1, 1
38, 4, 0, 256, 99, 132, 1, 1, 1
39, 4, 0, 256, 97, 132, 1, 1, 1
40, 4, 0, 258, 97, 131, 1, 1, 1
41, 4, 0, 259, 95, 133, 1, 1, 1
42, 4, 0, 261, 94, 128, 1, 1, 1
43, 4, 0, 262, 89, 132, 1, 1, 1
44, 4, 0, 264, 92, 130, 1, 1, 1
45, 4, 0, 263, 88, 133, 1, 1, 1
46, 4, 0, 265, 87, 131, 1, 1, 1
47, 4, 0, 266, 89, 129, 1, 1, 1
48, 4, 0, 266, 87, 132, 1, 1, 1
49, 4, 0, 266, 83, 132, 1, 1, 1
50, 4, 0, 266, 82, 80, 1, 1, 1
51, 4, 0, 267, 84, 43, 1, 1, 1
52, 4, 0, 267, 85, 132, 1, 1, 1
53, 4, 0, 268, 82, 133, 1, 1, 1
54, 4, 0, 269, 83, 132, 1, 1, 1
55, 4, 0, 269, 80, 133, 1, 1, 1
1, 5, 724, 289, 72, 67, 1, 1, 1
2, 5, 723, 286, 76, 68, 1, 1, 1
4, 5, 721, 288, 26, 16, 1, 1, 1
5, 5, 721, 288, 72, 68, 1, 1, 1
6, 5, 721, 291, 73, 68, 1, 1, 1
7, 5, 721, 290, 74, 68, 1, 1, 1
8, 5, 723, 290, 74, 68, 1, 1, 1
9, 5, 724, 290, 73, 70, 1, 1, 1
10, 5, 724, 293, 72, 68, 1, 1, 1
11, 5, 721, 290, 76, 70, 1, 1, 1
12, 5, 721, 300, 73, 68, 1, 1, 1
13, 5, 718, 300, 74, 63, 1, 1, 1
14, 5, 719, 300, 46, 32, 1, 1, 1
15, 5, 719, 301, 75, 69, 1, 1, 1
16, 5, 721, 303, 73, 67, 1, 1, 1
17, 5, 721, 304, 73, 68, 1, 1, 1
18, 5, 720, 304, 74, 69, 1, 1, 1
19, 5, 719, 306, 73, 68, 1, 1, 1
20, 5, 720, 307, 73, 67, 1, 1, 1
21, 5, 721, 308, 74, 68, 1, 1, 1
23, 5, 719, 308, 73, 69, 1, 1, 1
24, 5, 718, 309, 75, 67, 1, 1, 1
25, 5, 718, 309, 74, 68, 1, 1, 1
26, 5, 717, 309, 73, 66, 1, 1, 1
27, 5, 715, 309, 74, 68, 1, 1, 1
28, 5, 713, 309, 74, 67, 1, 1, 1
29, 5, 713, 310, 73, 68, 1, 1, 1
30, 5, 713, 311, 73, 68, 1, 1, 1
31, 5, 712, 312, 73, 67, 1, 1, 1
32, 5, 711, 312, 73, 67, 1, 1, 1
33, 5, 709, 312, 74, 67, 1, 1, 1
34, 5, 708, 312, 73, 67, 1, 1, 1
35, 5, 708, 311, 73, 68, 1, 1, 1
36, 5, 706, 312, 74, 68, 1, 1, 1
37, 5, 705, 313, 73, 67, 1, 1, 1
38, 5, 706, 314, 74, 67, 1, 1, 1
39, 5, 706, 314, 73, 68, 1, 1, 1
40, 5, 706, 316, 73, 67, 1, 1, 1
41, 5, 704, 316, 73, 67, 1, 1, 1
42, 5, 703, 317, 73, 68, 1, 1, 1
43, 5, 702, 318, 73, 68, 1, 1, 1
44, 5, 701, 320, 74, 68, 1, 1, 1
45, 5, 700, 320, 73, 67, 1, 1, 1
46, 5, 700, 321, 74, 68, 1, 1, 1
47, 5, 698, 322, 73, 66, 1, 1, 1
48, 5, 696, 322, 74, 67, 1, 1, 1
49, 5, 695, 322, 73, 66, 1, 1, 1
50, 5, 695, 321, 74, 68, 1, 1, 1
51, 5, 694, 322, 75, 68, 1, 1, 1
52, 5, 695, 323, 74, 60, 1, 1, 1
1, 6, 676, 287, 69, 81, 1, 1, 1
2, 6, 683, 283, 64, 83, 1, 1, 1
4, 6, 685, 286, 57, 34, 1, 1, 1
5, 6, 677, 288, 65, 80, 1, 1, 1
6, 6, 672, 289, 70, 82, 1, 1, 1
7, 6, 675, 289, 68, 81, 1, 1, 1
8, 6, 676, 290, 69, 80, 1, 1, 1
9, 6, 678, 289, 67, 81, 1, 1, 1
10, 6, 677, 291, 67, 81, 1, 1, 1
11, 6, 675, 288, 69, 86, 1, 1, 1
12, 6, 673, 300, 68, 80, 1, 1, 1
13, 6, 672, 309, 68, 70, 1, 1, 1
14, 6, 684, 309, 57, 20, 1, 1, 1
15, 6, 672, 309, 70, 72, 1, 1, 1
16, 6, 674, 311, 69, 72, 1, 1, 1
17, 6, 675, 313, 66, 72, 1, 1, 1
18, 6, 674, 313, 68, 72, 1, 1, 1
19, 6, 672, 314, 68, 72, 1, 1, 1
20, 6, 674, 316, 67, 71, 1, 1, 1
21, 6, 678, 316, 56, 43, 1, 1, 1
23, 6, 672, 317, 68, 59, 1, 1, 1
24, 6, 673, 318, 67, 72, 1, 1, 1
25, 6, 672, 318, 66, 70, 1, 1, 1
26, 6, 671, 317, 66, 71, 1, 1, 1
27, 6, 671, 317, 65, 72, 1, 1, 1
28, 6, 666, 318, 69, 71, 1, 1, 1
29, 6, 667, 320, 67, 70, 1, 1, 1
30, 6, 664, 319, 70, 72, 1, 1, 1
31, 6, 666, 321, 66, 72, 1, 1, 1
32, 6, 664, 320, 68, 72, 1, 1, 1
33, 6, 662, 320, 67, 72, 1, 1, 1
34, 6, 660, 321, 68, 71, 1, 1, 1
35, 6, 658, 320, 71, 72, 1, 1, 1
36, 6, 660, 322, 67, 71, 1, 1, 1
37, 6, 658, 322, 67, 72, 1, 1, 1
38, 6, 659, 323, 68, 70, 1, 1, 1
39, 6, 659, 322, 67, 72, 1, 1, 1
40, 6, 659, 324, 67, 71, 1, 1, 1
41, 6, 654, 326, 71, 70, 1, 1, 1
42, 6, 655, 326, 68, 70, 1, 1, 1
43, 6, 656, 327, 67, 72, 1, 1, 1
44, 6, 654, 328, 67, 71, 1, 1, 1
45, 6, 654, 328, 67, 72, 1, 1, 1
46, 6, 653, 330, 68, 72, 1, 1, 1
47, 6, 651, 330, 68, 72, 1, 1, 1
48, 6, 649, 330, 68, 71, 1, 1, 1
49, 6, 647, 331, 69, 72, 1, 1, 1
50, 6, 647, 330, 69, 71, 1, 1, 1
51, 6, 648, 331, 68, 71, 1, 1, 1
52, 6, 658, 331, 58, 16, 1, 1, 1
3, 7, 79, 303, 136, 92, 1, 1, 1
4, 7, 79, 306, 134, 91, 1, 1, 1
5, 7, 78, 306, 134, 91, 1, 1, 1
6, 7, 78, 308, 135, 92, 1, 1, 1
7, 7, 79, 309, 135, 91, 1, 1, 1
8, 7, 82, 309, 135, 91, 1, 1, 1
9, 7, 81, 309, 135, 91, 1, 1, 1
10, 7, 80, 312, 136, 92, 1, 1, 1
11, 7, 75, 313, 135, 94, 1, 1, 1
12, 7, 80, 320, 135, 91, 1, 1, 1
13, 7, 75, 321, 136, 90, 1, 1, 1
14, 7, 77, 321, 135, 92, 1, 1, 1
15, 7, 78, 322, 121, 80, 1, 1, 1
17, 7, 148, 332, 66, 84, 1, 1, 1
18, 7, 78, 326, 136, 92, 1, 1, 1
19, 7, 77, 328, 135, 91, 1, 1, 1
22, 7, 79, 330, 127, 86, 1, 1, 1
25, 7, 84, 331, 85, 32, 1, 1, 1
26, 7, 74, 331, 135, 91, 1, 1, 1
27, 7, 73, 331, 135, 91, 1, 1, 1
28, 7, 72, 333, 134, 90, 1, 1, 1
29, 7, 71, 333, 134, 91, 1, 1, 1
30, 7, 71, 334, 134, 91, 1, 1, 1
31, 7, 69, 336, 134, 90, 1, 1, 1
32, 7, 68, 335, 134, 91, 1, 1, 1
33, 7, 65, 335, 136, 91, 1, 1, 1
34, 7, 64, 335, 135, 91, 1, 1, 1
35, 7, 64, 335, 135, 90, 1, 1, 1
36, 7, 62, 336, 135, 91, 1, 1, 1
37, 7, 61, 338, 135, 90, 1, 1, 1
38, 7, 62, 338, 134, 91, 1, 1, 1
39, 7, 61, 339, 136, 90, 1, 1, 1
40, 7, 61, 341, 135, 90, 1, 1, 1
41, 7, 59, 341, 135, 91, 1, 1, 1
42, 7, 58, 342, 135, 91, 1, 1, 1
43, 7, 56, 344, 136, 90, 1, 1, 1
44, 7, 56, 345, 135, 91, 1, 1, 1
45, 7, 55, 345, 135, 90, 1, 1, 1
46, 7, 55, 347, 135, 90, 1, 1, 1
47, 7, 53, 348, 134, 90, 1, 1, 1
48, 7, 50, 347, 135, 91, 1, 1, 1
49, 7, 48, 348, 136, 90, 1, 1, 1
50, 7, 66, 347, 118, 80, 1, 1, 1
52, 7, 48, 349, 136, 72, 1, 1, 1
53, 7, 47, 350, 137, 91, 1, 1, 1
54, 7, 46, 351, 136, 91, 1, 1, 1
55, 7, 45, 351, 81, 87, 1, 1, 1
