1, 1, 214, 0, 1132, 795, 1, 1, 1
2, 1, 169, 0, 1149, 794, 1, 1, 1
3, 1, 199, 0, 1074, 792, 1, 1, 1
4, 1, 191, 0, 1005, 792, 1, 1, 1
5, 1, 146, 0, 1113, 792, 1, 1, 1
6, 1, 75, 0, 1100, 804, 1, 1, 1
7, 1, 47, 0, 1038, 809, 1, 1, 1
8, 1, 12, 0, 978, 810, 1, 1, 1
9, 1, 0, 0, 970, 810, 1, 1, 1
10, 1, 0, 0, 958, 810, 1, 1, 1
11, 1, 0, 0, 969, 814, 1, 1, 1
12, 1, 0, 0, 979, 835, 1, 1, 1
13, 1, 0, 0, 914, 838, 1, 1, 1
14, 1, 0, 0, 813, 838, 1, 1, 1
15, 1, 0, 0, 814, 839, 1, 1, 1
16, 1, 0, 0, 815, 840, 1, 1, 1
17, 1, 0, 0, 808, 841, 1, 1, 1
18, 1, 0, 2, 716, 838, 1, 1, 1
19, 1, 0, 2, 584, 837, 1, 1, 1
20, 1, 0, 0, 565, 850, 1, 1, 1
21, 1, 0, 13, 599, 826, 1, 1, 1
22, 1, 0, 14, 605, 828, 1, 1, 1
23, 1, 0, 5, 510, 838, 1, 1, 1
24, 1, 0, 3, 427, 839, 1, 1, 1
25, 1, 0, 8, 476, 835, 1, 1, 1
26, 1, 0, 15, 523, 824, 1, 1, 1
27, 1, 0, 12, 461, 822, 1, 1, 1
28, 1, 0, 7, 391, 826, 1, 1, 1
29, 1, 0, 2, 385, 828, 1, 1, 1
30, 1, 0, 2, 415, 840, 1, 1, 1
31, 1, 0, 4, 484, 836, 1, 1, 1
32, 1, 0, 0, 562, 838, 1, 1, 1
33, 1, 0, 0, 565, 837, 1, 1, 1
34, 1, 0, 0, 563, 839, 1, 1, 1
35, 1, 0, 0, 607, 855, 1, 1, 1
36, 1, 0, 0, 673, 870, 1, 1, 1
37, 1, 0, 0, 775, 867, 1, 1, 1
38, 1, 0, 0, 814, 863, 1, 1, 1
39, 1, 0, 0, 718, 864, 1, 1, 1
40, 1, 0, 0, 714, 861, 1, 1, 1
41, 1, 0, 0, 752, 859, 1, 1, 1
42, 1, 0, 0, 758, 856, 1, 1, 1
43, 1, 0, 0, 786, 856, 1, 1, 1
44, 1, 0, 0, 817, 855, 1, 1, 1
45, 1, 0, 0, 847, 860, 1, 1, 1
46, 1, 0, 0, 873, 868, 1, 1, 1
47, 1, 0, 0, 900, 877, 1, 1, 1
48, 1, 0, 0, 914, 889, 1, 1, 1
49, 1, 0, 9, 911, 890, 1, 1, 1
50, 1, 0, 16, 904, 894, 1, 1, 1
51, 1, 0, 25, 894, 889, 1, 1, 1
52, 1, 0, 34, 922, 880, 1, 1, 1
53, 1, 0, 42, 874, 879, 1, 1, 1
54, 1, 0, 45, 876, 895, 1, 1, 1
55, 1, 0, 40, 821, 905, 1, 1, 1
56, 1, 0, 36, 798, 912, 1, 1, 1
57, 1, 0, 44, 760, 906, 1, 1, 1
58, 1, 0, 50, 889, 903, 1, 1, 1
59, 1, 0, 55, 896, 901, 1, 1, 1
60, 1, 0, 59, 872, 899, 1, 1, 1
61, 1, 0, 67, 780, 893, 1, 1, 1
62, 1, 0, 66, 800, 895, 1, 1, 1
63, 1, 0, 78, 822, 881, 1, 1, 1
64, 1, 0, 75, 949, 885, 1, 1, 1
65, 1, 0, 82, 979, 876, 1, 1, 1
1, 2, 971, 399, 477, 422, 1, 1, 1
2, 2, 974, 423, 390, 390, 1, 1, 1
3, 2, 906, 407, 452, 411, 1, 1, 1
4, 2, 825, 423, 519, 398, 1, 1, 1
5, 2, 738, 415, 513, 405, 1, 1, 1
6, 2, 724, 388, 553, 433, 1, 1, 1
7, 2, 688, 413, 504, 408, 1, 1, 1
8, 2, 632, 414, 420, 405, 1, 1, 1
9, 2, 536, 420, 513, 410, 1, 1, 1
10, 2, 541, 415, 454, 420, 1, 1, 1
11, 2, 483, 411, 510, 423, 1, 1, 1
12, 2, 433, 415, 479, 420, 1, 1, 1
13, 2, 436, 397, 405, 442, 1, 1, 1
14, 2, 429, 416, 330, 423, 1, 1, 1
15, 2, 340, 423, 416, 423, 1, 1, 1
16, 2, 240, 411, 545, 441, 1, 1, 1
17, 2, 151, 398, 496, 457, 1, 1, 1
18, 2, 184, 425, 472, 431, 1, 1, 1
19, 2, 139, 424, 443, 431, 1, 1, 1
20, 2, 134, 428, 389, 427, 1, 1, 1
21, 2, 116, 435, 506, 421, 1, 1, 1
22, 2, 113, 432, 522, 438, 1, 1, 1
23, 2, 4, 445, 572, 425, 1, 1, 1
24, 2, 0, 452, 551, 421, 1, 1, 1
25, 2, 0, 419, 582, 451, 1, 1, 1
26, 2, 1, 429, 593, 434, 1, 1, 1
27, 2, 20, 418, 553, 448, 1, 1, 1
28, 2, 65, 390, 561, 474, 1, 1, 1
29, 2, 137, 374, 531, 488, 1, 1, 1
30, 2, 147, 415, 469, 442, 1, 1, 1
31, 2, 140, 410, 532, 438, 1, 1, 1
32, 2, 96, 406, 635, 438, 1, 1, 1
33, 2, 0, 432, 659, 425, 1, 1, 1
34, 2, 76, 411, 579, 445, 1, 1, 1
35, 2, 55, 432, 528, 431, 1, 1, 1
36, 2, 26, 440, 568, 421, 1, 1, 1
37, 2, 0, 430, 586, 426, 1, 1, 1
38, 2, 0, 430, 601, 434, 1, 1, 1
39, 2, 101, 421, 533, 443, 1, 1, 1
40, 2, 195, 407, 480, 452, 1, 1, 1
41, 2, 244, 414, 444, 438, 1, 1, 1
42, 2, 303, 416, 366, 436, 1, 1, 1
43, 2, 351, 409, 346, 443, 1, 1, 1
44, 2, 391, 408, 331, 444, 1, 1, 1
45, 2, 417, 411, 350, 445, 1, 1, 1
46, 2, 406, 407, 446, 456, 1, 1, 1
47, 2, 399, 437, 492, 437, 1, 1, 1
48, 2, 426, 426, 529, 457, 1, 1, 1
49, 2, 486, 432, 488, 463, 1, 1, 1
50, 2, 489, 479, 492, 427, 1, 1, 1
51, 2, 436, 472, 546, 444, 1, 1, 1
52, 2, 467, 456, 420, 468, 1, 1, 1
53, 2, 467, 468, 403, 461, 1, 1, 1
54, 2, 475, 503, 397, 429, 1, 1, 1
55, 2, 484, 498, 390, 438, 1, 1, 1
56, 2, 486, 513, 389, 429, 1, 1, 1
57, 2, 469, 545, 424, 400, 1, 1, 1
58, 2, 446, 562, 432, 386, 1, 1, 1
59, 2, 385, 529, 503, 418, 1, 1, 1
60, 2, 277, 529, 622, 431, 1, 1, 1
61, 2, 319, 546, 549, 419, 1, 1, 1
62, 2, 377, 540, 412, 426, 1, 1, 1
63, 2, 318, 538, 497, 427, 1, 1, 1
64, 2, 308, 535, 534, 431, 1, 1, 1
65, 2, 386, 500, 486, 464, 1, 1, 1
1, 3, 1082, 172, 654, 730, 1, 1, 1
2, 3, 1127, 171, 610, 732, 1, 1, 1
3, 3, 1139, 171, 620, 734, 1, 1, 1
4, 3, 1142, 172, 597, 740, 1, 1, 1
5, 3, 1142, 171, 600, 734, 1, 1, 1
6, 3, 1110, 164, 626, 745, 1, 1, 1
7, 3, 1101, 164, 634, 746, 1, 1, 1
8, 3, 1112, 167, 624, 749, 1, 1, 1
9, 3, 1177, 174, 560, 741, 1, 1, 1
10, 3, 1207, 177, 531, 738, 1, 1, 1
11, 3, 1167, 180, 562, 757, 1, 1, 1
12, 3, 1054, 171, 672, 797, 1, 1, 1
13, 3, 1018, 177, 652, 775, 1, 1, 1
14, 3, 1042, 167, 567, 787, 1, 1, 1
15, 3, 1026, 166, 542, 787, 1, 1, 1
16, 3, 867, 163, 703, 794, 1, 1, 1
17, 3, 871, 168, 706, 810, 1, 1, 1
18, 3, 1025, 174, 560, 826, 1, 1, 1
19, 3, 907, 174, 729, 818, 1, 1, 1
20, 3, 854, 166, 823, 818, 1, 1, 1
21, 3, 882, 162, 736, 823, 1, 1, 1
22, 3, 931, 157, 708, 867, 1, 1, 1
23, 3, 919, 160, 760, 852, 1, 1, 1
24, 3, 927, 164, 818, 849, 1, 1, 1
25, 3, 1035, 163, 746, 845, 1, 1, 1
26, 3, 1079, 157, 714, 847, 1, 1, 1
27, 3, 1080, 154, 776, 846, 1, 1, 1
28, 3, 1065, 148, 855, 832, 1, 1, 1
29, 3, 1016, 147, 904, 816, 1, 1, 1
30, 3, 962, 146, 958, 814, 1, 1, 1
31, 3, 972, 144, 948, 815, 1, 1, 1
32, 3, 1016, 151, 904, 807, 1, 1, 1
33, 3, 1007, 150, 913, 806, 1, 1, 1
34, 3, 1010, 143, 910, 809, 1, 1, 1
35, 3, 1006, 136, 914, 796, 1, 1, 1
36, 3, 985, 134, 935, 790, 1, 1, 1
37, 3, 953, 137, 967, 784, 1, 1, 1
38, 3, 943, 135, 977, 784, 1, 1, 1
39, 3, 942, 126, 978, 790, 1, 1, 1
40, 3, 926, 117, 910, 797, 1, 1, 1
41, 3, 915, 117, 936, 795, 1, 1, 1
42, 3, 899, 119, 991, 790, 1, 1, 1
43, 3, 882, 117, 1038, 789, 1, 1, 1
44, 3, 882, 118, 1038, 787, 1, 1, 1
45, 3, 874, 124, 1046, 784, 1, 1, 1
46, 3, 858, 130, 1004, 770, 1, 1, 1
47, 3, 838, 141, 962, 771, 1, 1, 1
48, 3, 815, 158, 994, 774, 1, 1, 1
49, 3, 780, 174, 1040, 770, 1, 1, 1
50, 3, 748, 187, 1076, 769, 1, 1, 1
51, 3, 722, 185, 1100, 781, 1, 1, 1
52, 3, 698, 190, 1099, 783, 1, 1, 1
53, 3, 676, 195, 965, 784, 1, 1, 1
54, 3, 640, 194, 936, 790, 1, 1, 1
55, 3, 598, 201, 965, 788, 1, 1, 1
56, 3, 564, 205, 1005, 788, 1, 1, 1
57, 3, 528, 212, 1044, 785, 1, 1, 1
58, 3, 513, 221, 1061, 779, 1, 1, 1
59, 3, 509, 231, 1059, 770, 1, 1, 1
60, 3, 515, 236, 952, 764, 1, 1, 1
61, 3, 521, 243, 920, 754, 1, 1, 1
62, 3, 535, 246, 921, 754, 1, 1, 1
63, 3, 548, 249, 921, 752, 1, 1, 1
64, 3, 569, 250, 933, 751, 1, 1, 1
65, 3, 597, 242, 943, 760, 1, 1, 1
