14, 1, 109, 251, 1120, 725, 1, 1, 1
15, 1, 66, 377, 1339, 624, 1, 1, 1
16, 1, 90, 511, 1612, 569, 1, 1, 1
17, 1, 102, 551, 1734, 529, 1, 1, 1
18, 1, 177, 406, 1517, 674, 1, 1, 1
19, 1, 80, 500, 1607, 569, 1, 1, 1
20, 1, 35, 407, 1658, 673, 1, 1, 1
21, 1, 42, 465, 1718, 615, 1, 1, 1
22, 1, 372, 370, 1496, 710, 1, 1, 1
23, 1, 181, 226, 1189, 854, 1, 1, 1
24, 1, 273, 222, 1188, 858, 1, 1, 1
25, 1, 317, 220, 1541, 860, 1, 1, 1
26, 1, 419, 268, 1356, 812, 1, 1, 1
27, 1, 492, 281, 1122, 799, 1, 1, 1
28, 1, 274, 263, 1400, 817, 1, 1, 1
29, 1, 112, 240, 1319, 840, 1, 1, 1
30, 1, 18, 411, 999, 669, 1, 1, 1
31, 1, 5, 441, 963, 639, 1, 1, 1
32, 1, 141, 496, 871, 584, 1, 1, 1
33, 1, 194, 568, 911, 512, 1, 1, 1
34, 1, 242, 348, 948, 732, 1, 1, 1
35, 1, 286, 375, 1512, 705, 1, 1, 1
36, 1, 467, 181, 1244, 899, 1, 1, 1
37, 1, 433, 92, 1099, 988, 1, 1, 1
38, 1, 424, 19, 1151, 1061, 1, 1, 1
39, 1, 286, 90, 1197, 990, 1, 1, 1
40, 1, 0, 284, 675, 773, 1, 1, 1
41, 1, 0, 247, 627, 833, 1, 1, 1
42, 1, 25, 336, 669, 744, 1, 1, 1
14, 2, 253, 213, 1077, 358, 1, 1, 1
15, 2, 211, 277, 1355, 358, 1, 1, 1
16, 2, 213, 380, 1283, 664, 1, 1, 1
17, 2, 301, 368, 1322, 686, 1, 1, 1
18, 2, 398, 310, 1145, 445, 1, 1, 1
19, 2, 40, 154, 1320, 543, 1, 1, 1
20, 2, 0, 198, 1488, 511, 1, 1, 1
21, 2, 1, 253, 1231, 450, 1, 1, 1
22, 2, 17, 290, 1295, 582, 1, 1, 1
23, 2, 109, 174, 1386, 533, 1, 1, 1
24, 2, 97, 167, 1451, 521, 1, 1, 1
25, 2, 150, 310, 1256, 534, 1, 1, 1
26, 2, 154, 343, 1156, 589, 1, 1, 1
27, 2, 183, 289, 1142, 611, 1, 1, 1
28, 2, 294, 272, 1042, 440, 1, 1, 1
29, 2, 130, 150, 1482, 642, 1, 1, 1
30, 2, 239, 15, 1222, 810, 1, 1, 1
31, 2, 184, 164, 1487, 731, 1, 1, 1
32, 2, 269, 46, 1424, 969, 1, 1, 1
33, 2, 295, 251, 1075, 828, 1, 1, 1
34, 2, 198, 283, 1444, 730, 1, 1, 1
35, 2, 269, 290, 1109, 572, 1, 1, 1
36, 2, 264, 205, 1340, 594, 1, 1, 1
37, 2, 406, 76, 1314, 778, 1, 1, 1
38, 2, 500, 0, 1068, 758, 1, 1, 1
39, 2, 400, 0, 907, 826, 1, 1, 1
40, 2, 431, 0, 852, 793, 1, 1, 1
41, 2, 367, 0, 994, 845, 1, 1, 1
42, 2, 284, 61, 1485, 823, 1, 1, 1
