4, 1, 585, 210, 846, 430, 1, 1, 1
5, 1, 659, 208, 824, 420, 1, 1, 1
6, 1, 728, 208, 805, 406, 1, 1, 1
7, 1, 793, 207, 789, 398, 1, 1, 1
8, 1, 852, 206, 782, 392, 1, 1, 1
9, 1, 914, 207, 772, 382, 1, 1, 1
10, 1, 970, 206, 766, 375, 1, 1, 1
11, 1, 1026, 206, 760, 369, 1, 1, 1
12, 1, 1082, 206, 757, 363, 1, 1, 1
13, 1, 1139, 206, 758, 357, 1, 1, 1
14, 1, 1201, 206, 719, 350, 1, 1, 1
15, 1, 1265, 206, 655, 344, 1, 1, 1
16, 1, 1332, 204, 588, 340, 1, 1, 1
17, 1, 1402, 205, 518, 336, 1, 1, 1
18, 1, 1476, 204, 444, 334, 1, 1, 1
19, 1, 1560, 203, 360, 331, 1, 1, 1
20, 1, 1650, 202, 270, 330, 1, 1, 1
21, 1, 1749, 207, 171, 284, 1, 1, 1
