46, 2, 783, 484, 326, 302, 1, 1, 1
47, 2, 808, 422, 275, 287, 1, 1, 1
48, 2, 814, 411, 239, 280, 1, 1, 1
49, 2, 840, 359, 258, 355, 1, 1, 1
50, 2, 885, 369, 220, 388, 1, 1, 1
51, 2, 900, 401, 195, 370, 1, 1, 1
52, 2, 862, 432, 201, 365, 1, 1, 1
53, 2, 801, 430, 227, 369, 1, 1, 1
54, 2, 777, 455, 247, 351, 1, 1, 1
55, 2, 792, 514, 304, 311, 1, 1, 1
56, 2, 827, 574, 278, 293, 1, 1, 1
51, 1, 310, 245, 233, 230, 1, 1, 1
52, 1, 274, 217, 214, 250, 1, 1, 1
53, 1, 215, 181, 236, 291, 1, 1, 1
54, 1, 209, 156, 232, 339, 1, 1, 1
55, 1, 204, 153, 208, 345, 1, 1, 1
56, 1, 192, 181, 206, 338, 1, 1, 1
57, 1, 157, 177, 216, 349, 1, 1, 1
58, 1, 136, 148, 212, 344, 1, 1, 1
59, 1, 136, 120, 202, 340, 1, 1, 1
60, 1, 126, 108, 208, 328, 1, 1, 1
61, 1, 140, 125, 225, 308, 1, 1, 1
