83, 12, 896, 111, 64, 100, 1, 1, 1
84, 12, 879, 95, 81, 102, 1, 1, 1
85, 12, 881, 104, 79, 109, 1, 1, 1
86, 12, 869, 83, 91, 125, 1, 1, 1
87, 12, 831, 63, 129, 154, 1, 1, 1
88, 12, 815, 49, 145, 238, 1, 1, 1
89, 12, 774, 65, 181, 241, 1, 1, 1
90, 12, 746, 71, 193, 235, 1, 1, 1
91, 12, 752, 61, 169, 236, 1, 1, 1
92, 12, 734, 56, 159, 238, 1, 1, 1
93, 12, 703, 60, 168, 253, 1, 1, 1
94, 12, 664, 69, 180, 253, 1, 1, 1
95, 12, 598, 66, 215, 252, 1, 1, 1
96, 12, 580, 53, 198, 242, 1, 1, 1
97, 12, 586, 45, 159, 253, 1, 1, 1
98, 12, 559, 43, 147, 258, 1, 1, 1
99, 12, 510, 45, 158, 251, 1, 1, 1
100, 12, 485, 43, 164, 253, 1, 1, 1
101, 12, 427, 47, 198, 237, 1, 1, 1
102, 12, 435, 39, 167, 243, 1, 1, 1
103, 12, 408, 16, 170, 251, 1, 1, 1
104, 12, 359, 10, 206, 252, 1, 1, 1
105, 12, 327, 6, 189, 252, 1, 1, 1
106, 12, 322, 0, 181, 245, 1, 1, 1
107, 12, 250, 0, 215, 247, 1, 1, 1
108, 12, 234, 0, 214, 252, 1, 1, 1
109, 12, 211, 9, 204, 278, 1, 1, 1
110, 12, 205, 16, 199, 273, 1, 1, 1
111, 12, 180, 20, 196, 263, 1, 1, 1
112, 12, 173, 20, 193, 276, 1, 1, 1
113, 12, 115, 23, 203, 293, 1, 1, 1
114, 12, 88, 24, 217, 289, 1, 1, 1
115, 12, 62, 27, 200, 275, 1, 1, 1
116, 12, 36, 22, 219, 272, 1, 1, 1
117, 12, 0, 21, 220, 280, 1, 1, 1
118, 12, 0, 26, 204, 279, 1, 1, 1
119, 12, 0, 44, 151, 286, 1, 1, 1
120, 12, 0, 44, 142, 279, 1, 1, 1
121, 12, 0, 38, 115, 287, 1, 1, 1
122, 12, 0, 37, 100, 297, 1, 1, 1
123, 12, 0, 40, 41, 59, 1, 1, 1
124, 12, 0, 45, 26, 55, 1, 1, 1
