1, 2, 966, 273, 295, 321, 1, 1, 1
2, 2, 954, 246, 227, 354, 1, 1, 1
3, 2, 936, 250, 256, 386, 1, 1, 1
4, 2, 905, 247, 254, 391, 1, 1, 1
5, 2, 845, 110, 459, 505, 1, 1, 1
6, 2, 803, 75, 637, 580, 1, 1, 1
7, 2, 780, 62, 701, 660, 1, 1, 1
8, 2, 787, 162, 612, 575, 1, 1, 1
9, 2, 787, 133, 592, 608, 1, 1, 1
10, 2, 758, 118, 395, 582, 1, 1, 1
11, 2, 752, 97, 440, 599, 1, 1, 1
12, 2, 673, 49, 556, 664, 1, 1, 1
13, 2, 784, 31, 380, 732, 1, 1, 1
14, 2, 771, 134, 452, 614, 1, 1, 1
15, 2, 823, 165, 394, 587, 1, 1, 1
16, 2, 788, 155, 434, 599, 1, 1, 1
17, 2, 771, 144, 480, 600, 1, 1, 1
18, 2, 746, 143, 620, 611, 1, 1, 1
19, 2, 720, 274, 849, 533, 1, 1, 1
20, 2, 761, 288, 815, 520, 1, 1, 1
21, 2, 840, 231, 813, 571, 1, 1, 1
22, 2, 929, 188, 755, 608, 1, 1, 1
23, 2, 984, 138, 711, 651, 1, 1, 1
24, 2, 953, 73, 809, 722, 1, 1, 1
25, 2, 670, 25, 1050, 802, 1, 1, 1
26, 2, 758, 0, 707, 927, 1, 1, 1
27, 2, 762, 0, 726, 903, 1, 1, 1
28, 2, 719, 0, 923, 948, 1, 1, 1
29, 2, 807, 13, 985, 988, 1, 1, 1
30, 2, 858, 67, 1062, 933, 1, 1, 1
31, 2, 930, 97, 955, 900, 1, 1, 1
32, 2, 629, 124, 1159, 845, 1, 1, 1
33, 2, 759, 18, 1161, 1062, 1, 1, 1
34, 2, 651, 43, 1269, 1005, 1, 1, 1
35, 2, 1006, 60, 914, 1020, 1, 1, 1
36, 2, 940, 21, 980, 1059, 1, 1, 1
