43, 2, 472, 535, 243, 209, 1, 1, 1
44, 2, 476, 538, 239, 205, 1, 1, 1
45, 2, 482, 537, 227, 235, 1, 1, 1
46, 2, 486, 543, 200, 236, 1, 1, 1
47, 2, 489, 550, 179, 229, 1, 1, 1
48, 2, 508, 555, 139, 223, 1, 1, 1
49, 2, 519, 564, 109, 218, 1, 1, 1
50, 2, 523, 568, 90, 265, 1, 1, 1
51, 2, 532, 581, 80, 252, 1, 1, 1
52, 2, 539, 587, 81, 246, 1, 1, 1
53, 2, 543, 602, 81, 230, 1, 1, 1
54, 2, 540, 616, 100, 253, 1, 1, 1
55, 2, 540, 624, 105, 259, 1, 1, 1
56, 2, 539, 630, 107, 253, 1, 1, 1
57, 2, 543, 640, 102, 242, 1, 1, 1
58, 2, 543, 652, 103, 252, 1, 1, 1
59, 2, 552, 661, 93, 277, 1, 1, 1
60, 2, 567, 667, 81, 272, 1, 1, 1
61, 2, 558, 673, 96, 268, 1, 1, 1
62, 2, 548, 680, 113, 267, 1, 1, 1
63, 2, 534, 673, 131, 282, 1, 1, 1
1, 1, 312, 287, 107, 125, 1, 1, 1
2, 1, 336, 293, 82, 128, 1, 1, 1
3, 1, 335, 299, 78, 123, 1, 1, 1
4, 1, 349, 274, 69, 148, 1, 1, 1
5, 1, 374, 261, 43, 178, 1, 1, 1
6, 1, 378, 273, 39, 169, 1, 1, 1
7, 1, 381, 288, 35, 156, 1, 1, 1
8, 1, 380, 331, 36, 118, 1, 1, 1
9, 1, 374, 335, 46, 134, 1, 1, 1
10, 1, 369, 337, 55, 134, 1, 1, 1
11, 1, 365, 350, 57, 122, 1, 1, 1
12, 1, 369, 358, 52, 115, 1, 1, 1
13, 1, 375, 358, 50, 141, 1, 1, 1
14, 1, 369, 359, 54, 141, 1, 1, 1
15, 1, 356, 366, 67, 136, 1, 1, 1
16, 1, 349, 374, 75, 140, 1, 1, 1
17, 1, 353, 380, 75, 152, 1, 1, 1
18, 1, 368, 383, 62, 149, 1, 1, 1
19, 1, 389, 386, 42, 148, 1, 1, 1
20, 1, 391, 400, 39, 134, 1, 1, 1
21, 1, 391, 401, 42, 165, 1, 1, 1
22, 1, 393, 402, 39, 165, 1, 1, 1
23, 1, 384, 420, 49, 148, 1, 1, 1
24, 1, 369, 432, 66, 158, 1, 1, 1
25, 1, 374, 434, 62, 171, 1, 1, 1
26, 1, 383, 444, 54, 161, 1, 1, 1
27, 1, 392, 452, 45, 154, 1, 1, 1
28, 1, 390, 467, 46, 156, 1, 1, 1
29, 1, 389, 468, 49, 182, 1, 1, 1
30, 1, 384, 472, 51, 179, 1, 1, 1
