28, 6, 355, 194, 91, 157, 1, 1, 1
29, 6, 386, 190, 63, 160, 1, 1, 1
30, 6, 407, 190, 66, 159, 1, 1, 1
31, 6, 424, 189, 88, 160, 1, 1, 1
32, 6, 447, 190, 70, 155, 1, 1, 1
33, 6, 468, 186, 55, 160, 1, 1, 1
34, 6, 486, 194, 87, 149, 1, 1, 1
35, 6, 498, 189, 78, 153, 1, 1, 1
36, 6, 535, 185, 47, 157, 1, 1, 1
37, 6, 541, 186, 73, 156, 1, 1, 1
38, 6, 552, 187, 80, 155, 1, 1, 1
39, 6, 579, 186, 53, 152, 1, 1, 1
40, 6, 594, 184, 66, 153, 1, 1, 1
41, 6, 609, 187, 81, 149, 1, 1, 1
42, 6, 624, 185, 68, 151, 1, 1, 1
43, 6, 644, 182, 54, 152, 1, 1, 1
44, 6, 658, 185, 65, 149, 1, 1, 1
45, 6, 667, 187, 57, 147, 1, 1, 1
46, 6, 687, 183, 50, 137, 1, 1, 1
47, 6, 700, 182, 61, 145, 1, 1, 1
48, 6, 712, 196, 64, 131, 1, 1, 1
49, 6, 755, 184, 33, 141, 1, 1, 1
50, 6, 749, 181, 42, 144, 1, 1, 1
51, 6, 757, 182, 57, 142, 1, 1, 1
