1, 4, 1029, 0, 305, 44, 1, 1, 1
2, 4, 986, 0, 239, 149, 1, 1, 1
3, 4, 963, 0, 125, 132, 1, 1, 1
4, 4, 921, 0, 197, 228, 1, 1, 1
5, 4, 915, 0, 253, 254, 1, 1, 1
6, 4, 971, 0, 271, 221, 1, 1, 1
7, 4, 969, 0, 336, 281, 1, 1, 1
8, 4, 943, 0, 402, 274, 1, 1, 1
9, 4, 973, 0, 367, 324, 1, 1, 1
10, 4, 1057, 0, 317, 316, 1, 1, 1
11, 4, 1137, 24, 197, 388, 1, 1, 1
12, 4, 1086, 53, 205, 402, 1, 1, 1
13, 4, 1057, 98, 263, 360, 1, 1, 1
14, 4, 1052, 110, 314, 345, 1, 1, 1
15, 4, 1068, 323, 263, 134, 1, 1, 1
16, 4, 1110, 302, 256, 143, 1, 1, 1
17, 4, 1126, 311, 254, 173, 1, 1, 1
18, 4, 1113, 316, 245, 169, 1, 1, 1
19, 4, 1139, 323, 217, 161, 1, 1, 1
20, 4, 1152, 342, 129, 111, 1, 1, 1
21, 4, 1187, 346, 109, 142, 1, 1, 1
22, 4, 1220, 352, 89, 128, 1, 1, 1
23, 4, 1227, 360, 79, 110, 1, 1, 1
24, 4, 1161, 398, 263, 65, 1, 1, 1
25, 4, 1272, 373, 143, 134, 1, 1, 1
26, 4, 1246, 383, 163, 126, 1, 1, 1
29, 4, 1279, 318, 163, 146, 1, 1, 1
1, 3, 1166, 33, 698, 661, 1, 1, 1
2, 3, 1224, 98, 530, 695, 1, 1, 1
3, 3, 1360, 90, 382, 704, 1, 1, 1
4, 3, 1339, 146, 390, 648, 1, 1, 1
5, 3, 1239, 102, 547, 692, 1, 1, 1
6, 3, 1201, 234, 685, 560, 1, 1, 1
7, 3, 1155, 124, 728, 670, 1, 1, 1
8, 3, 1153, 163, 754, 631, 1, 1, 1
9, 3, 1051, 211, 869, 583, 1, 1, 1
10, 3, 1151, 203, 753, 591, 1, 1, 1
11, 3, 1129, 82, 568, 709, 1, 1, 1
12, 3, 1205, 120, 569, 674, 1, 1, 1
13, 3, 1076, 127, 734, 667, 1, 1, 1
14, 3, 1129, 165, 667, 629, 1, 1, 1
15, 3, 1312, 149, 495, 644, 1, 1, 1
16, 3, 1492, 73, 319, 718, 1, 1, 1
17, 3, 1409, 122, 366, 661, 1, 1, 1
18, 3, 1248, 75, 511, 614, 1, 1, 1
19, 3, 1156, 33, 587, 648, 1, 1, 1
20, 3, 1122, 30, 660, 574, 1, 1, 1
21, 3, 1123, 117, 766, 492, 1, 1, 1
22, 3, 1118, 88, 802, 525, 1, 1, 1
23, 3, 1097, 94, 799, 531, 1, 1, 1
24, 3, 1087, 99, 791, 522, 1, 1, 1
25, 3, 1081, 33, 706, 588, 1, 1, 1
26, 3, 1076, 84, 620, 527, 1, 1, 1
27, 3, 1046, 96, 605, 535, 1, 1, 1
28, 3, 1006, 62, 446, 574, 1, 1, 1
29, 3, 1024, 50, 332, 576, 1, 1, 1
