3, 6, 917, 339, 43, 133, 1, 1, 1
4, 6, 900, 340, 60, 133, 1, 1, 1
5, 6, 852, 330, 108, 158, 1, 1, 1
6, 6, 828, 331, 132, 156, 1, 1, 1
7, 6, 828, 333, 132, 157, 1, 1, 1
8, 6, 794, 335, 160, 155, 1, 1, 1
9, 6, 743, 352, 183, 138, 1, 1, 1
10, 6, 738, 352, 165, 131, 1, 1, 1
11, 6, 719, 346, 168, 140, 1, 1, 1
12, 6, 720, 345, 146, 141, 1, 1, 1
13, 6, 691, 363, 166, 124, 1, 1, 1
14, 6, 684, 366, 165, 122, 1, 1, 1
15, 6, 663, 370, 181, 116, 1, 1, 1
16, 6, 651, 374, 175, 111, 1, 1, 1
17, 6, 623, 357, 178, 126, 1, 1, 1
18, 6, 605, 354, 177, 102, 1, 1, 1
19, 6, 604, 354, 155, 106, 1, 1, 1
20, 6, 561, 327, 168, 131, 1, 1, 1
21, 6, 541, 320, 155, 127, 1, 1, 1
22, 6, 516, 305, 154, 141, 1, 1, 1
23, 6, 484, 296, 157, 132, 1, 1, 1
24, 6, 484, 295, 140, 132, 1, 1, 1
25, 6, 472, 295, 128, 133, 1, 1, 1
26, 6, 421, 288, 147, 134, 1, 1, 1
27, 6, 421, 291, 124, 130, 1, 1, 1
28, 6, 375, 285, 146, 137, 1, 1, 1
29, 6, 363, 290, 142, 121, 1, 1, 1
30, 6, 362, 290, 127, 135, 1, 1, 1
31, 6, 311, 296, 153, 131, 1, 1, 1
32, 6, 301, 298, 140, 130, 1, 1, 1
33, 6, 272, 294, 146, 134, 1, 1, 1
34, 6, 241, 308, 156, 118, 1, 1, 1
35, 6, 239, 308, 139, 133, 1, 1, 1
36, 6, 184, 320, 170, 130, 1, 1, 1
37, 6, 155, 329, 173, 121, 1, 1, 1
38, 6, 155, 330, 149, 125, 1, 1, 1
39, 6, 84, 331, 191, 126, 1, 1, 1
40, 6, 80, 336, 165, 123, 1, 1, 1
