1, 1, 339, 91, 351, 276, 1, 1, 1
2, 1, 327, 89, 375, 279, 1, 1, 1
3, 1, 288, 88, 416, 280, 1, 1, 1
4, 1, 238, 90, 471, 279, 1, 1, 1
5, 1, 315, 28, 390, 338, 1, 1, 1
6, 1, 306, 91, 415, 275, 1, 1, 1
7, 1, 238, 90, 474, 278, 1, 1, 1
8, 1, 286, 91, 419, 275, 1, 1, 1
9, 1, 303, 90, 409, 276, 1, 1, 1
10, 1, 314, 91, 397, 276, 1, 1, 1
11, 1, 313, 91, 401, 276, 1, 1, 1
12, 1, 304, 92, 396, 274, 1, 1, 1
13, 1, 268, 93, 416, 274, 1, 1, 1
14, 1, 254, 94, 422, 270, 1, 1, 1
15, 1, 230, 93, 435, 271, 1, 1, 1
16, 1, 216, 92, 435, 272, 1, 1, 1
17, 1, 247, 91, 394, 274, 1, 1, 1
18, 1, 259, 92, 379, 277, 1, 1, 1
19, 1, 276, 89, 362, 279, 1, 1, 1
20, 1, 308, 38, 326, 329, 1, 1, 1
21, 1, 303, 86, 333, 282, 1, 1, 1
22, 1, 300, 91, 335, 280, 1, 1, 1
23, 1, 327, 94, 297, 272, 1, 1, 1
24, 1, 303, 91, 266, 277, 1, 1, 1
25, 1, 283, 93, 279, 276, 1, 1, 1
26, 1, 350, 95, 212, 271, 1, 1, 1
27, 1, 379, 96, 187, 270, 1, 1, 1
28, 1, 366, 96, 202, 271, 1, 1, 1
29, 1, 347, 97, 222, 268, 1, 1, 1
30, 1, 333, 77, 234, 287, 1, 1, 1
31, 1, 317, 99, 248, 266, 1, 1, 1
32, 1, 309, 100, 253, 263, 1, 1, 1
33, 1, 293, 103, 278, 265, 1, 1, 1
34, 1, 278, 100, 299, 269, 1, 1, 1
35, 1, 246, 100, 315, 267, 1, 1, 1
36, 1, 246, 99, 288, 269, 1, 1, 1
37, 1, 208, 101, 323, 262, 1, 1, 1
38, 1, 255, 104, 269, 262, 1, 1, 1
39, 1, 262, 101, 253, 263, 1, 1, 1
40, 1, 269, 99, 238, 264, 1, 1, 1
41, 1, 255, 99, 252, 265, 1, 1, 1
42, 1, 227, 97, 277, 265, 1, 1, 1
43, 1, 208, 97, 280, 259, 1, 1, 1
44, 1, 275, 96, 170, 261, 1, 1, 1
45, 1, 178, 93, 255, 264, 1, 1, 1
46, 1, 177, 91, 240, 269, 1, 1, 1
