7, 3, 768, 0, 295, 416, 1, 1, 1
8, 3, 749, 0, 311, 339, 1, 1, 1
9, 3, 723, 0, 359, 338, 1, 1, 1
10, 3, 724, 2, 361, 347, 1, 1, 1
11, 3, 708, 22, 403, 330, 1, 1, 1
12, 3, 680, 7, 397, 328, 1, 1, 1
13, 3, 609, 65, 453, 261, 1, 1, 1
14, 3, 555, 48, 463, 282, 1, 1, 1
15, 3, 515, 30, 465, 300, 1, 1, 1
16, 3, 475, 6, 420, 267, 1, 1, 1
17, 3, 435, 0, 446, 287, 1, 1, 1
18, 3, 489, 3, 349, 268, 1, 1, 1
19, 3, 504, 0, 257, 339, 1, 1, 1
20, 3, 500, 0, 209, 339, 1, 1, 1
21, 3, 447, 0, 238, 265, 1, 1, 1
22, 3, 437, 0, 231, 269, 1, 1, 1
23, 3, 463, 0, 196, 299, 1, 1, 1
24, 3, 459, 0, 200, 296, 1, 1, 1
25, 3, 463, 0, 209, 343, 1, 1, 1
26, 3, 459, 0, 224, 359, 1, 1, 1
27, 3, 448, 0, 213, 355, 1, 1, 1
28, 3, 444, 0, 211, 367, 1, 1, 1
29, 3, 414, 4, 244, 344, 1, 1, 1
30, 3, 392, 22, 277, 394, 1, 1, 1
31, 3, 387, 35, 278, 396, 1, 1, 1
32, 3, 401, 30, 266, 401, 1, 1, 1
