29, 1, 437, 263, 368, 254, 1, 1, 1
30, 1, 422, 262, 370, 255, 1, 1, 1
31, 1, 420, 285, 363, 230, 1, 1, 1
32, 1, 394, 459, 334, 58, 1, 1, 1
33, 1, 369, 445, 299, 84, 1, 1, 1
34, 1, 351, 425, 353, 102, 1, 1, 1
35, 1, 462, 449, 179, 85, 1, 1, 1
36, 1, 322, 288, 314, 250, 1, 1, 1
37, 1, 275, 277, 383, 266, 1, 1, 1
38, 1, 265, 266, 396, 276, 1, 1, 1
39, 1, 298, 257, 319, 290, 1, 1, 1
40, 1, 174, 252, 379, 290, 1, 1, 1
41, 1, 222, 246, 410, 321, 1, 1, 1
42, 1, 250, 238, 373, 331, 1, 1, 1
43, 1, 237, 233, 379, 340, 1, 1, 1
44, 1, 259, 228, 396, 330, 1, 1, 1
45, 1, 240, 224, 507, 352, 1, 1, 1
46, 1, 297, 224, 465, 367, 1, 1, 1
47, 1, 301, 222, 496, 360, 1, 1, 1
48, 1, 274, 214, 579, 371, 1, 1, 1
