1, 2, 0, 480, 316, 240, 1, 1, 1
2, 2, 0, 481, 324, 239, 1, 1, 1
3, 2, 0, 465, 327, 255, 1, 1, 1
4, 2, 0, 451, 325, 269, 1, 1, 1
5, 2, 0, 456, 328, 264, 1, 1, 1
6, 2, 0, 460, 321, 260, 1, 1, 1
7, 2, 3, 470, 325, 250, 1, 1, 1
8, 2, 0, 476, 323, 244, 1, 1, 1
9, 2, 0, 484, 345, 236, 1, 1, 1
10, 2, 0, 490, 361, 230, 1, 1, 1
11, 2, 13, 501, 367, 219, 1, 1, 1
12, 2, 28, 516, 206, 179, 1, 1, 1
13, 2, 27, 522, 197, 198, 1, 1, 1
14, 2, 41, 520, 233, 200, 1, 1, 1
15, 2, 50, 523, 236, 197, 1, 1, 1
16, 2, 53, 523, 246, 197, 1, 1, 1
17, 2, 55, 527, 244, 193, 1, 1, 1
18, 2, 53, 533, 239, 187, 1, 1, 1
19, 2, 44, 533, 245, 187, 1, 1, 1
20, 2, 32, 534, 248, 186, 1, 1, 1
21, 2, 26, 527, 259, 193, 1, 1, 1
22, 2, 32, 531, 253, 189, 1, 1, 1
23, 2, 38, 539, 237, 181, 1, 1, 1
24, 2, 49, 530, 215, 190, 1, 1, 1
25, 2, 48, 534, 216, 186, 1, 1, 1
26, 2, 44, 539, 221, 181, 1, 1, 1
27, 2, 48, 539, 217, 181, 1, 1, 1
28, 2, 48, 530, 215, 190, 1, 1, 1
29, 2, 44, 515, 238, 205, 1, 1, 1
30, 2, 65, 530, 215, 190, 1, 1, 1
31, 2, 60, 545, 215, 175, 1, 1, 1
32, 2, 80, 532, 200, 188, 1, 1, 1
33, 2, 133, 528, 231, 192, 1, 1, 1
34, 2, 125, 553, 180, 167, 1, 1, 1
35, 2, 145, 553, 170, 167, 1, 1, 1
36, 2, 157, 553, 177, 167, 1, 1, 1
37, 2, 210, 515, 182, 205, 1, 1, 1
38, 2, 233, 494, 183, 225, 1, 1, 1
39, 2, 239, 497, 186, 223, 1, 1, 1
40, 2, 237, 506, 179, 214, 1, 1, 1
41, 2, 189, 525, 178, 195, 1, 1, 1
42, 2, 131, 547, 178, 173, 1, 1, 1
43, 2, 90, 556, 191, 164, 1, 1, 1
44, 2, 60, 565, 189, 155, 1, 1, 1
45, 2, 43, 574, 176, 146, 1, 1, 1
46, 2, 0, 554, 214, 166, 1, 1, 1
47, 2, 0, 558, 195, 162, 1, 1, 1
48, 2, 0, 551, 186, 169, 1, 1, 1
49, 2, 0, 554, 174, 166, 1, 1, 1
50, 2, 0, 565, 161, 155, 1, 1, 1
51, 2, 0, 572, 148, 148, 1, 1, 1
52, 2, 0, 585, 125, 135, 1, 1, 1
53, 2, 0, 596, 93, 124, 1, 1, 1
