51, 2, 351, 375, 348, 359, 1, 1, 1
52, 2, 334, 376, 354, 360, 1, 1, 1
53, 2, 328, 377, 351, 360, 1, 1, 1
54, 2, 319, 377, 350, 361, 1, 1, 1
55, 2, 317, 378, 348, 360, 1, 1, 1
56, 2, 291, 378, 365, 360, 1, 1, 1
57, 2, 288, 379, 363, 362, 1, 1, 1
58, 2, 299, 380, 343, 362, 1, 1, 1
59, 2, 287, 381, 348, 360, 1, 1, 1
60, 2, 277, 379, 349, 362, 1, 1, 1
61, 2, 270, 378, 356, 361, 1, 1, 1
51, 4, 1042, 330, 292, 446, 1, 1, 1
52, 4, 1026, 333, 296, 446, 1, 1, 1
53, 4, 1020, 335, 292, 447, 1, 1, 1
54, 4, 1010, 334, 292, 448, 1, 1, 1
55, 4, 1000, 334, 298, 447, 1, 1, 1
56, 4, 989, 337, 300, 445, 1, 1, 1
57, 4, 1013, 339, 271, 445, 1, 1, 1
58, 4, 1022, 343, 252, 444, 1, 1, 1
59, 4, 1021, 344, 243, 445, 1, 1, 1
60, 4, 1024, 342, 233, 444, 1, 1, 1
61, 4, 1017, 342, 230, 445, 1, 1, 1
62, 4, 1010, 340, 229, 444, 1, 1, 1
63, 4, 999, 336, 232, 446, 1, 1, 1
64, 4, 992, 337, 234, 444, 1, 1, 1
65, 4, 982, 332, 228, 447, 1, 1, 1
66, 4, 977, 330, 226, 445, 1, 1, 1
67, 4, 978, 330, 220, 446, 1, 1, 1
68, 4, 979, 326, 214, 452, 1, 1, 1
69, 4, 989, 326, 193, 451, 1, 1, 1
70, 4, 1000, 320, 170, 457, 1, 1, 1
71, 4, 1012, 314, 156, 462, 1, 1, 1
72, 4, 1019, 312, 156, 461, 1, 1, 1
73, 4, 912, 316, 271, 457, 1, 1, 1
74, 4, 900, 459, 245, 313, 1, 1, 1
75, 4, 883, 392, 225, 376, 1, 1, 1
76, 4, 874, 328, 280, 439, 1, 1, 1
77, 4, 869, 325, 274, 326, 1, 1, 1
78, 4, 859, 325, 281, 347, 1, 1, 1
79, 4, 845, 326, 316, 387, 1, 1, 1
80, 4, 836, 324, 333, 423, 1, 1, 1
81, 4, 837, 323, 326, 441, 1, 1, 1
82, 4, 831, 323, 330, 437, 1, 1, 1
83, 4, 827, 326, 337, 434, 1, 1, 1
