6, 1, 0, 390, 1301, 690, 1, 1, 1
7, 1, 0, 347, 1111, 732, 1, 1, 1
8, 1, 0, 341, 1049, 739, 1, 1, 1
9, 1, 0, 299, 992, 781, 1, 1, 1
10, 1, 0, 288, 928, 792, 1, 1, 1
11, 1, 0, 277, 821, 803, 1, 1, 1
12, 1, 0, 229, 720, 851, 1, 1, 1
13, 1, 0, 237, 665, 843, 1, 1, 1
14, 1, 0, 242, 628, 838, 1, 1, 1
15, 1, 0, 233, 525, 847, 1, 1, 1
16, 1, 0, 332, 517, 748, 1, 1, 1
17, 1, 0, 513, 407, 567, 1, 1, 1
18, 1, 0, 501, 403, 579, 1, 1, 1
14, 2, 173, 0, 1409, 1080, 1, 1, 1
15, 2, 161, 0, 1406, 1080, 1, 1, 1
16, 2, 162, 1, 1372, 1079, 1, 1, 1
17, 2, 171, 0, 1400, 1080, 1, 1, 1
18, 2, 203, 0, 1379, 1080, 1, 1, 1
19, 2, 320, 0, 1268, 1080, 1, 1, 1
20, 2, 364, 0, 1209, 1080, 1, 1, 1
21, 2, 519, 0, 1081, 1080, 1, 1, 1
22, 2, 579, 0, 1012, 1080, 1, 1, 1
23, 2, 626, 0, 821, 1080, 1, 1, 1
24, 2, 609, 1, 775, 1079, 1, 1, 1
25, 2, 661, 12, 774, 1068, 1, 1, 1
26, 2, 789, 0, 647, 1080, 1, 1, 1
27, 2, 740, 2, 691, 1078, 1, 1, 1
28, 2, 648, 2, 783, 1078, 1, 1, 1
29, 2, 490, 46, 887, 1034, 1, 1, 1
30, 2, 465, 65, 895, 1015, 1, 1, 1
31, 2, 487, 48, 878, 1032, 1, 1, 1
32, 2, 483, 63, 860, 1017, 1, 1, 1
33, 2, 476, 52, 860, 1028, 1, 1, 1
34, 2, 462, 42, 898, 1038, 1, 1, 1
35, 2, 473, 49, 888, 1031, 1, 1, 1
36, 2, 508, 26, 856, 1054, 1, 1, 1
37, 2, 520, 31, 860, 1049, 1, 1, 1
38, 2, 499, 25, 880, 1055, 1, 1, 1
39, 2, 472, 15, 911, 1065, 1, 1, 1
40, 2, 474, 16, 906, 1064, 1, 1, 1
41, 2, 488, 7, 896, 1073, 1, 1, 1
42, 2, 473, 9, 908, 1071, 1, 1, 1
43, 2, 396, 0, 985, 1080, 1, 1, 1
44, 2, 345, 1, 1047, 1079, 1, 1, 1
45, 2, 333, 0, 1076, 1080, 1, 1, 1
46, 2, 362, 0, 1035, 1080, 1, 1, 1
47, 2, 424, 2, 1006, 1078, 1, 1, 1
48, 2, 324, 19, 1218, 1061, 1, 1, 1
49, 2, 192, 0, 1420, 1080, 1, 1, 1
50, 2, 166, 0, 1485, 1080, 1, 1, 1
