12, 2, 820, 257, 788, 810, 1, 1, 1
13, 2, 906, 209, 629, 816, 1, 1, 1
14, 2, 963, 189, 541, 814, 1, 1, 1
15, 2, 723, 188, 759, 812, 1, 1, 1
16, 2, 873, 181, 607, 817, 1, 1, 1
17, 2, 1005, 191, 491, 808, 1, 1, 1
18, 2, 1020, 206, 483, 795, 1, 1, 1
19, 2, 1098, 218, 439, 789, 1, 1, 1
20, 2, 1191, 238, 444, 780, 1, 1, 1
21, 2, 1162, 247, 758, 790, 1, 1, 1
22, 2, 1151, 267, 769, 784, 1, 1, 1
23, 2, 1128, 248, 689, 825, 1, 1, 1
24, 2, 1000, 199, 649, 862, 1, 1, 1
25, 2, 937, 193, 712, 858, 1, 1, 1
26, 2, 880, 198, 848, 849, 1, 1, 1
27, 2, 814, 204, 1105, 834, 1, 1, 1
28, 2, 766, 202, 1154, 828, 1, 1, 1
29, 2, 727, 202, 1193, 830, 1, 1, 1
30, 2, 679, 200, 1208, 833, 1, 1, 1
31, 2, 650, 206, 1023, 828, 1, 1, 1
32, 2, 622, 197, 1042, 834, 1, 1, 1
33, 2, 593, 214, 1041, 817, 1, 1, 1
34, 2, 565, 180, 965, 851, 1, 1, 1
35, 2, 551, 187, 1034, 843, 1, 1, 1
36, 2, 560, 187, 1178, 847, 1, 1, 1
37, 2, 572, 180, 1348, 856, 1, 1, 1
