1, 1, 520, 289, 334, 258, 1, 1, 1
2, 1, 520, 312, 385, 225, 1, 1, 1
3, 1, 513, 311, 440, 218, 1, 1, 1
4, 1, 557, 308, 442, 218, 1, 1, 1
5, 1, 622, 303, 434, 212, 1, 1, 1
6, 1, 626, 276, 470, 243, 1, 1, 1
7, 1, 651, 286, 494, 228, 1, 1, 1
8, 1, 695, 287, 489, 232, 1, 1, 1
9, 1, 710, 302, 524, 224, 1, 1, 1
10, 1, 782, 282, 494, 235, 1, 1, 1
11, 1, 859, 263, 421, 254, 1, 1, 1
12, 1, 913, 269, 367, 253, 1, 1, 1
13, 1, 959, 280, 321, 250, 1, 1, 1
14, 1, 1002, 276, 278, 236, 1, 1, 1
15, 1, 1021, 273, 259, 240, 1, 1, 1
16, 1, 1066, 295, 214, 217, 1, 1, 1
17, 1, 1113, 301, 167, 218, 1, 1, 1
18, 1, 1157, 294, 123, 213, 1, 1, 1
19, 1, 1223, 302, 57, 175, 1, 1, 1
20, 1, 1256, 380, 24, 101, 1, 1, 1
21, 1, 1265, 415, 15, 71, 1, 1, 1
22, 1, 1276, 489, 4, 12, 1, 1, 1
