39, 1, 0, 319, 673, 425, 1, 1, 1
40, 1, 0, 338, 680, 404, 1, 1, 1
41, 1, 0, 361, 628, 344, 1, 1, 1
42, 1, 0, 397, 598, 428, 1, 1, 1
43, 1, 0, 407, 582, 420, 1, 1, 1
44, 1, 0, 401, 600, 419, 1, 1, 1
45, 1, 0, 383, 614, 448, 1, 1, 1
46, 1, 0, 374, 586, 507, 1, 1, 1
47, 1, 0, 400, 487, 525, 1, 1, 1
48, 1, 0, 407, 456, 538, 1, 1, 1
49, 1, 0, 398, 435, 559, 1, 1, 1
50, 1, 0, 389, 417, 574, 1, 1, 1
51, 1, 0, 389, 449, 583, 1, 1, 1
52, 1, 0, 379, 482, 597, 1, 1, 1
53, 1, 0, 281, 453, 697, 1, 1, 1
54, 1, 0, 262, 495, 712, 1, 1, 1
55, 1, 0, 259, 526, 712, 1, 1, 1
56, 1, 0, 264, 579, 693, 1, 1, 1
57, 1, 0, 279, 611, 661, 1, 1, 1
58, 1, 0, 305, 623, 622, 1, 1, 1
59, 1, 0, 347, 620, 532, 1, 1, 1
