1, 2, 344, 150, 304, 283, 1, 1, 1
2, 2, 364, 157, 288, 302, 1, 1, 1
3, 2, 398, 153, 256, 313, 1, 1, 1
4, 2, 425, 168, 177, 279, 1, 1, 1
5, 2, 460, 188, 285, 226, 1, 1, 1
6, 2, 484, 207, 272, 141, 1, 1, 1
7, 2, 481, 238, 280, 139, 1, 1, 1
8, 2, 470, 269, 271, 149, 1, 1, 1
9, 2, 527, 303, 212, 152, 1, 1, 1
10, 2, 519, 341, 271, 177, 1, 1, 1
11, 2, 530, 359, 276, 277, 1, 1, 1
12, 2, 547, 361, 287, 273, 1, 1, 1
13, 2, 580, 361, 289, 260, 1, 1, 1
14, 2, 584, 373, 308, 285, 1, 1, 1
15, 2, 615, 384, 304, 286, 1, 1, 1
16, 2, 629, 396, 237, 273, 1, 1, 1
17, 2, 647, 409, 221, 194, 1, 1, 1
18, 2, 679, 425, 260, 260, 1, 1, 1
19, 2, 664, 440, 261, 279, 1, 1, 1
20, 2, 647, 462, 262, 245, 1, 1, 1
21, 2, 631, 473, 286, 261, 1, 1, 1
22, 2, 619, 473, 260, 254, 1, 1, 1
1, 3, 548, 28, 288, 330, 1, 1, 1
2, 3, 539, 27, 249, 392, 1, 1, 1
3, 3, 528, 80, 264, 359, 1, 1, 1
4, 3, 496, 168, 280, 343, 1, 1, 1
5, 3, 463, 217, 318, 335, 1, 1, 1
6, 3, 450, 236, 319, 334, 1, 1, 1
7, 3, 446, 263, 313, 373, 1, 1, 1
8, 3, 450, 304, 320, 346, 1, 1, 1
9, 3, 446, 356, 292, 318, 1, 1, 1
10, 3, 454, 399, 261, 315, 1, 1, 1
11, 3, 454, 434, 192, 335, 1, 1, 1
12, 3, 435, 454, 179, 353, 1, 1, 1
13, 3, 426, 466, 205, 346, 1, 1, 1
14, 3, 406, 469, 218, 363, 1, 1, 1
15, 3, 392, 470, 255, 368, 1, 1, 1
16, 3, 417, 477, 230, 329, 1, 1, 1
17, 3, 447, 501, 208, 342, 1, 1, 1
18, 3, 462, 537, 114, 295, 1, 1, 1
19, 3, 480, 580, 132, 365, 1, 1, 1
20, 3, 492, 626, 66, 183, 1, 1, 1
22, 3, 516, 674, 26, 70, 1, 1, 1
1, 4, 767, 62, 344, 486, 1, 1, 1
2, 4, 748, 80, 368, 481, 1, 1, 1
3, 4, 742, 103, 342, 496, 1, 1, 1
4, 4, 733, 156, 367, 457, 1, 1, 1
5, 4, 721, 227, 386, 469, 1, 1, 1
6, 4, 697, 298, 380, 442, 1, 1, 1
7, 4, 673, 339, 378, 431, 1, 1, 1
8, 4, 665, 370, 372, 424, 1, 1, 1
9, 4, 661, 406, 370, 407, 1, 1, 1
10, 4, 667, 429, 367, 392, 1, 1, 1
11, 4, 669, 444, 361, 406, 1, 1, 1
12, 4, 675, 459, 357, 387, 1, 1, 1
13, 4, 679, 497, 365, 373, 1, 1, 1
14, 4, 688, 537, 352, 379, 1, 1, 1
15, 4, 698, 585, 340, 377, 1, 1, 1
16, 4, 696, 638, 344, 375, 1, 1, 1
17, 4, 690, 750, 325, 282, 1, 1, 1
18, 4, 705, 671, 320, 356, 1, 1, 1
19, 4, 721, 704, 334, 326, 1, 1, 1
20, 4, 749, 678, 309, 363, 1, 1, 1
21, 4, 760, 669, 282, 370, 1, 1, 1
22, 4, 730, 661, 383, 415, 1, 1, 1
1, 5, 1434, 0, 211, 330, 1, 1, 1
2, 5, 1431, 0, 214, 332, 1, 1, 1
3, 5, 1440, 0, 205, 343, 1, 1, 1
4, 5, 1455, 0, 190, 362, 1, 1, 1
5, 5, 1463, 0, 182, 363, 1, 1, 1
6, 5, 1464, 0, 181, 362, 1, 1, 1
7, 5, 1463, 0, 182, 365, 1, 1, 1
8, 5, 1465, 0, 180, 367, 1, 1, 1
9, 5, 1461, 0, 184, 370, 1, 1, 1
10, 5, 1394, 0, 251, 364, 1, 1, 1
11, 5, 1305, 0, 340, 412, 1, 1, 1
12, 5, 1216, 56, 429, 430, 1, 1, 1
13, 5, 1127, 141, 431, 411, 1, 1, 1
14, 5, 1046, 225, 392, 407, 1, 1, 1
15, 5, 945, 323, 391, 383, 1, 1, 1
16, 5, 818, 379, 381, 378, 1, 1, 1
17, 5, 655, 450, 348, 350, 1, 1, 1
18, 5, 527, 506, 326, 373, 1, 1, 1
19, 5, 494, 581, 365, 379, 1, 1, 1
20, 5, 490, 631, 319, 377, 1, 1, 1
21, 5, 501, 658, 312, 371, 1, 1, 1
22, 5, 507, 672, 310, 379, 1, 1, 1
