34, 3, 535, 335, 333, 304, 1, 1, 1
35, 3, 542, 356, 347, 298, 1, 1, 1
36, 3, 514, 361, 375, 298, 1, 1, 1
37, 3, 497, 364, 400, 295, 1, 1, 1
38, 3, 564, 365, 347, 303, 1, 1, 1
39, 3, 557, 375, 373, 289, 1, 1, 1
40, 3, 592, 369, 354, 284, 1, 1, 1
41, 3, 689, 355, 258, 297, 1, 1, 1
42, 3, 772, 357, 204, 293, 1, 1, 1
43, 3, 815, 342, 162, 303, 1, 1, 1
44, 3, 860, 333, 137, 311, 1, 1, 1
45, 3, 866, 339, 138, 313, 1, 1, 1
46, 3, 883, 350, 127, 295, 1, 1, 1
47, 3, 882, 351, 170, 294, 1, 1, 1
48, 3, 874, 350, 204, 291, 1, 1, 1
49, 3, 876, 353, 229, 277, 1, 1, 1
50, 3, 874, 332, 238, 291, 1, 1, 1
51, 3, 853, 304, 282, 319, 1, 1, 1
52, 3, 832, 293, 336, 317, 1, 1, 1
53, 3, 825, 285, 359, 315, 1, 1, 1
54, 3, 823, 286, 354, 309, 1, 1, 1
