1, 1, 292, 211, 34, 44, 1, 1, 1
2, 1, 288, 218, 33, 43, 1, 1, 1
3, 1, 293, 224, 37, 47, 1, 1, 1
4, 1, 294, 232, 37, 50, 1, 1, 1
5, 1, 288, 238, 48, 48, 1, 1, 1
6, 1, 299, 237, 37, 52, 1, 1, 1
7, 1, 310, 242, 42, 44, 1, 1, 1
8, 1, 317, 245, 39, 42, 1, 1, 1
9, 1, 325, 249, 41, 47, 1, 1, 1
10, 1, 323, 238, 44, 50, 1, 1, 1
11, 1, 332, 242, 36, 48, 1, 1, 1
12, 1, 334, 248, 34, 50, 1, 1, 1
13, 1, 347, 242, 30, 39, 1, 1, 1
14, 1, 338, 235, 31, 37, 1, 1, 1
15, 1, 329, 228, 40, 54, 1, 1, 1
16, 1, 317, 231, 53, 57, 1, 1, 1
17, 1, 343, 228, 42, 47, 1, 1, 1
18, 1, 340, 224, 36, 45, 1, 1, 1
19, 1, 340, 227, 53, 63, 1, 1, 1
1, 2, 449, 185, 84, 47, 1, 1, 1
2, 2, 444, 194, 77, 49, 1, 1, 1
3, 2, 441, 198, 73, 51, 1, 1, 1
4, 2, 434, 210, 69, 49, 1, 1, 1
5, 2, 433, 213, 68, 43, 1, 1, 1
6, 2, 430, 214, 74, 48, 1, 1, 1
7, 2, 441, 212, 66, 56, 1, 1, 1
8, 2, 451, 215, 54, 52, 1, 1, 1
9, 2, 461, 219, 52, 51, 1, 1, 1
10, 2, 460, 221, 53, 46, 1, 1, 1
11, 2, 467, 223, 45, 43, 1, 1, 1
12, 2, 468, 222, 42, 45, 1, 1, 1
13, 2, 473, 217, 50, 57, 1, 1, 1
14, 2, 470, 215, 37, 41, 1, 1, 1
15, 2, 471, 200, 40, 50, 1, 1, 1
16, 2, 448, 200, 49, 61, 1, 1, 1
17, 2, 441, 201, 57, 32, 1, 1, 1
18, 2, 436, 203, 57, 39, 1, 1, 1
19, 2, 437, 197, 58, 54, 1, 1, 1
20, 2, 428, 199, 62, 57, 1, 1, 1
21, 2, 414, 200, 62, 47, 1, 1, 1
22, 2, 407, 190, 65, 55, 1, 1, 1
23, 2, 407, 192, 63, 49, 1, 1, 1
24, 2, 398, 187, 57, 59, 1, 1, 1
25, 2, 395, 187, 56, 55, 1, 1, 1
26, 2, 390, 183, 60, 72, 1, 1, 1
27, 2, 391, 177, 70, 67, 1, 1, 1
28, 2, 392, 185, 61, 78, 1, 1, 1
29, 2, 381, 198, 63, 79, 1, 1, 1
30, 2, 368, 197, 68, 78, 1, 1, 1
31, 2, 349, 201, 75, 66, 1, 1, 1
32, 2, 336, 206, 80, 68, 1, 1, 1
33, 2, 318, 205, 88, 72, 1, 1, 1
34, 2, 309, 204, 85, 80, 1, 1, 1
35, 2, 302, 197, 71, 80, 1, 1, 1
36, 2, 296, 194, 73, 90, 1, 1, 1
37, 2, 288, 202, 67, 71, 1, 1, 1
38, 2, 279, 201, 72, 95, 1, 1, 1
39, 2, 270, 215, 80, 90, 1, 1, 1
40, 2, 270, 222, 78, 83, 1, 1, 1
41, 2, 276, 241, 67, 81, 1, 1, 1
42, 2, 266, 252, 70, 77, 1, 1, 1
68, 2, 119, 251, 73, 96, 1, 1, 1
69, 2, 118, 245, 68, 104, 1, 1, 1
70, 2, 123, 244, 52, 114, 1, 1, 1
71, 2, 123, 242, 53, 117, 1, 1, 1
72, 2, 132, 247, 52, 101, 1, 1, 1
73, 2, 137, 249, 51, 99, 1, 1, 1
74, 2, 150, 264, 44, 106, 1, 1, 1
75, 2, 155, 266, 45, 104, 1, 1, 1
76, 2, 163, 266, 44, 101, 1, 1, 1
77, 2, 169, 263, 47, 102, 1, 1, 1
78, 2, 167, 262, 52, 106, 1, 1, 1
79, 2, 166, 260, 43, 104, 1, 1, 1
80, 2, 159, 256, 46, 111, 1, 1, 1
81, 2, 167, 249, 49, 103, 1, 1, 1
82, 2, 170, 247, 54, 113, 1, 1, 1
83, 2, 162, 254, 52, 103, 1, 1, 1
84, 2, 157, 250, 52, 107, 1, 1, 1
85, 2, 163, 252, 49, 97, 1, 1, 1
86, 2, 168, 254, 55, 90, 1, 1, 1
87, 2, 163, 254, 57, 94, 1, 1, 1
88, 2, 144, 254, 64, 103, 1, 1, 1
89, 2, 134, 249, 67, 110, 1, 1, 1
90, 2, 124, 246, 71, 105, 1, 1, 1
91, 2, 110, 238, 81, 108, 1, 1, 1
92, 2, 106, 235, 82, 106, 1, 1, 1
93, 2, 106, 228, 80, 113, 1, 1, 1
94, 2, 106, 232, 80, 98, 1, 1, 1
95, 2, 116, 229, 82, 100, 1, 1, 1
96, 2, 133, 221, 72, 119, 1, 1, 1
97, 2, 155, 224, 73, 122, 1, 1, 1
98, 2, 173, 224, 71, 111, 1, 1, 1
99, 2, 174, 226, 64, 119, 1, 1, 1
100, 2, 176, 237, 58, 120, 1, 1, 1
101, 2, 180, 247, 57, 127, 1, 1, 1
102, 2, 178, 249, 56, 123, 1, 1, 1
84, 3, 234, 220, 99, 85, 1, 1, 1
85, 3, 227, 224, 98, 91, 1, 1, 1
86, 3, 222, 224, 91, 80, 1, 1, 1
87, 3, 219, 217, 85, 86, 1, 1, 1
88, 3, 200, 218, 89, 105, 1, 1, 1
89, 3, 183, 213, 99, 97, 1, 1, 1
90, 3, 185, 212, 76, 109, 1, 1, 1
91, 3, 185, 201, 69, 97, 1, 1, 1
92, 3, 189, 207, 62, 85, 1, 1, 1
93, 3, 187, 201, 67, 99, 1, 1, 1
94, 3, 180, 199, 80, 109, 1, 1, 1
95, 3, 192, 194, 88, 99, 1, 1, 1
96, 3, 208, 191, 77, 95, 1, 1, 1
97, 3, 242, 186, 70, 113, 1, 1, 1
98, 3, 270, 199, 60, 100, 1, 1, 1
99, 3, 265, 194, 64, 103, 1, 1, 1
100, 3, 253, 200, 69, 110, 1, 1, 1
101, 3, 256, 211, 67, 116, 1, 1, 1
102, 3, 258, 210, 73, 120, 1, 1, 1
