1, 3, 2107, 344, 108, 409, 1, 1, 1
2, 3, 2090, 333, 91, 415, 1, 1, 1
3, 3, 2081, 326, 71, 395, 1, 1, 1
4, 3, 2074, 315, 69, 378, 1, 1, 1
5, 3, 2074, 362, 52, 336, 1, 1, 1
6, 3, 1973, 380, 147, 324, 1, 1, 1
7, 3, 1953, 330, 164, 353, 1, 1, 1
8, 3, 1937, 297, 72, 387, 1, 1, 1
9, 3, 1945, 288, 62, 388, 1, 1, 1
10, 3, 1932, 301, 75, 383, 1, 1, 1
11, 3, 1913, 289, 90, 391, 1, 1, 1
12, 3, 1912, 291, 92, 384, 1, 1, 1
13, 3, 1894, 289, 109, 379, 1, 1, 1
14, 3, 1872, 266, 128, 379, 1, 1, 1
15, 3, 1888, 261, 127, 374, 1, 1, 1
16, 3, 1890, 257, 126, 378, 1, 1, 1
17, 3, 1858, 247, 156, 372, 1, 1, 1
18, 3, 1837, 246, 154, 371, 1, 1, 1
19, 3, 1829, 248, 158, 366, 1, 1, 1
20, 3, 1812, 250, 159, 366, 1, 1, 1
21, 3, 1819, 248, 141, 372, 1, 1, 1
22, 3, 1810, 249, 144, 372, 1, 1, 1
23, 3, 1797, 246, 155, 374, 1, 1, 1
24, 3, 1804, 245, 136, 377, 1, 1, 1
25, 3, 1800, 268, 118, 363, 1, 1, 1
26, 3, 1781, 267, 147, 357, 1, 1, 1
27, 3, 1786, 267, 146, 363, 1, 1, 1
28, 3, 1774, 259, 116, 366, 1, 1, 1
29, 3, 1744, 250, 146, 357, 1, 1, 1
30, 3, 1746, 250, 144, 358, 1, 1, 1
31, 3, 1728, 255, 160, 350, 1, 1, 1
