1, 3, 1081, 0, 379, 849, 1, 1, 1
2, 3, 1067, 0, 393, 816, 1, 1, 1
3, 3, 1041, 0, 419, 813, 1, 1, 1
4, 3, 1015, 0, 445, 810, 1, 1, 1
5, 3, 973, 0, 487, 806, 1, 1, 1
6, 3, 978, 0, 482, 803, 1, 1, 1
7, 3, 1180, 0, 280, 800, 1, 1, 1
8, 3, 1280, 0, 180, 800, 1, 1, 1
9, 3, 1271, 0, 189, 854, 1, 1, 1
10, 3, 1268, 0, 192, 859, 1, 1, 1
11, 3, 1202, 0, 258, 859, 1, 1, 1
12, 3, 1133, 0, 327, 859, 1, 1, 1
13, 3, 1106, 0, 354, 858, 1, 1, 1
14, 3, 1088, 0, 372, 856, 1, 1, 1
15, 3, 1084, 0, 376, 848, 1, 1, 1
16, 3, 1059, 0, 401, 837, 1, 1, 1
17, 3, 1034, 0, 426, 822, 1, 1, 1
18, 3, 1006, 0, 454, 812, 1, 1, 1
19, 3, 963, 0, 497, 810, 1, 1, 1
20, 3, 911, 0, 518, 824, 1, 1, 1
21, 3, 897, 0, 487, 827, 1, 1, 1
22, 3, 965, 0, 354, 806, 1, 1, 1
23, 3, 930, 0, 332, 762, 1, 1, 1
24, 3, 892, 0, 332, 740, 1, 1, 1
25, 3, 881, 0, 340, 743, 1, 1, 1
26, 3, 918, 0, 349, 758, 1, 1, 1
27, 3, 919, 0, 401, 776, 1, 1, 1
28, 3, 947, 0, 433, 793, 1, 1, 1
29, 3, 994, 0, 422, 807, 1, 1, 1
30, 3, 971, 0, 489, 823, 1, 1, 1
31, 3, 985, 62, 475, 780, 1, 1, 1
32, 3, 1008, 172, 452, 676, 1, 1, 1
33, 3, 1040, 207, 420, 646, 1, 1, 1
34, 3, 1053, 224, 407, 624, 1, 1, 1
35, 3, 1066, 218, 394, 622, 1, 1, 1
36, 3, 1063, 201, 396, 629, 1, 1, 1
37, 3, 1054, 194, 406, 631, 1, 1, 1
38, 3, 1074, 187, 386, 633, 1, 1, 1
39, 3, 1070, 181, 390, 636, 1, 1, 1
40, 3, 1053, 179, 407, 633, 1, 1, 1
41, 3, 1020, 177, 440, 635, 1, 1, 1
42, 3, 987, 176, 473, 634, 1, 1, 1
43, 3, 984, 172, 476, 631, 1, 1, 1
44, 3, 987, 171, 473, 632, 1, 1, 1
45, 3, 989, 169, 471, 632, 1, 1, 1
46, 3, 990, 172, 470, 629, 1, 1, 1
47, 3, 964, 172, 496, 637, 1, 1, 1
48, 3, 970, 173, 490, 637, 1, 1, 1
49, 3, 1034, 172, 426, 638, 1, 1, 1
50, 3, 1053, 174, 407, 636, 1, 1, 1
51, 3, 1075, 175, 385, 633, 1, 1, 1
52, 3, 1100, 169, 360, 634, 1, 1, 1
53, 3, 1108, 125, 352, 678, 1, 1, 1
54, 3, 1116, 0, 344, 806, 1, 1, 1
55, 3, 1120, 0, 340, 809, 1, 1, 1
56, 3, 1073, 0, 365, 811, 1, 1, 1
57, 3, 969, 1, 448, 863, 1, 1, 1
58, 3, 879, 0, 349, 864, 1, 1, 1
59, 3, 789, 0, 404, 864, 1, 1, 1
60, 3, 655, 0, 350, 864, 1, 1, 1
61, 3, 517, 0, 371, 864, 1, 1, 1
62, 3, 441, 0, 409, 864, 1, 1, 1
63, 3, 338, 0, 392, 864, 1, 1, 1
64, 3, 190, 0, 477, 864, 1, 1, 1
65, 3, 174, 0, 405, 864, 1, 1, 1
66, 3, 132, 1, 445, 863, 1, 1, 1
67, 3, 150, 1, 475, 863, 1, 1, 1
68, 3, 146, 0, 542, 864, 1, 1, 1
69, 3, 165, 0, 544, 864, 1, 1, 1
70, 3, 190, 0, 558, 864, 1, 1, 1
71, 3, 216, 0, 565, 864, 1, 1, 1
72, 3, 235, 0, 561, 864, 1, 1, 1
73, 3, 241, 3, 570, 861, 1, 1, 1
74, 3, 238, 18, 606, 846, 1, 1, 1
75, 3, 244, 19, 565, 845, 1, 1, 1
76, 3, 219, 0, 450, 864, 1, 1, 1
77, 3, 158, 0, 463, 864, 1, 1, 1
78, 3, 146, 0, 472, 864, 1, 1, 1
79, 3, 35, 0, 507, 864, 1, 1, 1
80, 3, 5, 0, 395, 864, 1, 1, 1
81, 3, 20, 0, 389, 864, 1, 1, 1
82, 3, 48, 1, 377, 863, 1, 1, 1
83, 3, 58, 0, 384, 864, 1, 1, 1
84, 3, 76, 0, 370, 864, 1, 1, 1
85, 3, 93, 0, 372, 864, 1, 1, 1
86, 3, 120, 0, 368, 864, 1, 1, 1
87, 3, 143, 0, 381, 841, 1, 1, 1
88, 3, 171, 0, 421, 824, 1, 1, 1
89, 3, 185, 0, 389, 799, 1, 1, 1
90, 3, 195, 0, 340, 777, 1, 1, 1
91, 3, 141, 0, 373, 781, 1, 1, 1
92, 3, 105, 0, 413, 813, 1, 1, 1
93, 3, 59, 0, 486, 847, 1, 1, 1
94, 3, 29, 0, 500, 862, 1, 1, 1
95, 3, 25, 0, 492, 864, 1, 1, 1
96, 3, 45, 0, 493, 864, 1, 1, 1
97, 3, 64, 0, 510, 864, 1, 1, 1
98, 3, 59, 0, 526, 864, 1, 1, 1
99, 3, 38, 0, 509, 864, 1, 1, 1
100, 3, 10, 0, 519, 864, 1, 1, 1
101, 3, 0, 0, 529, 864, 1, 1, 1
102, 3, 0, 0, 534, 864, 1, 1, 1
103, 3, 0, 1, 561, 863, 1, 1, 1
104, 3, 34, 0, 542, 864, 1, 1, 1
105, 3, 64, 0, 541, 864, 1, 1, 1
106, 3, 92, 0, 541, 864, 1, 1, 1
107, 3, 123, 0, 489, 864, 1, 1, 1
108, 3, 157, 1, 374, 863, 1, 1, 1
