15, 6, 1120, 363, 353, 263, 1, 1, 1
16, 6, 1112, 366, 338, 257, 1, 1, 1
17, 6, 1104, 365, 328, 257, 1, 1, 1
18, 6, 1106, 359, 283, 256, 1, 1, 1
19, 6, 1076, 355, 273, 257, 1, 1, 1
20, 6, 1067, 360, 257, 251, 1, 1, 1
21, 6, 1053, 358, 246, 254, 1, 1, 1
22, 6, 1051, 352, 225, 259, 1, 1, 1
23, 6, 1040, 356, 222, 256, 1, 1, 1
24, 6, 1024, 355, 216, 255, 1, 1, 1
25, 6, 1018, 340, 199, 267, 1, 1, 1
26, 6, 986, 339, 221, 267, 1, 1, 1
27, 6, 983, 344, 214, 263, 1, 1, 1
28, 6, 1003, 345, 186, 260, 1, 1, 1
29, 6, 1010, 341, 171, 266, 1, 1, 1
30, 6, 1012, 342, 160, 267, 1, 1, 1
31, 6, 1005, 345, 159, 263, 1, 1, 1
32, 6, 993, 342, 160, 265, 1, 1, 1
33, 6, 981, 337, 161, 273, 1, 1, 1
34, 6, 979, 336, 162, 271, 1, 1, 1
35, 6, 976, 340, 168, 268, 1, 1, 1
36, 6, 967, 341, 188, 269, 1, 1, 1
37, 6, 969, 337, 190, 275, 1, 1, 1
38, 6, 979, 342, 183, 271, 1, 1, 1
39, 6, 971, 348, 176, 261, 1, 1, 1
40, 6, 961, 347, 173, 259, 1, 1, 1
41, 6, 959, 341, 168, 281, 1, 1, 1
42, 6, 933, 347, 185, 270, 1, 1, 1
43, 6, 932, 350, 193, 270, 1, 1, 1
