32, 9, 309, 167, 135, 151, 1, 1, 1
33, 9, 305, 162, 125, 171, 1, 1, 1
34, 9, 303, 155, 109, 179, 1, 1, 1
35, 9, 300, 152, 103, 179, 1, 1, 1
36, 9, 299, 154, 100, 181, 1, 1, 1
37, 9, 298, 156, 99, 181, 1, 1, 1
38, 9, 297, 159, 99, 177, 1, 1, 1
39, 9, 299, 167, 100, 178, 1, 1, 1
40, 9, 299, 173, 100, 176, 1, 1, 1
41, 9, 304, 179, 99, 179, 1, 1, 1
42, 9, 304, 181, 99, 177, 1, 1, 1
43, 9, 304, 181, 98, 181, 1, 1, 1
44, 9, 304, 182, 104, 180, 1, 1, 1
45, 9, 305, 181, 99, 182, 1, 1, 1
46, 9, 304, 180, 100, 181, 1, 1, 1
47, 9, 307, 183, 99, 178, 1, 1, 1
48, 9, 309, 193, 98, 163, 1, 1, 1
