10, 2, 376, 189, 74, 85, 1, 1, 1
11, 2, 375, 190, 76, 83, 1, 1, 1
12, 2, 384, 195, 78, 80, 1, 1, 1
13, 2, 391, 208, 77, 68, 1, 1, 1
14, 2, 396, 209, 72, 68, 1, 1, 1
15, 2, 399, 209, 73, 73, 1, 1, 1
16, 2, 399, 213, 77, 70, 1, 1, 1
17, 2, 404, 204, 83, 78, 1, 1, 1
18, 2, 398, 204, 87, 79, 1, 1, 1
19, 2, 400, 206, 87, 78, 1, 1, 1
20, 2, 400, 204, 85, 79, 1, 1, 1
21, 2, 405, 204, 80, 80, 1, 1, 1
22, 2, 421, 197, 87, 88, 1, 1, 1
23, 2, 434, 197, 78, 90, 1, 1, 1
24, 2, 439, 196, 75, 90, 1, 1, 1
25, 2, 438, 196, 75, 97, 1, 1, 1
26, 2, 440, 196, 72, 97, 1, 1, 1
