6, 1, 166, 508, 274, 130, 1, 1, 1
7, 1, 163, 510, 278, 131, 1, 1, 1
8, 1, 164, 509, 280, 132, 1, 1, 1
9, 1, 162, 509, 285, 131, 1, 1, 1
10, 1, 162, 511, 290, 133, 1, 1, 1
11, 1, 160, 512, 296, 135, 1, 1, 1
12, 1, 162, 511, 300, 133, 1, 1, 1
13, 1, 161, 512, 304, 137, 1, 1, 1
14, 1, 161, 515, 309, 135, 1, 1, 1
15, 1, 163, 514, 313, 138, 1, 1, 1
16, 1, 167, 513, 316, 140, 1, 1, 1
17, 1, 166, 516, 318, 138, 1, 1, 1
18, 1, 164, 514, 322, 142, 1, 1, 1
19, 1, 165, 516, 326, 140, 1, 1, 1
20, 1, 167, 519, 332, 140, 1, 1, 1
21, 1, 174, 521, 335, 141, 1, 1, 1
22, 1, 177, 521, 344, 144, 1, 1, 1
23, 1, 185, 521, 345, 145, 1, 1, 1
24, 1, 192, 522, 353, 147, 1, 1, 1
25, 1, 199, 523, 358, 144, 1, 1, 1
26, 1, 205, 523, 363, 147, 1, 1, 1
27, 1, 209, 523, 366, 147, 1, 1, 1
28, 1, 214, 522, 362, 146, 1, 1, 1
29, 1, 219, 523, 355, 147, 1, 1, 1
30, 1, 223, 523, 353, 146, 1, 1, 1
31, 1, 224, 525, 351, 149, 1, 1, 1
32, 1, 226, 526, 350, 147, 1, 1, 1
33, 1, 234, 525, 342, 150, 1, 1, 1
34, 1, 245, 525, 331, 151, 1, 1, 1
35, 1, 257, 528, 319, 149, 1, 1, 1
36, 1, 265, 528, 310, 150, 1, 1, 1
37, 1, 272, 529, 303, 150, 1, 1, 1
38, 1, 278, 530, 297, 150, 1, 1, 1
39, 1, 278, 530, 297, 150, 1, 1, 1
40, 1, 269, 531, 307, 150, 1, 1, 1
41, 1, 258, 531, 318, 150, 1, 1, 1
42, 1, 255, 528, 321, 152, 1, 1, 1
