10, 1, 522, 148, 588, 932, 1, 1, 1
11, 1, 521, 107, 697, 917, 1, 1, 1
12, 1, 214, 33, 913, 979, 1, 1, 1
13, 1, 0, 0, 1110, 1054, 1, 1, 1
14, 1, 243, 0, 863, 1078, 1, 1, 1
15, 1, 364, 0, 726, 1080, 1, 1, 1
16, 1, 240, 0, 840, 1043, 1, 1, 1
17, 1, 248, 0, 856, 1043, 1, 1, 1
18, 1, 234, 0, 885, 1080, 1, 1, 1
19, 1, 252, 0, 922, 1066, 1, 1, 1
20, 1, 274, 0, 943, 1032, 1, 1, 1
21, 1, 243, 13, 1039, 1056, 1, 1, 1
22, 1, 226, 64, 1116, 1009, 1, 1, 1
23, 1, 89, 149, 1336, 739, 1, 1, 1
24, 1, 259, 463, 1234, 498, 1, 1, 1
25, 1, 555, 336, 916, 744, 1, 1, 1
26, 1, 696, 420, 741, 660, 1, 1, 1
27, 1, 848, 530, 623, 550, 1, 1, 1
28, 1, 1169, 854, 283, 226, 1, 1, 1
10, 2, 932, 41, 365, 756, 1, 1, 1
11, 2, 918, 1, 385, 793, 1, 1, 1
12, 2, 926, 3, 383, 774, 1, 1, 1
13, 2, 974, 0, 384, 761, 1, 1, 1
14, 2, 998, 0, 337, 771, 1, 1, 1
15, 2, 975, 34, 366, 743, 1, 1, 1
16, 2, 962, 59, 391, 710, 1, 1, 1
17, 2, 988, 22, 367, 752, 1, 1, 1
18, 2, 1003, 38, 395, 730, 1, 1, 1
19, 2, 1012, 111, 360, 693, 1, 1, 1
20, 2, 1016, 61, 316, 777, 1, 1, 1
21, 2, 1039, 125, 299, 747, 1, 1, 1
22, 2, 929, 198, 462, 690, 1, 1, 1
23, 2, 1004, 243, 469, 578, 1, 1, 1
24, 2, 1057, 366, 431, 714, 1, 1, 1
25, 2, 1388, 645, 102, 291, 1, 1, 1
26, 2, 1336, 856, 125, 224, 1, 1, 1
28, 2, 1254, 745, 175, 335, 1, 1, 1
