1, 1, 0, 285, 970, 453, 1, 1, 1
2, 1, 0, 312, 918, 439, 1, 1, 1
3, 1, 0, 352, 904, 396, 1, 1, 1
4, 1, 0, 388, 925, 354, 1, 1, 1
5, 1, 0, 408, 949, 343, 1, 1, 1
6, 1, 0, 392, 926, 362, 1, 1, 1
7, 1, 0, 382, 917, 375, 1, 1, 1
8, 1, 0, 396, 887, 347, 1, 1, 1
9, 1, 0, 441, 859, 278, 1, 1, 1
10, 1, 0, 418, 848, 278, 1, 1, 1
11, 1, 0, 392, 849, 286, 1, 1, 1
12, 1, 0, 365, 853, 290, 1, 1, 1
13, 1, 0, 334, 843, 299, 1, 1, 1
14, 1, 0, 305, 833, 284, 1, 1, 1
15, 1, 0, 274, 794, 290, 1, 1, 1
16, 1, 0, 252, 770, 286, 1, 1, 1
17, 1, 0, 232, 746, 270, 1, 1, 1
18, 1, 0, 204, 709, 277, 1, 1, 1
19, 1, 0, 169, 708, 293, 1, 1, 1
20, 1, 0, 146, 683, 296, 1, 1, 1
1, 2, 0, 407, 359, 346, 1, 1, 1
2, 2, 0, 366, 384, 368, 1, 1, 1
3, 2, 0, 324, 419, 198, 1, 1, 1
4, 2, 0, 282, 425, 241, 1, 1, 1
5, 2, 0, 253, 430, 263, 1, 1, 1
6, 2, 0, 251, 465, 267, 1, 1, 1
7, 2, 0, 254, 498, 245, 1, 1, 1
8, 2, 0, 250, 537, 229, 1, 1, 1
9, 2, 0, 248, 524, 206, 1, 1, 1
10, 2, 0, 241, 502, 189, 1, 1, 1
11, 2, 0, 242, 526, 163, 1, 1, 1
12, 2, 7, 245, 522, 136, 1, 1, 1
13, 2, 59, 251, 451, 106, 1, 1, 1
14, 2, 67, 260, 259, 77, 1, 1, 1
15, 2, 84, 78, 919, 234, 1, 1, 1
16, 2, 617, 79, 429, 202, 1, 1, 1
17, 2, 635, 76, 455, 205, 1, 1, 1
18, 2, 652, 75, 474, 204, 1, 1, 1
19, 2, 672, 74, 491, 205, 1, 1, 1
20, 2, 690, 69, 515, 207, 1, 1, 1
1, 4, 767, 482, 759, 185, 1, 1, 1
2, 4, 775, 482, 762, 184, 1, 1, 1
3, 4, 793, 481, 741, 183, 1, 1, 1
4, 4, 814, 486, 746, 166, 1, 1, 1
5, 4, 828, 498, 753, 150, 1, 1, 1
6, 4, 806, 498, 794, 148, 1, 1, 1
7, 4, 766, 495, 852, 149, 1, 1, 1
8, 4, 755, 484, 882, 160, 1, 1, 1
9, 4, 789, 477, 863, 170, 1, 1, 1
10, 4, 816, 463, 851, 184, 1, 1, 1
11, 4, 832, 462, 840, 180, 1, 1, 1
12, 4, 878, 442, 825, 195, 1, 1, 1
13, 4, 905, 432, 836, 208, 1, 1, 1
14, 4, 894, 433, 868, 199, 1, 1, 1
15, 4, 917, 431, 860, 203, 1, 1, 1
16, 4, 967, 419, 816, 206, 1, 1, 1
17, 4, 1026, 407, 775, 211, 1, 1, 1
18, 4, 1102, 389, 719, 220, 1, 1, 1
19, 4, 1123, 370, 708, 210, 1, 1, 1
20, 4, 1096, 350, 745, 206, 1, 1, 1
21, 4, 1062, 332, 798, 191, 1, 1, 1
22, 4, 1104, 319, 777, 201, 1, 1, 1
23, 4, 1158, 303, 756, 206, 1, 1, 1
24, 4, 1178, 292, 742, 188, 1, 1, 1
25, 4, 1184, 277, 736, 178, 1, 1, 1
26, 4, 1183, 269, 737, 165, 1, 1, 1
27, 4, 1198, 258, 722, 165, 1, 1, 1
28, 4, 1218, 243, 702, 174, 1, 1, 1
29, 4, 1245, 228, 675, 176, 1, 1, 1
30, 4, 1273, 216, 647, 180, 1, 1, 1
31, 4, 1305, 205, 615, 182, 1, 1, 1
32, 4, 1298, 192, 622, 177, 1, 1, 1
33, 4, 1319, 180, 601, 175, 1, 1, 1
34, 4, 1359, 168, 561, 185, 1, 1, 1
35, 4, 1410, 156, 510, 186, 1, 1, 1
36, 4, 1453, 144, 467, 183, 1, 1, 1
37, 4, 1485, 133, 435, 174, 1, 1, 1
