2, 1, 345, 19, 746, 477, 1, 1, 1
3, 1, 343, 42, 728, 436, 1, 1, 1
4, 1, 305, 55, 761, 362, 1, 1, 1
5, 1, 339, 51, 730, 365, 1, 1, 1
6, 1, 315, 35, 763, 359, 1, 1, 1
7, 1, 352, 33, 736, 384, 1, 1, 1
8, 1, 673, 7, 412, 367, 1, 1, 1
9, 1, 391, 0, 737, 340, 1, 1, 1
10, 1, 359, 0, 782, 334, 1, 1, 1
11, 1, 370, 1, 775, 333, 1, 1, 1
12, 1, 362, 9, 784, 335, 1, 1, 1
13, 1, 311, 0, 810, 350, 1, 1, 1
14, 1, 280, 0, 815, 353, 1, 1, 1
15, 1, 278, 0, 812, 372, 1, 1, 1
16, 1, 280, 0, 832, 361, 1, 1, 1
17, 1, 399, 0, 713, 354, 1, 1, 1
18, 1, 606, 0, 500, 297, 1, 1, 1
19, 1, 383, 0, 712, 215, 1, 1, 1
20, 1, 329, 0, 781, 211, 1, 1, 1
21, 1, 350, 0, 755, 221, 1, 1, 1
