33, 2, 4, 223, 112, 129, 1, 1, 1
34, 2, 0, 225, 109, 125, 1, 1, 1
35, 2, 0, 224, 105, 134, 1, 1, 1
36, 2, 0, 225, 105, 125, 1, 1, 1
37, 2, 0, 223, 104, 130, 1, 1, 1
38, 2, 0, 223, 104, 129, 1, 1, 1
39, 2, 0, 223, 105, 133, 1, 1, 1
40, 2, 0, 221, 104, 135, 1, 1, 1
41, 2, 0, 219, 105, 139, 1, 1, 1
42, 2, 0, 219, 106, 135, 1, 1, 1
43, 2, 0, 220, 107, 133, 1, 1, 1
44, 2, 0, 220, 108, 134, 1, 1, 1
45, 2, 0, 215, 107, 133, 1, 1, 1
46, 2, 0, 218, 106, 131, 1, 1, 1
47, 2, 0, 215, 106, 139, 1, 1, 1
48, 2, 0, 219, 108, 118, 1, 1, 1
49, 2, 0, 219, 108, 118, 1, 1, 1
50, 2, 0, 218, 108, 134, 1, 1, 1
51, 2, 1, 220, 110, 120, 1, 1, 1
52, 2, 4, 218, 107, 122, 1, 1, 1
53, 2, 4, 221, 106, 116, 1, 1, 1
54, 2, 5, 222, 107, 113, 1, 1, 1
55, 2, 3, 223, 107, 114, 1, 1, 1
56, 2, 2, 222, 111, 116, 1, 1, 1
57, 2, 5, 222, 108, 115, 1, 1, 1
58, 2, 8, 223, 105, 115, 1, 1, 1
59, 2, 3, 222, 110, 117, 1, 1, 1
60, 2, 0, 223, 113, 112, 1, 1, 1
