1, 2, 910, 12, 293, 299, 1, 1, 1
2, 2, 797, 35, 306, 259, 1, 1, 1
3, 2, 712, 17, 326, 275, 1, 1, 1
4, 2, 657, 40, 309, 262, 1, 1, 1
5, 2, 610, 37, 318, 253, 1, 1, 1
6, 2, 579, 0, 329, 246, 1, 1, 1
7, 2, 583, 1, 315, 251, 1, 1, 1
8, 2, 534, 0, 323, 246, 1, 1, 1
9, 2, 447, 0, 326, 202, 1, 1, 1
10, 2, 451, 0, 323, 185, 1, 1, 1
11, 2, 450, 0, 335, 198, 1, 1, 1
12, 2, 441, 6, 342, 234, 1, 1, 1
13, 2, 451, 24, 336, 214, 1, 1, 1
14, 2, 444, 37, 348, 208, 1, 1, 1
15, 2, 471, 31, 356, 216, 1, 1, 1
16, 2, 505, 30, 360, 217, 1, 1, 1
17, 2, 511, 38, 370, 212, 1, 1, 1
18, 2, 516, 40, 360, 208, 1, 1, 1
19, 2, 523, 45, 324, 208, 1, 1, 1
20, 2, 536, 40, 320, 230, 1, 1, 1
21, 2, 561, 48, 306, 219, 1, 1, 1
22, 2, 579, 52, 296, 222, 1, 1, 1
23, 2, 576, 49, 303, 224, 1, 1, 1
24, 2, 572, 59, 305, 216, 1, 1, 1
25, 2, 566, 57, 311, 221, 1, 1, 1
26, 2, 560, 58, 314, 216, 1, 1, 1
27, 2, 555, 51, 328, 218, 1, 1, 1
28, 2, 548, 53, 342, 214, 1, 1, 1
29, 2, 566, 49, 334, 213, 1, 1, 1
