8, 11, 55, 933, 24, 11, 1, 1, 1
9, 11, 0, 634, 258, 310, 1, 1, 1
10, 11, 0, 591, 435, 353, 1, 1, 1
11, 11, 0, 572, 540, 372, 1, 1, 1
12, 11, 0, 568, 621, 376, 1, 1, 1
13, 11, 0, 564, 685, 380, 1, 1, 1
14, 11, 0, 559, 708, 385, 1, 1, 1
15, 11, 0, 553, 755, 391, 1, 1, 1
16, 11, 0, 550, 785, 394, 1, 1, 1
17, 11, 0, 546, 796, 398, 1, 1, 1
18, 11, 0, 539, 828, 405, 1, 1, 1
19, 11, 0, 535, 887, 409, 1, 1, 1
20, 11, 58, 541, 874, 403, 1, 1, 1
21, 11, 130, 569, 810, 375, 1, 1, 1
22, 11, 184, 586, 769, 358, 1, 1, 1
23, 11, 216, 602, 730, 342, 1, 1, 1
24, 11, 222, 613, 710, 331, 1, 1, 1
25, 11, 237, 616, 692, 328, 1, 1, 1
