8, 1, 354, 238, 76, 71, 1, 1, 1
9, 1, 347, 239, 77, 50, 1, 1, 1
10, 1, 339, 235, 76, 53, 1, 1, 1
11, 1, 335, 236, 69, 44, 1, 1, 1
12, 1, 327, 235, 67, 45, 1, 1, 1
13, 1, 312, 233, 80, 54, 1, 1, 1
14, 1, 313, 232, 77, 44, 1, 1, 1
15, 1, 302, 235, 82, 48, 1, 1, 1
16, 1, 300, 235, 74, 35, 1, 1, 1
17, 1, 292, 236, 78, 34, 1, 1, 1
18, 1, 285, 237, 85, 34, 1, 1, 1
19, 1, 274, 238, 96, 34, 1, 1, 1
20, 1, 272, 239, 97, 33, 1, 1, 1
21, 1, 258, 240, 94, 24, 1, 1, 1
22, 1, 252, 240, 85, 22, 1, 1, 1
23, 1, 251, 240, 20, 8, 1, 1, 1
24, 1, 239, 238, 10, 6, 1, 1, 1
25, 1, 238, 236, 11, 8, 1, 1, 1
26, 1, 230, 232, 13, 11, 1, 1, 1
