7, 4, 217, 78, 208, 215, 1, 1, 1
8, 4, 178, 77, 326, 206, 1, 1, 1
9, 4, 204, 88, 346, 208, 1, 1, 1
10, 4, 168, 83, 375, 212, 1, 1, 1
11, 4, 161, 78, 383, 228, 1, 1, 1
12, 4, 204, 89, 293, 220, 1, 1, 1
13, 4, 209, 90, 330, 203, 1, 1, 1
14, 4, 206, 81, 314, 206, 1, 1, 1
15, 4, 204, 86, 308, 202, 1, 1, 1
16, 4, 213, 83, 310, 196, 1, 1, 1
17, 4, 214, 81, 319, 187, 1, 1, 1
18, 4, 215, 80, 311, 189, 1, 1, 1
19, 4, 212, 81, 293, 185, 1, 1, 1
20, 4, 196, 81, 293, 188, 1, 1, 1
21, 4, 183, 82, 298, 182, 1, 1, 1
22, 4, 175, 78, 290, 184, 1, 1, 1
23, 4, 166, 79, 297, 179, 1, 1, 1
24, 4, 168, 73, 267, 183, 1, 1, 1
25, 4, 172, 66, 248, 190, 1, 1, 1
26, 4, 191, 63, 225, 195, 1, 1, 1
27, 4, 209, 64, 208, 192, 1, 1, 1
28, 4, 237, 63, 179, 193, 1, 1, 1
29, 4, 247, 67, 180, 192, 1, 1, 1
30, 4, 237, 66, 182, 191, 1, 1, 1
31, 4, 222, 68, 191, 189, 1, 1, 1
32, 4, 209, 72, 206, 187, 1, 1, 1
33, 4, 200, 80, 217, 181, 1, 1, 1
34, 4, 187, 80, 207, 184, 1, 1, 1
35, 4, 191, 75, 233, 187, 1, 1, 1
36, 4, 203, 71, 210, 187, 1, 1, 1
37, 4, 219, 68, 149, 193, 1, 1, 1
38, 4, 213, 74, 160, 176, 1, 1, 1
39, 4, 192, 69, 114, 184, 1, 1, 1
40, 4, 160, 71, 140, 179, 1, 1, 1
41, 4, 151, 70, 146, 180, 1, 1, 1
