1, 1, 889, 415, 139, 96, 1, 1, 1
2, 1, 887, 417, 143, 95, 1, 1, 1
3, 1, 888, 420, 142, 93, 1, 1, 1
4, 1, 888, 421, 141, 92, 1, 1, 1
5, 1, 888, 423, 143, 93, 1, 1, 1
6, 1, 889, 425, 142, 93, 1, 1, 1
7, 1, 889, 425, 144, 95, 1, 1, 1
8, 1, 890, 426, 144, 92, 1, 1, 1
9, 1, 889, 426, 144, 93, 1, 1, 1
10, 1, 892, 427, 142, 94, 1, 1, 1
11, 1, 892, 428, 143, 94, 1, 1, 1
12, 1, 890, 430, 144, 91, 1, 1, 1
13, 1, 890, 429, 142, 94, 1, 1, 1
14, 1, 889, 428, 143, 93, 1, 1, 1
15, 1, 888, 430, 143, 92, 1, 1, 1
16, 1, 887, 429, 143, 94, 1, 1, 1
17, 1, 884, 430, 142, 93, 1, 1, 1
18, 1, 882, 431, 143, 91, 1, 1, 1
19, 1, 881, 430, 142, 93, 1, 1, 1
20, 1, 881, 430, 141, 94, 1, 1, 1
21, 1, 878, 429, 142, 92, 1, 1, 1
22, 1, 875, 429, 142, 92, 1, 1, 1
23, 1, 872, 430, 143, 92, 1, 1, 1
24, 1, 872, 430, 141, 93, 1, 1, 1
25, 1, 869, 431, 143, 92, 1, 1, 1
26, 1, 866, 432, 144, 92, 1, 1, 1
27, 1, 865, 431, 143, 94, 1, 1, 1
28, 1, 863, 431, 143, 93, 1, 1, 1
29, 1, 861, 431, 143, 93, 1, 1, 1
30, 1, 859, 431, 144, 92, 1, 1, 1
31, 1, 857, 432, 143, 93, 1, 1, 1
32, 1, 853, 431, 143, 94, 1, 1, 1
33, 1, 851, 432, 143, 92, 1, 1, 1
34, 1, 850, 432, 144, 93, 1, 1, 1
35, 1, 846, 434, 145, 92, 1, 1, 1
36, 1, 844, 435, 143, 91, 1, 1, 1
37, 1, 842, 433, 143, 93, 1, 1, 1
38, 1, 840, 433, 142, 94, 1, 1, 1
39, 1, 837, 432, 143, 93, 1, 1, 1
40, 1, 833, 432, 145, 92, 1, 1, 1
41, 1, 828, 433, 143, 93, 1, 1, 1
42, 1, 818, 432, 143, 93, 1, 1, 1
43, 1, 805, 432, 145, 93, 1, 1, 1
44, 1, 792, 431, 143, 93, 1, 1, 1
45, 1, 782, 430, 145, 93, 1, 1, 1
46, 1, 776, 429, 144, 92, 1, 1, 1
47, 1, 771, 429, 144, 91, 1, 1, 1
48, 1, 767, 428, 145, 92, 1, 1, 1
49, 1, 764, 429, 144, 92, 1, 1, 1
50, 1, 762, 428, 144, 93, 1, 1, 1
51, 1, 760, 429, 143, 92, 1, 1, 1
52, 1, 761, 427, 143, 93, 1, 1, 1
53, 1, 763, 426, 144, 93, 1, 1, 1
54, 1, 764, 425, 142, 91, 1, 1, 1
55, 1, 765, 425, 143, 93, 1, 1, 1
56, 1, 768, 425, 142, 94, 1, 1, 1
57, 1, 770, 424, 143, 93, 1, 1, 1
58, 1, 774, 424, 141, 92, 1, 1, 1
59, 1, 775, 424, 142, 94, 1, 1, 1
60, 1, 774, 424, 144, 93, 1, 1, 1
61, 1, 776, 424, 142, 94, 1, 1, 1
62, 1, 776, 424, 143, 92, 1, 1, 1
63, 1, 779, 425, 141, 93, 1, 1, 1
64, 1, 778, 423, 142, 93, 1, 1, 1
65, 1, 779, 423, 143, 93, 1, 1, 1
66, 1, 778, 423, 144, 93, 1, 1, 1
67, 1, 777, 423, 142, 92, 1, 1, 1
68, 1, 774, 423, 142, 93, 1, 1, 1
69, 1, 772, 423, 140, 93, 1, 1, 1
70, 1, 769, 422, 140, 93, 1, 1, 1
71, 1, 767, 421, 138, 94, 1, 1, 1
72, 1, 762, 419, 139, 95, 1, 1, 1
73, 1, 759, 419, 137, 95, 1, 1, 1
74, 1, 754, 417, 138, 98, 1, 1, 1
75, 1, 754, 417, 134, 98, 1, 1, 1
76, 1, 749, 416, 134, 97, 1, 1, 1
77, 1, 746, 417, 130, 96, 1, 1, 1
78, 1, 742, 417, 128, 96, 1, 1, 1
79, 1, 740, 416, 128, 98, 1, 1, 1
80, 1, 738, 417, 127, 97, 1, 1, 1
81, 1, 735, 418, 125, 97, 1, 1, 1
82, 1, 733, 418, 127, 95, 1, 1, 1
83, 1, 732, 418, 126, 96, 1, 1, 1
84, 1, 728, 419, 128, 97, 1, 1, 1
85, 1, 727, 420, 126, 95, 1, 1, 1
86, 1, 724, 420, 127, 96, 1, 1, 1
87, 1, 724, 419, 126, 97, 1, 1, 1
88, 1, 723, 419, 127, 95, 1, 1, 1
89, 1, 722, 418, 127, 98, 1, 1, 1
90, 1, 721, 418, 129, 95, 1, 1, 1
91, 1, 721, 419, 127, 96, 1, 1, 1
92, 1, 721, 419, 128, 96, 1, 1, 1
93, 1, 723, 419, 126, 95, 1, 1, 1
94, 1, 723, 417, 129, 94, 1, 1, 1
95, 1, 724, 418, 130, 96, 1, 1, 1
96, 1, 726, 419, 126, 94, 1, 1, 1
97, 1, 725, 419, 127, 95, 1, 1, 1
98, 1, 726, 419, 126, 96, 1, 1, 1
99, 1, 725, 420, 124, 96, 1, 1, 1
100, 1, 725, 420, 126, 96, 1, 1, 1
101, 1, 725, 421, 124, 96, 1, 1, 1
102, 1, 724, 421, 127, 96, 1, 1, 1
103, 1, 724, 421, 127, 96, 1, 1, 1
104, 1, 725, 422, 126, 96, 1, 1, 1
105, 1, 724, 422, 127, 97, 1, 1, 1
106, 1, 725, 425, 126, 96, 1, 1, 1
107, 1, 726, 426, 127, 95, 1, 1, 1
108, 1, 726, 426, 130, 97, 1, 1, 1
109, 1, 727, 427, 128, 97, 1, 1, 1
110, 1, 727, 428, 130, 97, 1, 1, 1
111, 1, 727, 429, 133, 98, 1, 1, 1
112, 1, 728, 430, 134, 98, 1, 1, 1
113, 1, 727, 433, 137, 97, 1, 1, 1
114, 1, 727, 434, 137, 98, 1, 1, 1
115, 1, 726, 436, 140, 97, 1, 1, 1
116, 1, 727, 438, 139, 94, 1, 1, 1
117, 1, 727, 439, 141, 95, 1, 1, 1
118, 1, 727, 441, 141, 95, 1, 1, 1
119, 1, 726, 442, 143, 95, 1, 1, 1
120, 1, 725, 444, 145, 96, 1, 1, 1
121, 1, 723, 445, 144, 96, 1, 1, 1
122, 1, 721, 447, 144, 96, 1, 1, 1
123, 1, 714, 449, 144, 94, 1, 1, 1
124, 1, 702, 450, 144, 95, 1, 1, 1
125, 1, 685, 451, 146, 96, 1, 1, 1
126, 1, 666, 452, 145, 95, 1, 1, 1
127, 1, 651, 454, 147, 95, 1, 1, 1
128, 1, 643, 455, 145, 95, 1, 1, 1
129, 1, 633, 456, 145, 94, 1, 1, 1
130, 1, 626, 457, 145, 95, 1, 1, 1
131, 1, 619, 459, 146, 93, 1, 1, 1
132, 1, 613, 459, 146, 93, 1, 1, 1
133, 1, 609, 460, 147, 93, 1, 1, 1
134, 1, 607, 461, 145, 93, 1, 1, 1
135, 1, 603, 461, 146, 94, 1, 1, 1
136, 1, 603, 462, 146, 92, 1, 1, 1
137, 1, 601, 461, 147, 94, 1, 1, 1
138, 1, 600, 462, 147, 94, 1, 1, 1
139, 1, 599, 462, 145, 95, 1, 1, 1
140, 1, 598, 464, 144, 94, 1, 1, 1
141, 1, 599, 464, 144, 94, 1, 1, 1
142, 1, 597, 463, 146, 94, 1, 1, 1
143, 1, 595, 463, 145, 95, 1, 1, 1
144, 1, 594, 463, 144, 94, 1, 1, 1
145, 1, 591, 463, 145, 96, 1, 1, 1
146, 1, 590, 463, 143, 97, 1, 1, 1
147, 1, 588, 464, 147, 95, 1, 1, 1
148, 1, 587, 463, 147, 97, 1, 1, 1
149, 1, 585, 463, 144, 97, 1, 1, 1
150, 1, 584, 464, 140, 96, 1, 1, 1
151, 1, 582, 464, 140, 97, 1, 1, 1
152, 1, 580, 464, 142, 96, 1, 1, 1
153, 1, 579, 466, 140, 95, 1, 1, 1
154, 1, 578, 466, 140, 96, 1, 1, 1
155, 1, 577, 465, 138, 98, 1, 1, 1
156, 1, 576, 466, 137, 96, 1, 1, 1
157, 1, 574, 466, 140, 97, 1, 1, 1
158, 1, 574, 467, 142, 96, 1, 1, 1
159, 1, 573, 466, 143, 97, 1, 1, 1
160, 1, 573, 465, 142, 97, 1, 1, 1
161, 1, 570, 464, 141, 98, 1, 1, 1
162, 1, 570, 464, 141, 97, 1, 1, 1
163, 1, 569, 464, 142, 95, 1, 1, 1
164, 1, 570, 462, 142, 97, 1, 1, 1
165, 1, 568, 462, 143, 97, 1, 1, 1
166, 1, 566, 461, 145, 97, 1, 1, 1
167, 1, 567, 461, 141, 97, 1, 1, 1
168, 1, 566, 460, 142, 96, 1, 1, 1
169, 1, 567, 459, 142, 96, 1, 1, 1
170, 1, 567, 458, 143, 95, 1, 1, 1
171, 1, 567, 457, 143, 97, 1, 1, 1
172, 1, 568, 456, 144, 96, 1, 1, 1
173, 1, 569, 456, 142, 97, 1, 1, 1
174, 1, 569, 455, 144, 97, 1, 1, 1
175, 1, 571, 454, 143, 97, 1, 1, 1
176, 1, 573, 454, 144, 95, 1, 1, 1
177, 1, 575, 452, 144, 96, 1, 1, 1
178, 1, 577, 452, 145, 95, 1, 1, 1
179, 1, 579, 451, 144, 97, 1, 1, 1
180, 1, 583, 451, 143, 96, 1, 1, 1
181, 1, 585, 451, 143, 96, 1, 1, 1
182, 1, 588, 450, 144, 97, 1, 1, 1
183, 1, 588, 450, 144, 97, 1, 1, 1
184, 1, 592, 450, 145, 98, 1, 1, 1
185, 1, 595, 450, 144, 97, 1, 1, 1
186, 1, 597, 449, 143, 97, 1, 1, 1
187, 1, 599, 450, 145, 96, 1, 1, 1
188, 1, 604, 450, 142, 97, 1, 1, 1
189, 1, 605, 449, 142, 97, 1, 1, 1
190, 1, 607, 448, 143, 98, 1, 1, 1
191, 1, 609, 448, 143, 97, 1, 1, 1
192, 1, 612, 447, 143, 96, 1, 1, 1
193, 1, 615, 448, 142, 97, 1, 1, 1
194, 1, 615, 448, 144, 96, 1, 1, 1
195, 1, 617, 449, 143, 95, 1, 1, 1
196, 1, 617, 449, 144, 95, 1, 1, 1
197, 1, 619, 448, 144, 96, 1, 1, 1
198, 1, 622, 447, 143, 96, 1, 1, 1
199, 1, 622, 447, 144, 97, 1, 1, 1
200, 1, 623, 449, 143, 93, 1, 1, 1
201, 1, 628, 448, 143, 96, 1, 1, 1
202, 1, 631, 448, 144, 95, 1, 1, 1
203, 1, 631, 448, 145, 96, 1, 1, 1
204, 1, 635, 450, 141, 95, 1, 1, 1
205, 1, 636, 449, 145, 95, 1, 1, 1
206, 1, 639, 449, 144, 95, 1, 1, 1
207, 1, 640, 448, 146, 96, 1, 1, 1
208, 1, 644, 447, 144, 96, 1, 1, 1
209, 1, 647, 447, 141, 97, 1, 1, 1
210, 1, 650, 447, 144, 95, 1, 1, 1
211, 1, 653, 446, 142, 95, 1, 1, 1
212, 1, 655, 446, 144, 94, 1, 1, 1
213, 1, 658, 445, 143, 96, 1, 1, 1
214, 1, 661, 444, 140, 96, 1, 1, 1
215, 1, 665, 443, 141, 95, 1, 1, 1
216, 1, 666, 442, 143, 95, 1, 1, 1
217, 1, 669, 442, 140, 95, 1, 1, 1
218, 1, 671, 442, 141, 94, 1, 1, 1
219, 1, 672, 440, 141, 96, 1, 1, 1
220, 1, 673, 439, 141, 95, 1, 1, 1
221, 1, 673, 438, 141, 97, 1, 1, 1
222, 1, 673, 437, 140, 96, 1, 1, 1
223, 1, 673, 437, 139, 96, 1, 1, 1
224, 1, 669, 437, 139, 95, 1, 1, 1
225, 1, 669, 437, 138, 95, 1, 1, 1
226, 1, 669, 436, 138, 95, 1, 1, 1
227, 1, 671, 436, 138, 95, 1, 1, 1
228, 1, 670, 435, 139, 95, 1, 1, 1
229, 1, 669, 436, 137, 95, 1, 1, 1
230, 1, 671, 436, 137, 96, 1, 1, 1
231, 1, 672, 436, 137, 96, 1, 1, 1
232, 1, 674, 437, 140, 95, 1, 1, 1
233, 1, 674, 436, 138, 95, 1, 1, 1
234, 1, 676, 437, 138, 94, 1, 1, 1
235, 1, 678, 437, 138, 95, 1, 1, 1
236, 1, 677, 437, 139, 96, 1, 1, 1
237, 1, 678, 438, 138, 95, 1, 1, 1
238, 1, 678, 437, 139, 94, 1, 1, 1
239, 1, 678, 437, 139, 96, 1, 1, 1
240, 1, 676, 437, 140, 95, 1, 1, 1
241, 1, 676, 437, 138, 96, 1, 1, 1
242, 1, 673, 437, 141, 96, 1, 1, 1
243, 1, 675, 439, 137, 94, 1, 1, 1
244, 1, 674, 438, 139, 96, 1, 1, 1
245, 1, 671, 438, 140, 96, 1, 1, 1
246, 1, 670, 438, 138, 94, 1, 1, 1
247, 1, 670, 437, 139, 95, 1, 1, 1
248, 1, 668, 436, 139, 94, 1, 1, 1
249, 1, 668, 436, 140, 96, 1, 1, 1
250, 1, 666, 435, 139, 95, 1, 1, 1
251, 1, 665, 436, 139, 94, 1, 1, 1
252, 1, 664, 434, 142, 96, 1, 1, 1
253, 1, 664, 434, 141, 95, 1, 1, 1
254, 1, 664, 434, 141, 94, 1, 1, 1
255, 1, 665, 435, 139, 92, 1, 1, 1
256, 1, 663, 434, 141, 94, 1, 1, 1
257, 1, 663, 433, 141, 95, 1, 1, 1
258, 1, 662, 433, 140, 93, 1, 1, 1
259, 1, 660, 433, 142, 93, 1, 1, 1
260, 1, 661, 432, 143, 94, 1, 1, 1
261, 1, 660, 433, 143, 93, 1, 1, 1
262, 1, 659, 433, 143, 95, 1, 1, 1
263, 1, 659, 433, 145, 93, 1, 1, 1
264, 1, 660, 434, 142, 92, 1, 1, 1
265, 1, 658, 433, 145, 94, 1, 1, 1
266, 1, 657, 434, 143, 95, 1, 1, 1
