59, 1, 186, 81, 1040, 775, 1, 1, 1
60, 1, 203, 72, 1004, 775, 1, 1, 1
61, 1, 289, 61, 923, 770, 1, 1, 1
62, 1, 299, 52, 936, 773, 1, 1, 1
63, 1, 317, 49, 938, 776, 1, 1, 1
64, 1, 325, 47, 955, 775, 1, 1, 1
65, 1, 320, 43, 987, 781, 1, 1, 1
66, 1, 305, 44, 1021, 774, 1, 1, 1
67, 1, 341, 46, 1004, 771, 1, 1, 1
68, 1, 378, 45, 968, 787, 1, 1, 1
59, 2, 1098, 0, 585, 725, 1, 1, 1
60, 2, 1079, 0, 587, 716, 1, 1, 1
61, 2, 1079, 0, 575, 704, 1, 1, 1
62, 2, 1096, 0, 566, 698, 1, 1, 1
63, 2, 1123, 0, 554, 699, 1, 1, 1
64, 2, 1146, 0, 550, 691, 1, 1, 1
65, 2, 1165, 0, 544, 688, 1, 1, 1
66, 2, 1171, 0, 543, 687, 1, 1, 1
67, 2, 1169, 0, 553, 692, 1, 1, 1
68, 2, 1216, 0, 534, 698, 1, 1, 1
