64, 3, 0, 395, 543, 403, 1, 1, 1
65, 3, 0, 418, 560, 390, 1, 1, 1
66, 3, 1, 410, 583, 391, 1, 1, 1
67, 3, 0, 370, 617, 432, 1, 1, 1
68, 3, 47, 424, 618, 374, 1, 1, 1
69, 3, 86, 431, 593, 366, 1, 1, 1
70, 3, 164, 444, 553, 359, 1, 1, 1
71, 3, 273, 455, 495, 331, 1, 1, 1
72, 3, 375, 456, 436, 318, 1, 1, 1
73, 3, 460, 489, 383, 285, 1, 1, 1
74, 3, 572, 497, 320, 253, 1, 1, 1
75, 3, 644, 499, 281, 223, 1, 1, 1
76, 3, 715, 506, 245, 203, 1, 1, 1
77, 3, 761, 515, 219, 181, 1, 1, 1
78, 3, 789, 515, 197, 174, 1, 1, 1
79, 3, 817, 513, 184, 160, 1, 1, 1
