1, 5, 780, 121, 175, 413, 1, 1, 1
2, 5, 813, 126, 150, 408, 1, 1, 1
3, 5, 833, 127, 144, 407, 1, 1, 1
4, 5, 849, 127, 134, 407, 1, 1, 1
5, 5, 856, 120, 131, 414, 1, 1, 1
6, 5, 851, 107, 127, 427, 1, 1, 1
7, 5, 821, 94, 128, 440, 1, 1, 1
8, 5, 784, 87, 121, 447, 1, 1, 1
9, 5, 734, 84, 110, 450, 1, 1, 1
10, 5, 695, 79, 96, 455, 1, 1, 1
11, 5, 638, 70, 102, 464, 1, 1, 1
12, 5, 579, 56, 126, 478, 1, 1, 1
13, 5, 543, 46, 159, 488, 1, 1, 1
14, 5, 514, 40, 180, 494, 1, 1, 1
15, 5, 494, 26, 199, 508, 1, 1, 1
16, 5, 473, 3, 225, 531, 1, 1, 1
17, 5, 459, 0, 261, 534, 1, 1, 1
18, 5, 435, 0, 295, 534, 1, 1, 1
19, 5, 405, 0, 304, 534, 1, 1, 1
20, 5, 359, 20, 319, 514, 1, 1, 1
21, 5, 276, 62, 368, 472, 1, 1, 1
22, 5, 204, 71, 414, 463, 1, 1, 1
23, 5, 163, 75, 455, 459, 1, 1, 1
24, 5, 166, 81, 476, 453, 1, 1, 1
25, 5, 207, 93, 454, 441, 1, 1, 1
26, 5, 223, 105, 448, 429, 1, 1, 1
27, 5, 220, 96, 463, 438, 1, 1, 1
28, 5, 228, 84, 463, 450, 1, 1, 1
29, 5, 253, 81, 451, 453, 1, 1, 1
30, 5, 244, 74, 473, 460, 1, 1, 1
31, 5, 235, 74, 485, 460, 1, 1, 1
32, 5, 221, 66, 496, 468, 1, 1, 1
33, 5, 257, 55, 449, 479, 1, 1, 1
34, 5, 261, 47, 426, 487, 1, 1, 1
35, 5, 252, 45, 419, 489, 1, 1, 1
36, 5, 293, 44, 369, 490, 1, 1, 1
37, 5, 301, 55, 359, 479, 1, 1, 1
38, 5, 302, 60, 355, 474, 1, 1, 1
39, 5, 317, 75, 340, 459, 1, 1, 1
40, 5, 333, 80, 313, 454, 1, 1, 1
