1, 2, 335, 599, 51, 61, 1, 1, 1
2, 2, 364, 602, 53, 61, 1, 1, 1
3, 2, 391, 609, 74, 61, 1, 1, 1
4, 2, 416, 615, 50, 62, 1, 1, 1
5, 2, 442, 622, 53, 63, 1, 1, 1
6, 2, 468, 627, 54, 62, 1, 1, 1
7, 2, 496, 630, 51, 63, 1, 1, 1
8, 2, 523, 632, 55, 64, 1, 1, 1
9, 2, 550, 633, 51, 64, 1, 1, 1
10, 2, 575, 636, 51, 64, 1, 1, 1
11, 2, 600, 638, 54, 65, 1, 1, 1
12, 2, 622, 641, 60, 66, 1, 1, 1
13, 2, 641, 642, 64, 66, 1, 1, 1
14, 2, 666, 643, 57, 65, 1, 1, 1
15, 2, 689, 644, 55, 65, 1, 1, 1
16, 2, 710, 646, 56, 63, 1, 1, 1
17, 2, 732, 649, 54, 62, 1, 1, 1
18, 2, 753, 640, 54, 72, 1, 1, 1
19, 2, 773, 647, 52, 63, 1, 1, 1
20, 2, 793, 646, 53, 63, 1, 1, 1
21, 2, 813, 639, 56, 68, 1, 1, 1
22, 2, 835, 641, 53, 64, 1, 1, 1
23, 2, 857, 642, 52, 63, 1, 1, 1
24, 2, 874, 643, 58, 65, 1, 1, 1
25, 2, 894, 645, 53, 63, 1, 1, 1
26, 2, 903, 644, 52, 62, 1, 1, 1
27, 2, 895, 640, 52, 64, 1, 1, 1
28, 2, 871, 641, 56, 62, 1, 1, 1
29, 2, 848, 639, 58, 64, 1, 1, 1
30, 2, 847, 643, 53, 64, 1, 1, 1
31, 2, 849, 651, 56, 63, 1, 1, 1
32, 2, 859, 656, 51, 64, 1, 1, 1
33, 2, 869, 660, 51, 62, 1, 1, 1
34, 2, 876, 655, 54, 62, 1, 1, 1
35, 2, 886, 654, 52, 61, 1, 1, 1
36, 2, 894, 656, 52, 62, 1, 1, 1
37, 2, 905, 657, 50, 62, 1, 1, 1
38, 2, 914, 658, 51, 62, 1, 1, 1
39, 2, 919, 658, 56, 61, 1, 1, 1
40, 2, 923, 658, 55, 62, 1, 1, 1
41, 2, 927, 661, 48, 61, 1, 1, 1
1, 3, 381, 603, 37, 55, 1, 1, 1
2, 3, 410, 608, 56, 53, 1, 1, 1
3, 3, 437, 611, 38, 52, 1, 1, 1
4, 3, 463, 619, 44, 55, 1, 1, 1
5, 3, 487, 626, 48, 56, 1, 1, 1
6, 3, 515, 631, 41, 56, 1, 1, 1
7, 3, 543, 634, 69, 56, 1, 1, 1
8, 3, 567, 636, 56, 56, 1, 1, 1
9, 3, 593, 638, 71, 57, 1, 1, 1
10, 3, 617, 640, 67, 57, 1, 1, 1
11, 3, 642, 642, 56, 58, 1, 1, 1
12, 3, 662, 644, 55, 58, 1, 1, 1
13, 3, 685, 646, 43, 57, 1, 1, 1
14, 3, 704, 647, 49, 58, 1, 1, 1
15, 3, 723, 650, 51, 55, 1, 1, 1
16, 3, 743, 649, 52, 57, 1, 1, 1
17, 3, 764, 651, 52, 58, 1, 1, 1
18, 3, 789, 654, 47, 56, 1, 1, 1
19, 3, 807, 652, 51, 57, 1, 1, 1
20, 3, 830, 650, 51, 56, 1, 1, 1
21, 3, 852, 647, 52, 58, 1, 1, 1
22, 3, 872, 646, 52, 57, 1, 1, 1
23, 3, 895, 646, 52, 57, 1, 1, 1
24, 3, 918, 651, 51, 54, 1, 1, 1
25, 3, 934, 650, 55, 56, 1, 1, 1
26, 3, 946, 647, 49, 57, 1, 1, 1
27, 3, 939, 645, 48, 57, 1, 1, 1
28, 3, 913, 644, 49, 57, 1, 1, 1
29, 3, 894, 643, 55, 57, 1, 1, 1
30, 3, 891, 647, 47, 56, 1, 1, 1
31, 3, 891, 655, 48, 55, 1, 1, 1
32, 3, 900, 663, 51, 56, 1, 1, 1
33, 3, 910, 665, 68, 54, 1, 1, 1
34, 3, 920, 661, 72, 53, 1, 1, 1
35, 3, 930, 660, 54, 53, 1, 1, 1
36, 3, 936, 661, 48, 55, 1, 1, 1
37, 3, 945, 664, 43, 53, 1, 1, 1
38, 3, 955, 663, 45, 55, 1, 1, 1
39, 3, 959, 663, 49, 54, 1, 1, 1
40, 3, 962, 664, 59, 53, 1, 1, 1
41, 3, 964, 665, 44, 55, 1, 1, 1
