21, 4, 1503, 562, 173, 294, 1, 1, 1
22, 4, 1303, 510, 220, 278, 1, 1, 1
23, 4, 1141, 463, 167, 275, 1, 1, 1
24, 4, 1144, 445, 149, 273, 1, 1, 1
25, 4, 1195, 464, 152, 270, 1, 1, 1
26, 4, 1240, 470, 146, 278, 1, 1, 1
27, 4, 1251, 469, 149, 271, 1, 1, 1
28, 4, 1256, 465, 156, 276, 1, 1, 1
29, 4, 1271, 462, 145, 277, 1, 1, 1
30, 4, 1265, 461, 154, 272, 1, 1, 1
31, 4, 1261, 463, 157, 271, 1, 1, 1
32, 4, 1245, 465, 173, 270, 1, 1, 1
33, 4, 1255, 469, 153, 251, 1, 1, 1
34, 4, 1234, 471, 144, 241, 1, 1, 1
21, 9, 1634, 628, 218, 237, 1, 1, 1
22, 9, 1504, 604, 216, 221, 1, 1, 1
23, 9, 1265, 538, 217, 218, 1, 1, 1
24, 9, 1266, 520, 245, 202, 1, 1, 1
25, 9, 1333, 533, 246, 214, 1, 1, 1
26, 9, 1400, 565, 246, 259, 1, 1, 1
27, 9, 1414, 554, 237, 267, 1, 1, 1
28, 9, 1422, 536, 239, 286, 1, 1, 1
29, 9, 1428, 537, 237, 281, 1, 1, 1
30, 9, 1474, 515, 189, 302, 1, 1, 1
31, 9, 1463, 515, 194, 286, 1, 1, 1
32, 9, 1450, 532, 185, 275, 1, 1, 1
33, 9, 1399, 521, 169, 291, 1, 1, 1
34, 9, 1391, 507, 169, 305, 1, 1, 1
35, 9, 1383, 512, 170, 297, 1, 1, 1
36, 9, 1428, 549, 130, 259, 1, 1, 1
37, 9, 1425, 549, 129, 262, 1, 1, 1
38, 9, 1386, 502, 163, 310, 1, 1, 1
39, 9, 1377, 503, 170, 309, 1, 1, 1
40, 9, 1377, 497, 170, 315, 1, 1, 1
41, 9, 1339, 510, 209, 309, 1, 1, 1
21, 7, 1400, 588, 186, 271, 1, 1, 1
22, 7, 1225, 547, 221, 264, 1, 1, 1
23, 7, 1053, 495, 196, 269, 1, 1, 1
24, 7, 1056, 477, 204, 276, 1, 1, 1
25, 7, 1114, 492, 225, 271, 1, 1, 1
26, 7, 1154, 498, 202, 268, 1, 1, 1
27, 7, 1166, 498, 203, 247, 1, 1, 1
28, 7, 1172, 494, 214, 248, 1, 1, 1
29, 7, 1182, 482, 196, 252, 1, 1, 1
30, 7, 1172, 483, 176, 261, 1, 1, 1
31, 7, 1156, 482, 189, 258, 1, 1, 1
32, 7, 1164, 469, 172, 262, 1, 1, 1
