107, 3, 1827, 404, 92, 101, 1, 1, 1
108, 3, 1827, 412, 99, 89, 1, 1, 1
109, 3, 1828, 414, 107, 87, 1, 1, 1
110, 3, 1834, 418, 107, 84, 1, 1, 1
111, 3, 1834, 416, 111, 86, 1, 1, 1
112, 3, 1860, 418, 91, 86, 1, 1, 1
113, 3, 1860, 418, 105, 86, 1, 1, 1
114, 3, 1867, 421, 103, 86, 1, 1, 1
115, 3, 1871, 424, 104, 85, 1, 1, 1
116, 3, 1885, 425, 89, 87, 1, 1, 1
117, 3, 1886, 425, 92, 85, 1, 1, 1
118, 3, 1887, 427, 97, 85, 1, 1, 1
119, 3, 1868, 411, 117, 102, 1, 1, 1
120, 3, 1873, 410, 114, 103, 1, 1, 1
121, 3, 1878, 410, 111, 104, 1, 1, 1
122, 3, 1877, 412, 112, 106, 1, 1, 1
123, 3, 1875, 413, 112, 111, 1, 1, 1
124, 3, 1860, 415, 119, 112, 1, 1, 1
125, 3, 1851, 418, 116, 118, 1, 1, 1
126, 3, 1837, 422, 113, 119, 1, 1, 1
127, 3, 1821, 427, 114, 115, 1, 1, 1
128, 3, 1804, 479, 131, 62, 1, 1, 1
129, 3, 1795, 481, 139, 63, 1, 1, 1
130, 3, 1796, 484, 139, 60, 1, 1, 1
131, 3, 1814, 433, 120, 114, 1, 1, 1
132, 3, 1825, 431, 104, 114, 1, 1, 1
133, 3, 1790, 429, 144, 119, 1, 1, 1
134, 3, 1829, 429, 110, 114, 1, 1, 1
135, 3, 1832, 434, 110, 112, 1, 1, 1
136, 3, 1841, 441, 108, 106, 1, 1, 1
137, 3, 1843, 443, 112, 105, 1, 1, 1
138, 3, 1853, 436, 108, 112, 1, 1, 1
139, 3, 1849, 435, 113, 116, 1, 1, 1
140, 3, 1851, 436, 113, 115, 1, 1, 1
141, 3, 1853, 435, 114, 116, 1, 1, 1
142, 3, 1851, 435, 118, 116, 1, 1, 1
143, 3, 1847, 436, 121, 108, 1, 1, 1
144, 3, 1837, 438, 135, 111, 1, 1, 1
145, 3, 1842, 439, 130, 113, 1, 1, 1
146, 3, 1835, 441, 140, 111, 1, 1, 1
147, 3, 1858, 495, 114, 56, 1, 1, 1
148, 3, 1859, 496, 107, 50, 1, 1, 1
149, 3, 1869, 495, 101, 54, 1, 1, 1
150, 3, 1871, 497, 100, 51, 1, 1, 1
151, 3, 1918, 498, 54, 57, 1, 1, 1
152, 3, 1881, 498, 89, 53, 1, 1, 1
153, 3, 1886, 506, 81, 47, 1, 1, 1
