1, 3, 205, 155, 1179, 698, 1, 1, 1
2, 3, 262, 152, 1124, 701, 1, 1, 1
3, 3, 325, 150, 1060, 699, 1, 1, 1
4, 3, 169, 148, 1219, 693, 1, 1, 1
5, 3, 169, 144, 1221, 704, 1, 1, 1
6, 3, 172, 143, 1220, 704, 1, 1, 1
7, 3, 173, 142, 1221, 698, 1, 1, 1
8, 3, 173, 143, 1223, 701, 1, 1, 1
9, 3, 176, 147, 1223, 712, 1, 1, 1
10, 3, 177, 144, 1224, 699, 1, 1, 1
11, 3, 177, 143, 1224, 706, 1, 1, 1
12, 3, 166, 137, 1242, 694, 1, 1, 1
13, 3, 171, 139, 1236, 703, 1, 1, 1
14, 3, 182, 145, 1217, 686, 1, 1, 1
15, 3, 173, 141, 1227, 689, 1, 1, 1
16, 3, 173, 142, 1205, 693, 1, 1, 1
17, 3, 177, 141, 1198, 691, 1, 1, 1
18, 3, 179, 140, 1191, 691, 1, 1, 1
19, 3, 182, 140, 1189, 690, 1, 1, 1
20, 3, 181, 139, 1212, 698, 1, 1, 1
21, 3, 184, 138, 1212, 700, 1, 1, 1
22, 3, 186, 135, 1219, 689, 1, 1, 1
23, 3, 190, 137, 1217, 698, 1, 1, 1
24, 3, 194, 140, 1215, 688, 1, 1, 1
25, 3, 196, 141, 1213, 693, 1, 1, 1
26, 3, 197, 141, 1213, 685, 1, 1, 1
27, 3, 202, 140, 1211, 691, 1, 1, 1
28, 3, 206, 141, 1208, 689, 1, 1, 1
29, 3, 214, 142, 1203, 691, 1, 1, 1
30, 3, 217, 138, 1199, 684, 1, 1, 1
31, 3, 222, 141, 1197, 706, 1, 1, 1
32, 3, 227, 137, 1194, 686, 1, 1, 1
33, 3, 234, 136, 1189, 681, 1, 1, 1
34, 3, 240, 133, 1186, 683, 1, 1, 1
35, 3, 244, 133, 1183, 666, 1, 1, 1
36, 3, 251, 136, 1179, 666, 1, 1, 1
37, 3, 255, 134, 1177, 675, 1, 1, 1
38, 3, 260, 137, 1173, 662, 1, 1, 1
39, 3, 269, 139, 1169, 664, 1, 1, 1
40, 3, 274, 141, 1164, 652, 1, 1, 1
41, 3, 281, 143, 1160, 660, 1, 1, 1
42, 3, 289, 144, 1155, 652, 1, 1, 1
43, 3, 300, 145, 1151, 657, 1, 1, 1
44, 3, 307, 144, 1146, 649, 1, 1, 1
45, 3, 315, 148, 1142, 644, 1, 1, 1
46, 3, 326, 150, 1137, 638, 1, 1, 1
47, 3, 337, 153, 1131, 626, 1, 1, 1
48, 3, 345, 153, 1126, 624, 1, 1, 1
49, 3, 352, 152, 1122, 627, 1, 1, 1
50, 3, 361, 156, 1116, 624, 1, 1, 1
51, 3, 370, 157, 1112, 612, 1, 1, 1
52, 3, 380, 162, 1106, 608, 1, 1, 1
53, 3, 386, 167, 1103, 610, 1, 1, 1
54, 3, 395, 165, 1099, 612, 1, 1, 1
55, 3, 404, 167, 1093, 604, 1, 1, 1
56, 3, 414, 171, 1088, 594, 1, 1, 1
57, 3, 423, 174, 1083, 589, 1, 1, 1
58, 3, 431, 171, 1079, 590, 1, 1, 1
59, 3, 437, 173, 1074, 582, 1, 1, 1
60, 3, 444, 168, 1070, 583, 1, 1, 1
61, 3, 454, 169, 1063, 579, 1, 1, 1
62, 3, 462, 166, 1059, 557, 1, 1, 1
63, 3, 471, 166, 1053, 551, 1, 1, 1
64, 3, 479, 162, 1051, 554, 1, 1, 1
65, 3, 489, 163, 1046, 547, 1, 1, 1
66, 3, 498, 165, 1041, 546, 1, 1, 1
67, 3, 508, 168, 1035, 554, 1, 1, 1
68, 3, 515, 171, 1031, 538, 1, 1, 1
69, 3, 523, 171, 1027, 530, 1, 1, 1
70, 3, 534, 176, 1021, 523, 1, 1, 1
71, 3, 546, 178, 1016, 533, 1, 1, 1
72, 3, 553, 174, 1012, 530, 1, 1, 1
73, 3, 560, 173, 1008, 513, 1, 1, 1
74, 3, 572, 170, 1004, 516, 1, 1, 1
75, 3, 585, 171, 999, 519, 1, 1, 1
76, 3, 595, 169, 994, 508, 1, 1, 1
77, 3, 605, 169, 990, 501, 1, 1, 1
78, 3, 616, 175, 987, 495, 1, 1, 1
79, 3, 626, 181, 983, 486, 1, 1, 1
80, 3, 635, 185, 980, 487, 1, 1, 1
81, 3, 645, 187, 976, 486, 1, 1, 1
82, 3, 655, 187, 969, 481, 1, 1, 1
83, 3, 664, 188, 967, 479, 1, 1, 1
84, 3, 675, 186, 961, 472, 1, 1, 1
85, 3, 683, 187, 960, 457, 1, 1, 1
86, 3, 691, 184, 958, 467, 1, 1, 1
87, 3, 703, 188, 954, 456, 1, 1, 1
88, 3, 713, 191, 950, 452, 1, 1, 1
89, 3, 720, 192, 948, 447, 1, 1, 1
90, 3, 729, 194, 945, 443, 1, 1, 1
91, 3, 736, 197, 942, 430, 1, 1, 1
92, 3, 744, 199, 938, 425, 1, 1, 1
93, 3, 754, 198, 935, 419, 1, 1, 1
94, 3, 760, 197, 936, 420, 1, 1, 1
95, 3, 770, 198, 933, 424, 1, 1, 1
96, 3, 777, 198, 931, 413, 1, 1, 1
97, 3, 785, 201, 928, 409, 1, 1, 1
98, 3, 794, 202, 923, 411, 1, 1, 1
99, 3, 804, 204, 922, 398, 1, 1, 1
100, 3, 813, 201, 919, 398, 1, 1, 1
101, 3, 820, 201, 919, 394, 1, 1, 1
102, 3, 828, 205, 910, 388, 1, 1, 1
103, 3, 839, 208, 907, 387, 1, 1, 1
104, 3, 846, 211, 907, 380, 1, 1, 1
105, 3, 854, 215, 906, 384, 1, 1, 1
106, 3, 861, 217, 900, 366, 1, 1, 1
107, 3, 868, 216, 897, 374, 1, 1, 1
108, 3, 874, 222, 886, 365, 1, 1, 1
109, 3, 881, 225, 875, 363, 1, 1, 1
110, 3, 889, 224, 865, 372, 1, 1, 1
111, 3, 898, 226, 859, 360, 1, 1, 1
112, 3, 905, 225, 856, 364, 1, 1, 1
113, 3, 912, 227, 853, 362, 1, 1, 1
114, 3, 920, 229, 846, 354, 1, 1, 1
115, 3, 927, 229, 840, 345, 1, 1, 1
116, 3, 934, 234, 837, 345, 1, 1, 1
117, 3, 939, 232, 835, 342, 1, 1, 1
118, 3, 944, 232, 827, 340, 1, 1, 1
119, 3, 953, 232, 821, 339, 1, 1, 1
120, 3, 958, 231, 823, 334, 1, 1, 1
121, 3, 964, 234, 815, 324, 1, 1, 1
122, 3, 973, 232, 823, 325, 1, 1, 1
123, 3, 976, 239, 837, 320, 1, 1, 1
124, 3, 977, 241, 835, 314, 1, 1, 1
125, 3, 976, 241, 904, 316, 1, 1, 1
126, 3, 981, 240, 903, 312, 1, 1, 1
127, 3, 988, 241, 904, 307, 1, 1, 1
128, 3, 985, 245, 900, 305, 1, 1, 1
129, 3, 984, 248, 899, 307, 1, 1, 1
130, 3, 988, 245, 898, 301, 1, 1, 1
131, 3, 990, 246, 897, 300, 1, 1, 1
132, 3, 982, 251, 893, 296, 1, 1, 1
133, 3, 974, 258, 889, 294, 1, 1, 1
134, 3, 971, 259, 888, 294, 1, 1, 1
135, 3, 966, 263, 885, 289, 1, 1, 1
136, 3, 969, 265, 883, 288, 1, 1, 1
137, 3, 968, 278, 880, 286, 1, 1, 1
138, 3, 972, 280, 882, 285, 1, 1, 1
139, 3, 973, 281, 880, 284, 1, 1, 1
140, 3, 976, 284, 878, 281, 1, 1, 1
141, 3, 979, 282, 878, 283, 1, 1, 1
142, 3, 982, 284, 877, 279, 1, 1, 1
143, 3, 985, 277, 876, 278, 1, 1, 1
