33, 8, 1887, 896, 33, 89, 1, 1, 1
34, 8, 1822, 827, 98, 179, 1, 1, 1
35, 8, 1777, 783, 143, 224, 1, 1, 1
36, 8, 1729, 749, 191, 263, 1, 1, 1
37, 8, 1672, 705, 248, 254, 1, 1, 1
38, 8, 1633, 667, 287, 261, 1, 1, 1
39, 8, 1608, 635, 312, 265, 1, 1, 1
40, 8, 1583, 608, 337, 257, 1, 1, 1
41, 8, 1552, 574, 368, 255, 1, 1, 1
42, 8, 1533, 540, 387, 261, 1, 1, 1
43, 8, 1531, 512, 389, 268, 1, 1, 1
44, 8, 1530, 482, 390, 258, 1, 1, 1
45, 8, 1551, 459, 369, 257, 1, 1, 1
46, 8, 1577, 430, 343, 265, 1, 1, 1
47, 8, 1594, 400, 326, 288, 1, 1, 1
48, 8, 1629, 367, 291, 251, 1, 1, 1
