1, 1, 146, 835, 1388, 1526, 1, 1, 1
2, 1, 221, 837, 1338, 1514, 1, 1, 1
3, 1, 248, 848, 1341, 1514, 1, 1, 1
4, 1, 228, 883, 1399, 1482, 1, 1, 1
5, 1, 249, 899, 1400, 1446, 1, 1, 1
6, 1, 204, 908, 1459, 1438, 1, 1, 1
7, 1, 179, 899, 1493, 1466, 1, 1, 1
8, 1, 99, 896, 1594, 1475, 1, 1, 1
9, 1, 85, 873, 1642, 1486, 1, 1, 1
10, 1, 69, 837, 1699, 1516, 1, 1, 1
11, 1, 80, 799, 1719, 1559, 1, 1, 1
12, 1, 51, 762, 1745, 1588, 1, 1, 1
13, 1, 71, 732, 1704, 1627, 1, 1, 1
14, 1, 41, 746, 1698, 1673, 1, 1, 1
15, 1, 22, 761, 1722, 1694, 1, 1, 1
16, 1, 35, 803, 1740, 1735, 1, 1, 1
17, 1, 0, 890, 1826, 1622, 1, 1, 1
18, 1, 168, 885, 1692, 1632, 1, 1, 1
19, 1, 150, 904, 1740, 1670, 1, 1, 1
20, 1, 162, 913, 1751, 1684, 1, 1, 1
21, 1, 136, 885, 1793, 1721, 1, 1, 1
22, 1, 87, 826, 1863, 1774, 1, 1, 1
23, 1, 37, 913, 1927, 1710, 1, 1, 1
24, 1, 22, 890, 1937, 1735, 1, 1, 1
25, 1, 13, 864, 1943, 1763, 1, 1, 1
26, 1, 36, 852, 1900, 1794, 1, 1, 1
27, 1, 30, 819, 1900, 1786, 1, 1, 1
28, 1, 27, 813, 1907, 1858, 1, 1, 1
29, 1, 29, 812, 1950, 1926, 1, 1, 1
30, 1, 178, 855, 1835, 1897, 1, 1, 1
31, 1, 168, 921, 1788, 1825, 1, 1, 1
32, 1, 132, 912, 1826, 1861, 1, 1, 1
33, 1, 163, 940, 1787, 1850, 1, 1, 1
34, 1, 160, 900, 1804, 1839, 1, 1, 1
35, 1, 199, 891, 1760, 1835, 1, 1, 1
36, 1, 102, 904, 1860, 1801, 1, 1, 1
37, 1, 169, 839, 1781, 1882, 1, 1, 1
38, 1, 150, 745, 1756, 1966, 1, 1, 1
39, 1, 22, 688, 1862, 1993, 1, 1, 1
40, 1, 20, 633, 1877, 1989, 1, 1, 1
41, 1, 1, 576, 1919, 1948, 1, 1, 1
42, 1, 1, 487, 2025, 2152, 1, 1, 1
43, 1, 19, 544, 2048, 2119, 1, 1, 1
44, 1, 34, 544, 1866, 2072, 1, 1, 1
45, 1, 34, 517, 1859, 2072, 1, 1, 1
46, 1, 0, 484, 1891, 2050, 1, 1, 1
47, 1, 1, 420, 1953, 2027, 1, 1, 1
48, 1, 29, 371, 1959, 2027, 1, 1, 1
49, 1, 8, 296, 2013, 2031, 1, 1, 1
50, 1, 2, 221, 1998, 2076, 1, 1, 1
51, 1, 0, 188, 1961, 2103, 1, 1, 1
52, 1, 1, 155, 1938, 2027, 1, 1, 1
53, 1, 7, 129, 1912, 2130, 1, 1, 1
54, 1, 0, 40, 1906, 2124, 1, 1, 1
55, 1, 0, 0, 1963, 2305, 1, 1, 1
56, 1, 0, 39, 2000, 2258, 1, 1, 1
57, 1, 0, 112, 1954, 2164, 1, 1, 1
58, 1, 0, 149, 2005, 2126, 1, 1, 1
59, 1, 1, 197, 2053, 2121, 1, 1, 1
60, 1, 0, 246, 2075, 2107, 1, 1, 1
