2, 2, 171, 78, 379, 411, 1, 1, 1
3, 2, 162, 59, 434, 425, 1, 1, 1
4, 2, 159, 45, 465, 440, 1, 1, 1
5, 2, 175, 48, 356, 377, 1, 1, 1
6, 2, 173, 67, 324, 341, 1, 1, 1
7, 2, 168, 83, 347, 325, 1, 1, 1
8, 2, 182, 75, 366, 358, 1, 1, 1
9, 2, 209, 89, 383, 348, 1, 1, 1
10, 2, 255, 91, 381, 340, 1, 1, 1
11, 2, 266, 45, 341, 366, 1, 1, 1
12, 2, 232, 52, 309, 361, 1, 1, 1
13, 2, 228, 45, 311, 348, 1, 1, 1
14, 2, 283, 48, 293, 350, 1, 1, 1
15, 2, 305, 69, 266, 358, 1, 1, 1
16, 2, 302, 80, 220, 344, 1, 1, 1
17, 2, 333, 94, 192, 346, 1, 1, 1
18, 2, 350, 101, 240, 343, 1, 1, 1
19, 2, 335, 104, 270, 374, 1, 1, 1
20, 2, 334, 108, 243, 376, 1, 1, 1
21, 2, 337, 107, 252, 381, 1, 1, 1
22, 2, 350, 110, 258, 357, 1, 1, 1
23, 2, 356, 118, 274, 355, 1, 1, 1
24, 2, 383, 120, 290, 376, 1, 1, 1
25, 2, 419, 119, 277, 380, 1, 1, 1
26, 2, 429, 135, 285, 358, 1, 1, 1
27, 2, 436, 186, 281, 321, 1, 1, 1
28, 2, 444, 218, 265, 286, 1, 1, 1
