6, 3, 478, 247, 202, 203, 1, 1, 1
7, 3, 470, 243, 239, 207, 1, 1, 1
8, 3, 465, 232, 257, 198, 1, 1, 1
9, 3, 462, 220, 266, 201, 1, 1, 1
10, 3, 456, 208, 285, 206, 1, 1, 1
11, 3, 446, 200, 298, 192, 1, 1, 1
12, 3, 437, 191, 316, 187, 1, 1, 1
13, 3, 440, 177, 328, 192, 1, 1, 1
14, 3, 440, 175, 342, 189, 1, 1, 1
15, 3, 453, 172, 318, 184, 1, 1, 1
16, 3, 461, 167, 288, 187, 1, 1, 1
17, 3, 471, 166, 266, 187, 1, 1, 1
18, 3, 478, 161, 253, 192, 1, 1, 1
19, 3, 486, 160, 193, 184, 1, 1, 1
20, 3, 496, 159, 192, 180, 1, 1, 1
21, 3, 507, 156, 147, 188, 1, 1, 1
22, 3, 520, 159, 109, 184, 1, 1, 1
23, 3, 524, 173, 111, 186, 1, 1, 1
24, 3, 534, 175, 103, 192, 1, 1, 1
25, 3, 528, 190, 125, 189, 1, 1, 1
