6, 1, 0, 80, 53, 129, 1, 1, 1
7, 1, 0, 47, 92, 165, 1, 1, 1
8, 1, 0, 7, 107, 167, 1, 1, 1
9, 1, 0, 0, 129, 150, 1, 1, 1
10, 1, 0, 0, 153, 281, 1, 1, 1
11, 1, 0, 0, 235, 368, 1, 1, 1
12, 1, 0, 21, 286, 347, 1, 1, 1
13, 1, 0, 20, 320, 348, 1, 1, 1
14, 1, 0, 0, 337, 366, 1, 1, 1
15, 1, 0, 0, 358, 368, 1, 1, 1
16, 1, 0, 0, 393, 368, 1, 1, 1
17, 1, 0, 0, 433, 368, 1, 1, 1
18, 1, 0, 17, 477, 351, 1, 1, 1
19, 1, 0, 26, 488, 342, 1, 1, 1
20, 1, 0, 17, 507, 351, 1, 1, 1
21, 1, 0, 0, 512, 368, 1, 1, 1
22, 1, 0, 2, 531, 366, 1, 1, 1
23, 1, 0, 0, 559, 368, 1, 1, 1
24, 1, 0, 10, 585, 358, 1, 1, 1
25, 1, 71, 12, 526, 356, 1, 1, 1
26, 1, 86, 0, 510, 368, 1, 1, 1
27, 1, 123, 0, 470, 368, 1, 1, 1
28, 1, 140, 0, 467, 368, 1, 1, 1
29, 1, 127, 0, 497, 368, 1, 1, 1
30, 1, 92, 5, 543, 363, 1, 1, 1
31, 1, 161, 11, 474, 357, 1, 1, 1
17, 9, 0, 16, 64, 105, 1, 1, 1
18, 9, 0, 0, 81, 105, 1, 1, 1
19, 9, 0, 0, 87, 97, 1, 1, 1
20, 9, 0, 0, 118, 105, 1, 1, 1
21, 9, 0, 0, 193, 342, 1, 1, 1
22, 9, 0, 0, 241, 368, 1, 1, 1
23, 9, 0, 0, 257, 292, 1, 1, 1
24, 9, 0, 0, 264, 289, 1, 1, 1
25, 9, 0, 0, 275, 368, 1, 1, 1
26, 9, 0, 0, 295, 367, 1, 1, 1
27, 9, 0, 0, 325, 368, 1, 1, 1
28, 9, 0, 0, 360, 368, 1, 1, 1
29, 9, 0, 0, 377, 368, 1, 1, 1
30, 9, 0, 0, 381, 367, 1, 1, 1
31, 9, 0, 0, 388, 368, 1, 1, 1
32, 9, 0, 0, 403, 368, 1, 1, 1
33, 9, 0, 0, 424, 368, 1, 1, 1
34, 9, 0, 0, 443, 368, 1, 1, 1
35, 9, 0, 0, 442, 368, 1, 1, 1
36, 9, 0, 0, 433, 368, 1, 1, 1
37, 9, 0, 0, 426, 368, 1, 1, 1
38, 9, 0, 0, 422, 368, 1, 1, 1
39, 9, 0, 0, 428, 368, 1, 1, 1
40, 9, 0, 6, 434, 362, 1, 1, 1
41, 9, 0, 5, 425, 363, 1, 1, 1
42, 9, 0, 1, 410, 367, 1, 1, 1
43, 9, 0, 0, 401, 368, 1, 1, 1
44, 9, 0, 7, 393, 360, 1, 1, 1
