9, 3, 447, 167, 210, 287, 1, 1, 1
10, 3, 431, 164, 247, 291, 1, 1, 1
11, 3, 423, 164, 250, 292, 1, 1, 1
12, 3, 414, 163, 262, 231, 1, 1, 1
13, 3, 405, 163, 249, 236, 1, 1, 1
14, 3, 396, 163, 309, 238, 1, 1, 1
15, 3, 427, 166, 328, 240, 1, 1, 1
16, 3, 451, 170, 310, 240, 1, 1, 1
17, 3, 479, 174, 293, 232, 1, 1, 1
18, 3, 531, 177, 259, 238, 1, 1, 1
19, 3, 603, 185, 205, 232, 1, 1, 1
20, 3, 505, 184, 313, 202, 1, 1, 1
21, 3, 644, 191, 188, 212, 1, 1, 1
22, 3, 657, 192, 188, 209, 1, 1, 1
23, 3, 675, 193, 174, 217, 1, 1, 1
24, 3, 690, 199, 165, 217, 1, 1, 1
25, 3, 719, 196, 140, 203, 1, 1, 1
26, 3, 738, 192, 136, 206, 1, 1, 1
27, 3, 752, 190, 125, 210, 1, 1, 1
28, 3, 761, 193, 115, 206, 1, 1, 1
29, 3, 760, 198, 110, 196, 1, 1, 1
30, 3, 757, 203, 115, 198, 1, 1, 1
31, 3, 751, 201, 132, 198, 1, 1, 1
32, 3, 745, 200, 148, 199, 1, 1, 1
33, 3, 725, 198, 167, 193, 1, 1, 1
