4, 3, 864, 366, 363, 258, 1, 1, 1
5, 3, 904, 380, 344, 242, 1, 1, 1
6, 3, 934, 378, 327, 241, 1, 1, 1
7, 3, 944, 369, 306, 242, 1, 1, 1
8, 3, 951, 372, 282, 233, 1, 1, 1
9, 3, 968, 370, 266, 228, 1, 1, 1
10, 3, 991, 375, 251, 222, 1, 1, 1
11, 3, 1026, 382, 237, 211, 1, 1, 1
12, 3, 1070, 385, 224, 208, 1, 1, 1
13, 3, 1110, 393, 215, 199, 1, 1, 1
14, 3, 1139, 398, 200, 193, 1, 1, 1
15, 3, 1169, 400, 190, 186, 1, 1, 1
16, 3, 1188, 402, 177, 181, 1, 1, 1
17, 3, 1203, 402, 166, 175, 1, 1, 1
18, 3, 1210, 402, 159, 169, 1, 1, 1
19, 3, 1216, 409, 152, 162, 1, 1, 1
20, 3, 1224, 410, 142, 161, 1, 1, 1
21, 3, 1241, 406, 138, 156, 1, 1, 1
22, 3, 1274, 406, 116, 151, 1, 1, 1
23, 3, 1289, 402, 108, 150, 1, 1, 1
24, 3, 1278, 409, 121, 141, 1, 1, 1
25, 3, 1271, 414, 120, 136, 1, 1, 1
26, 3, 1266, 413, 116, 136, 1, 1, 1
27, 3, 1270, 419, 113, 127, 1, 1, 1
28, 3, 1278, 414, 112, 132, 1, 1, 1
29, 3, 1291, 412, 108, 128, 1, 1, 1
30, 3, 1302, 413, 109, 125, 1, 1, 1
31, 3, 1324, 413, 90, 119, 1, 1, 1
32, 3, 1328, 410, 86, 116, 1, 1, 1
33, 3, 1325, 414, 85, 118, 1, 1, 1
34, 3, 1331, 417, 84, 115, 1, 1, 1
35, 3, 1340, 415, 81, 115, 1, 1, 1
36, 3, 1348, 418, 78, 110, 1, 1, 1
37, 3, 1361, 413, 75, 112, 1, 1, 1
38, 3, 1367, 419, 76, 106, 1, 1, 1
39, 3, 1372, 423, 75, 101, 1, 1, 1
40, 3, 1366, 423, 87, 102, 1, 1, 1
41, 3, 1371, 424, 84, 100, 1, 1, 1
42, 3, 1369, 425, 76, 97, 1, 1, 1
43, 3, 1367, 421, 74, 98, 1, 1, 1
44, 3, 1367, 421, 71, 98, 1, 1, 1
45, 3, 1372, 423, 67, 95, 1, 1, 1
46, 3, 1380, 422, 66, 93, 1, 1, 1
47, 3, 1389, 423, 63, 90, 1, 1, 1
48, 3, 1390, 453, 45, 60, 1, 1, 1
49, 3, 1379, 431, 59, 87, 1, 1, 1
50, 3, 1377, 428, 59, 87, 1, 1, 1
51, 3, 1379, 433, 55, 84, 1, 1, 1
52, 3, 1382, 457, 46, 58, 1, 1, 1
53, 3, 1382, 458, 37, 55, 1, 1, 1
54, 3, 1377, 464, 27, 50, 1, 1, 1
55, 3, 1371, 471, 17, 47, 1, 1, 1
56, 3, 1402, 438, 18, 8, 1, 1, 1
57, 3, 1392, 436, 20, 71, 1, 1, 1
58, 3, 1377, 437, 27, 71, 1, 1, 1
59, 3, 1358, 431, 39, 72, 1, 1, 1
60, 3, 1350, 431, 43, 73, 1, 1, 1
61, 3, 1345, 432, 44, 72, 1, 1, 1
