1, 4, 1136, 544, 71, 215, 1, 1, 1
2, 4, 1132, 551, 69, 206, 1, 1, 1
3, 4, 1128, 566, 68, 191, 1, 1, 1
4, 4, 1124, 584, 66, 172, 1, 1, 1
5, 4, 1121, 592, 57, 156, 1, 1, 1
6, 4, 1118, 599, 58, 148, 1, 1, 1
7, 4, 1115, 603, 57, 143, 1, 1, 1
8, 4, 1111, 603, 55, 142, 1, 1, 1
9, 4, 1110, 614, 54, 131, 1, 1, 1
10, 4, 1028, 557, 135, 186, 1, 1, 1
11, 4, 1032, 559, 127, 182, 1, 1, 1
12, 4, 1007, 558, 145, 182, 1, 1, 1
13, 4, 996, 560, 150, 177, 1, 1, 1
14, 4, 983, 564, 138, 173, 1, 1, 1
15, 4, 974, 563, 138, 173, 1, 1, 1
16, 4, 967, 566, 142, 168, 1, 1, 1
17, 4, 960, 562, 83, 184, 1, 1, 1
18, 4, 952, 564, 90, 167, 1, 1, 1
19, 4, 943, 561, 99, 183, 1, 1, 1
20, 4, 929, 563, 113, 169, 1, 1, 1
21, 4, 922, 574, 119, 171, 1, 1, 1
22, 4, 929, 576, 112, 156, 1, 1, 1
23, 4, 904, 566, 132, 172, 1, 1, 1
24, 4, 892, 561, 142, 178, 1, 1, 1
25, 4, 883, 559, 138, 179, 1, 1, 1
26, 4, 877, 560, 137, 176, 1, 1, 1
27, 4, 871, 560, 143, 176, 1, 1, 1
28, 4, 864, 560, 148, 176, 1, 1, 1
29, 4, 861, 556, 139, 181, 1, 1, 1
30, 4, 856, 555, 141, 181, 1, 1, 1
31, 4, 852, 551, 124, 185, 1, 1, 1
32, 4, 847, 553, 112, 181, 1, 1, 1
33, 4, 844, 555, 131, 179, 1, 1, 1
34, 4, 840, 553, 124, 180, 1, 1, 1
35, 4, 836, 552, 127, 178, 1, 1, 1
36, 4, 834, 549, 125, 181, 1, 1, 1
37, 4, 831, 549, 107, 180, 1, 1, 1
38, 4, 833, 550, 100, 179, 1, 1, 1
39, 4, 828, 560, 91, 159, 1, 1, 1
40, 4, 829, 563, 88, 162, 1, 1, 1
41, 4, 825, 548, 91, 193, 1, 1, 1
42, 4, 824, 548, 105, 178, 1, 1, 1
43, 4, 823, 549, 77, 179, 1, 1, 1
44, 4, 818, 550, 78, 176, 1, 1, 1
45, 4, 814, 554, 81, 172, 1, 1, 1
46, 4, 813, 555, 76, 171, 1, 1, 1
47, 4, 806, 553, 80, 174, 1, 1, 1
48, 4, 797, 554, 82, 172, 1, 1, 1
49, 4, 790, 555, 63, 171, 1, 1, 1
50, 4, 783, 559, 71, 162, 1, 1, 1
51, 4, 777, 560, 73, 168, 1, 1, 1
52, 4, 770, 560, 84, 169, 1, 1, 1
53, 4, 760, 559, 81, 170, 1, 1, 1
54, 4, 754, 558, 89, 171, 1, 1, 1
55, 4, 745, 557, 99, 171, 1, 1, 1
56, 4, 737, 561, 103, 168, 1, 1, 1
57, 4, 729, 560, 113, 169, 1, 1, 1
58, 4, 721, 559, 118, 171, 1, 1, 1
59, 4, 709, 562, 127, 170, 1, 1, 1
60, 4, 701, 563, 132, 171, 1, 1, 1
32, 2, 953, 485, 64, 256, 1, 1, 1
33, 2, 957, 488, 58, 253, 1, 1, 1
34, 2, 959, 488, 57, 250, 1, 1, 1
35, 2, 959, 491, 57, 248, 1, 1, 1
36, 2, 962, 493, 56, 244, 1, 1, 1
37, 2, 962, 494, 59, 241, 1, 1, 1
38, 2, 966, 494, 57, 240, 1, 1, 1
39, 2, 967, 495, 56, 237, 1, 1, 1
40, 2, 965, 496, 59, 234, 1, 1, 1
41, 2, 964, 498, 82, 230, 1, 1, 1
42, 2, 958, 501, 64, 226, 1, 1, 1
43, 2, 957, 503, 67, 224, 1, 1, 1
44, 2, 952, 503, 67, 223, 1, 1, 1
45, 2, 945, 503, 52, 223, 1, 1, 1
46, 2, 938, 502, 73, 225, 1, 1, 1
47, 2, 928, 502, 65, 223, 1, 1, 1
48, 2, 921, 503, 71, 222, 1, 1, 1
49, 2, 912, 505, 80, 222, 1, 1, 1
50, 2, 905, 507, 78, 219, 1, 1, 1
51, 2, 898, 510, 80, 216, 1, 1, 1
52, 2, 891, 512, 79, 215, 1, 1, 1
53, 2, 887, 512, 89, 214, 1, 1, 1
54, 2, 883, 511, 87, 217, 1, 1, 1
55, 2, 878, 511, 94, 218, 1, 1, 1
56, 2, 872, 514, 96, 214, 1, 1, 1
57, 2, 870, 518, 94, 210, 1, 1, 1
58, 2, 865, 522, 97, 204, 1, 1, 1
59, 2, 858, 524, 105, 207, 1, 1, 1
60, 2, 856, 526, 76, 205, 1, 1, 1
61, 2, 850, 524, 112, 210, 1, 1, 1
62, 2, 844, 524, 83, 210, 1, 1, 1
63, 2, 835, 526, 109, 210, 1, 1, 1
64, 2, 832, 534, 93, 201, 1, 1, 1
65, 2, 816, 534, 110, 202, 1, 1, 1
66, 2, 815, 538, 108, 200, 1, 1, 1
67, 2, 814, 535, 107, 203, 1, 1, 1
68, 2, 812, 533, 105, 204, 1, 1, 1
69, 2, 807, 539, 108, 201, 1, 1, 1
70, 2, 802, 541, 109, 199, 1, 1, 1
71, 2, 798, 537, 111, 205, 1, 1, 1
72, 2, 794, 543, 113, 196, 1, 1, 1
73, 2, 786, 543, 118, 198, 1, 1, 1
74, 2, 782, 548, 118, 192, 1, 1, 1
75, 2, 775, 547, 130, 194, 1, 1, 1
76, 2, 770, 549, 133, 194, 1, 1, 1
77, 2, 763, 542, 125, 199, 1, 1, 1
