1, 1, 461, 302, 211, 391, 1, 1, 1
2, 1, 471, 294, 263, 378, 1, 1, 1
3, 1, 475, 295, 312, 341, 1, 1, 1
4, 1, 520, 302, 275, 297, 1, 1, 1
5, 1, 570, 300, 224, 229, 1, 1, 1
6, 1, 667, 297, 133, 281, 1, 1, 1
7, 1, 681, 288, 155, 262, 1, 1, 1
8, 1, 714, 262, 207, 279, 1, 1, 1
9, 1, 748, 242, 231, 289, 1, 1, 1
10, 1, 771, 245, 222, 287, 1, 1, 1
11, 1, 795, 255, 225, 293, 1, 1, 1
12, 1, 815, 264, 202, 301, 1, 1, 1
13, 1, 829, 270, 178, 276, 1, 1, 1
14, 1, 841, 255, 163, 246, 1, 1, 1
15, 1, 843, 234, 153, 245, 1, 1, 1
16, 1, 807, 228, 184, 261, 1, 1, 1
17, 1, 787, 237, 169, 276, 1, 1, 1
18, 1, 775, 251, 167, 288, 1, 1, 1
19, 1, 748, 255, 184, 295, 1, 1, 1
20, 1, 710, 245, 196, 305, 1, 1, 1
21, 1, 683, 214, 185, 305, 1, 1, 1
22, 1, 654, 174, 173, 300, 1, 1, 1
23, 1, 638, 137, 160, 307, 1, 1, 1
24, 1, 639, 130, 148, 315, 1, 1, 1
25, 1, 647, 150, 138, 315, 1, 1, 1
26, 1, 663, 155, 123, 328, 1, 1, 1
27, 1, 660, 131, 135, 370, 1, 1, 1
28, 1, 688, 126, 135, 360, 1, 1, 1
29, 1, 686, 101, 161, 368, 1, 1, 1
30, 1, 695, 106, 165, 327, 1, 1, 1
31, 1, 713, 136, 167, 286, 1, 1, 1
32, 1, 759, 144, 134, 267, 1, 1, 1
33, 1, 829, 145, 108, 299, 1, 1, 1
34, 1, 846, 131, 132, 326, 1, 1, 1
35, 1, 863, 176, 150, 277, 1, 1, 1
36, 1, 881, 194, 173, 286, 1, 1, 1
37, 1, 900, 216, 172, 299, 1, 1, 1
38, 1, 922, 234, 170, 284, 1, 1, 1
39, 1, 915, 243, 178, 247, 1, 1, 1
40, 1, 907, 196, 163, 266, 1, 1, 1
41, 1, 875, 205, 160, 256, 1, 1, 1
42, 1, 853, 227, 148, 239, 1, 1, 1
43, 1, 828, 243, 150, 246, 1, 1, 1
44, 1, 765, 253, 202, 259, 1, 1, 1
45, 1, 700, 256, 216, 281, 1, 1, 1
46, 1, 646, 232, 196, 312, 1, 1, 1
47, 1, 617, 215, 168, 310, 1, 1, 1
48, 1, 551, 246, 181, 256, 1, 1, 1
1, 2, 522, 447, 206, 256, 1, 1, 1
2, 2, 505, 453, 210, 247, 1, 1, 1
3, 2, 488, 436, 226, 237, 1, 1, 1
4, 2, 481, 412, 234, 227, 1, 1, 1
5, 2, 495, 384, 226, 217, 1, 1, 1
6, 2, 505, 359, 215, 212, 1, 1, 1
7, 2, 513, 354, 193, 198, 1, 1, 1
8, 2, 533, 353, 181, 208, 1, 1, 1
9, 2, 532, 345, 202, 207, 1, 1, 1
10, 2, 504, 324, 238, 217, 1, 1, 1
11, 2, 516, 295, 237, 217, 1, 1, 1
12, 2, 543, 271, 227, 228, 1, 1, 1
13, 2, 579, 269, 201, 233, 1, 1, 1
14, 2, 623, 281, 150, 171, 1, 1, 1
15, 2, 639, 296, 136, 146, 1, 1, 1
16, 2, 659, 299, 171, 176, 1, 1, 1
17, 2, 687, 285, 161, 227, 1, 1, 1
18, 2, 717, 271, 120, 200, 1, 1, 1
19, 2, 748, 268, 194, 284, 1, 1, 1
20, 2, 775, 287, 159, 266, 1, 1, 1
21, 2, 820, 306, 128, 241, 1, 1, 1
22, 2, 799, 319, 164, 205, 1, 1, 1
23, 2, 815, 311, 170, 186, 1, 1, 1
24, 2, 817, 295, 196, 187, 1, 1, 1
25, 2, 812, 284, 211, 204, 1, 1, 1
26, 2, 794, 288, 235, 227, 1, 1, 1
27, 2, 777, 305, 220, 236, 1, 1, 1
28, 2, 762, 318, 221, 228, 1, 1, 1
29, 2, 755, 310, 210, 219, 1, 1, 1
30, 2, 754, 289, 190, 208, 1, 1, 1
31, 2, 731, 268, 190, 197, 1, 1, 1
32, 2, 709, 259, 182, 190, 1, 1, 1
33, 2, 691, 266, 175, 189, 1, 1, 1
34, 2, 687, 278, 162, 197, 1, 1, 1
35, 2, 658, 280, 199, 201, 1, 1, 1
36, 2, 639, 267, 221, 206, 1, 1, 1
37, 2, 644, 245, 217, 210, 1, 1, 1
38, 2, 669, 233, 197, 228, 1, 1, 1
39, 2, 701, 240, 175, 208, 1, 1, 1
40, 2, 726, 258, 133, 156, 1, 1, 1
41, 2, 739, 273, 122, 155, 1, 1, 1
42, 2, 763, 270, 118, 192, 1, 1, 1
43, 2, 787, 258, 163, 232, 1, 1, 1
44, 2, 810, 258, 171, 259, 1, 1, 1
45, 2, 854, 288, 114, 260, 1, 1, 1
46, 2, 791, 329, 175, 255, 1, 1, 1
47, 2, 768, 361, 205, 233, 1, 1, 1
48, 2, 750, 389, 195, 202, 1, 1, 1
