14, 2, 92, 651, 258, 256, 1, 1, 1
15, 2, 100, 645, 257, 262, 1, 1, 1
16, 2, 102, 660, 259, 245, 1, 1, 1
17, 2, 103, 662, 257, 243, 1, 1, 1
18, 2, 103, 666, 259, 239, 1, 1, 1
19, 2, 101, 667, 266, 236, 1, 1, 1
20, 2, 101, 667, 275, 236, 1, 1, 1
21, 2, 96, 679, 279, 224, 1, 1, 1
22, 2, 94, 692, 270, 209, 1, 1, 1
23, 2, 74, 700, 291, 201, 1, 1, 1
24, 2, 85, 706, 318, 193, 1, 1, 1
25, 2, 90, 704, 320, 195, 1, 1, 1
26, 2, 96, 699, 318, 199, 1, 1, 1
27, 2, 103, 688, 294, 208, 1, 1, 1
28, 2, 107, 680, 306, 214, 1, 1, 1
29, 2, 116, 682, 297, 222, 1, 1, 1
30, 2, 126, 688, 290, 220, 1, 1, 1
31, 2, 138, 697, 277, 210, 1, 1, 1
32, 2, 145, 703, 283, 201, 1, 1, 1
33, 2, 149, 702, 286, 196, 1, 1, 1
34, 2, 150, 702, 289, 195, 1, 1, 1
35, 2, 149, 705, 287, 189, 1, 1, 1
36, 2, 145, 699, 291, 194, 1, 1, 1
37, 2, 144, 698, 290, 200, 1, 1, 1
38, 2, 147, 697, 283, 189, 1, 1, 1
39, 2, 148, 691, 280, 211, 1, 1, 1
