1, 1, 372, 174, 296, 116, 1, 1, 1
2, 1, 370, 198, 302, 114, 1, 1, 1
3, 1, 368, 214, 310, 110, 1, 1, 1
4, 1, 366, 222, 315, 110, 1, 1, 1
5, 1, 348, 224, 340, 110, 1, 1, 1
6, 1, 335, 228, 355, 118, 1, 1, 1
7, 1, 333, 243, 359, 120, 1, 1, 1
8, 1, 334, 259, 356, 128, 1, 1, 1
9, 1, 323, 275, 350, 131, 1, 1, 1
10, 1, 297, 301, 357, 138, 1, 1, 1
11, 1, 268, 328, 372, 150, 1, 1, 1
12, 1, 245, 349, 383, 153, 1, 1, 1
13, 1, 269, 355, 355, 156, 1, 1, 1
14, 1, 320, 355, 313, 169, 1, 1, 1
15, 1, 309, 366, 322, 185, 1, 1, 1
16, 1, 293, 394, 332, 188, 1, 1, 1
17, 1, 279, 406, 283, 183, 1, 1, 1
18, 1, 282, 405, 268, 190, 1, 1, 1
19, 1, 241, 413, 328, 173, 1, 1, 1
20, 1, 179, 440, 417, 191, 1, 1, 1
21, 1, 185, 472, 400, 217, 1, 1, 1
22, 1, 233, 492, 371, 250, 1, 1, 1
23, 1, 245, 496, 383, 243, 1, 1, 1
24, 1, 255, 499, 347, 222, 1, 1, 1
25, 1, 241, 511, 378, 202, 1, 1, 1
