16, 2, 7, 325, 460, 308, 1, 1, 1
17, 2, 16, 308, 461, 312, 1, 1, 1
18, 2, 19, 317, 462, 294, 1, 1, 1
19, 2, 17, 317, 470, 301, 1, 1, 1
20, 2, 17, 318, 469, 302, 1, 1, 1
21, 2, 15, 296, 471, 325, 1, 1, 1
22, 2, 12, 280, 476, 339, 1, 1, 1
23, 2, 8, 285, 479, 339, 1, 1, 1
24, 2, 0, 280, 489, 344, 1, 1, 1
25, 2, 0, 273, 490, 357, 1, 1, 1
26, 2, 0, 264, 505, 369, 1, 1, 1
27, 2, 0, 263, 515, 373, 1, 1, 1
28, 2, 0, 246, 530, 389, 1, 1, 1
29, 2, 1, 259, 537, 380, 1, 1, 1
30, 2, 9, 250, 528, 391, 1, 1, 1
