16, 5, 917, 250, 43, 68, 1, 1, 1
17, 5, 861, 232, 99, 91, 1, 1, 1
18, 5, 800, 214, 160, 108, 1, 1, 1
19, 5, 763, 214, 197, 110, 1, 1, 1
20, 5, 703, 211, 257, 112, 1, 1, 1
21, 5, 659, 215, 265, 105, 1, 1, 1
22, 5, 624, 216, 255, 104, 1, 1, 1
23, 5, 574, 219, 239, 99, 1, 1, 1
24, 5, 532, 220, 230, 96, 1, 1, 1
25, 5, 500, 221, 222, 94, 1, 1, 1
26, 5, 452, 224, 213, 89, 1, 1, 1
27, 5, 412, 224, 208, 88, 1, 1, 1
28, 5, 380, 225, 209, 87, 1, 1, 1
29, 5, 333, 227, 201, 84, 1, 1, 1
30, 5, 292, 228, 200, 83, 1, 1, 1
31, 5, 252, 229, 198, 82, 1, 1, 1
32, 5, 201, 230, 199, 81, 1, 1, 1
33, 5, 158, 232, 199, 79, 1, 1, 1
34, 5, 124, 231, 198, 81, 1, 1, 1
35, 5, 70, 233, 202, 80, 1, 1, 1
36, 5, 24, 234, 205, 80, 1, 1, 1
37, 5, 0, 233, 192, 82, 1, 1, 1
38, 5, 0, 236, 139, 79, 1, 1, 1
39, 5, 0, 237, 92, 78, 1, 1, 1
40, 5, 0, 239, 53, 78, 1, 1, 1
