1, 2, 207, 86, 873, 1525, 1, 1, 1
2, 2, 356, 112, 724, 1460, 1, 1, 1
3, 2, 322, 259, 758, 1306, 1, 1, 1
4, 2, 278, 206, 802, 1367, 1, 1, 1
5, 2, 247, 292, 833, 1327, 1, 1, 1
6, 2, 467, 338, 613, 1184, 1, 1, 1
7, 2, 535, 382, 545, 821, 1, 1, 1
8, 2, 652, 171, 428, 1153, 1, 1, 1
9, 2, 736, 196, 344, 1125, 1, 1, 1
10, 2, 802, 183, 278, 1148, 1, 1, 1
11, 2, 637, 161, 443, 1264, 1, 1, 1
12, 2, 509, 121, 571, 1553, 1, 1, 1
13, 2, 299, 169, 781, 1452, 1, 1, 1
14, 2, 155, 241, 925, 1487, 1, 1, 1
15, 2, 0, 294, 1080, 1391, 1, 1, 1
16, 2, 0, 317, 1080, 1324, 1, 1, 1
17, 2, 0, 439, 1060, 1185, 1, 1, 1
18, 2, 0, 611, 985, 964, 1, 1, 1
19, 2, 0, 733, 775, 855, 1, 1, 1
20, 2, 0, 734, 766, 835, 1, 1, 1
21, 2, 0, 746, 612, 757, 1, 1, 1
22, 2, 0, 760, 481, 737, 1, 1, 1
23, 2, 0, 800, 268, 513, 1, 1, 1
24, 2, 0, 983, 63, 298, 1, 1, 1
14, 6, 0, 595, 26, 126, 1, 1, 1
15, 6, 26, 798, 60, 99, 1, 1, 1
16, 6, 83, 684, 79, 239, 1, 1, 1
20, 6, 396, 714, 48, 100, 1, 1, 1
21, 6, 375, 714, 126, 250, 1, 1, 1
22, 6, 352, 724, 206, 243, 1, 1, 1
23, 6, 420, 709, 198, 264, 1, 1, 1
24, 6, 435, 725, 234, 270, 1, 1, 1
25, 6, 448, 753, 206, 241, 1, 1, 1
26, 6, 468, 708, 269, 286, 1, 1, 1
27, 6, 452, 707, 318, 273, 1, 1, 1
28, 6, 473, 703, 349, 294, 1, 1, 1
29, 6, 658, 689, 135, 303, 1, 1, 1
30, 6, 519, 691, 288, 305, 1, 1, 1
31, 6, 561, 684, 283, 298, 1, 1, 1
32, 6, 544, 680, 319, 295, 1, 1, 1
33, 6, 634, 675, 225, 297, 1, 1, 1
34, 6, 706, 662, 169, 302, 1, 1, 1
35, 6, 699, 669, 223, 294, 1, 1, 1
36, 6, 749, 661, 189, 300, 1, 1, 1
15, 7, 0, 483, 82, 316, 1, 1, 1
16, 7, 0, 657, 182, 479, 1, 1, 1
17, 7, 0, 538, 233, 576, 1, 1, 1
18, 7, 179, 557, 181, 615, 1, 1, 1
19, 7, 45, 549, 386, 620, 1, 1, 1
20, 7, 281, 559, 190, 601, 1, 1, 1
21, 7, 155, 569, 349, 528, 1, 1, 1
22, 7, 168, 586, 369, 560, 1, 1, 1
23, 7, 195, 600, 367, 521, 1, 1, 1
24, 7, 209, 613, 372, 503, 1, 1, 1
25, 7, 170, 632, 406, 480, 1, 1, 1
26, 7, 143, 644, 385, 463, 1, 1, 1
27, 7, 143, 646, 408, 453, 1, 1, 1
28, 7, 140, 681, 366, 386, 1, 1, 1
29, 7, 125, 650, 384, 410, 1, 1, 1
30, 7, 125, 643, 388, 407, 1, 1, 1
31, 7, 104, 643, 431, 397, 1, 1, 1
32, 7, 153, 657, 380, 379, 1, 1, 1
33, 7, 252, 646, 283, 377, 1, 1, 1
34, 7, 277, 640, 229, 372, 1, 1, 1
35, 7, 365, 642, 156, 362, 1, 1, 1
36, 7, 480, 627, 112, 356, 1, 1, 1
1, 1, 0, 432, 430, 728, 1, 1, 1
2, 1, 0, 459, 422, 681, 1, 1, 1
3, 1, 0, 471, 402, 639, 1, 1, 1
4, 1, 0, 447, 387, 667, 1, 1, 1
5, 1, 0, 473, 388, 642, 1, 1, 1
6, 1, 0, 469, 392, 639, 1, 1, 1
7, 1, 0, 476, 401, 652, 1, 1, 1
8, 1, 0, 496, 425, 620, 1, 1, 1
9, 1, 33, 448, 446, 682, 1, 1, 1
10, 1, 170, 441, 372, 680, 1, 1, 1
11, 1, 266, 408, 376, 677, 1, 1, 1
12, 1, 364, 372, 319, 735, 1, 1, 1
13, 1, 462, 579, 253, 519, 1, 1, 1
14, 1, 545, 402, 160, 717, 1, 1, 1
15, 1, 617, 439, 140, 708, 1, 1, 1
16, 1, 651, 499, 178, 661, 1, 1, 1
17, 1, 683, 484, 222, 713, 1, 1, 1
29, 1, 349, 626, 637, 553, 1, 1, 1
30, 1, 315, 619, 652, 549, 1, 1, 1
31, 1, 256, 609, 636, 544, 1, 1, 1
32, 1, 181, 635, 604, 510, 1, 1, 1
33, 1, 125, 633, 577, 485, 1, 1, 1
34, 1, 72, 615, 530, 490, 1, 1, 1
35, 1, 17, 631, 522, 464, 1, 1, 1
36, 1, 0, 634, 470, 425, 1, 1, 1
7, 2, 535, 382, 545, 821, 1, 1, 1
8, 2, 652, 171, 428, 1153, 1, 1, 1
9, 2, 736, 196, 344, 1125, 1, 1, 1
10, 2, 802, 183, 278, 1148, 1, 1, 1
11, 2, 637, 161, 443, 1264, 1, 1, 1
12, 2, 509, 121, 571, 1553, 1, 1, 1
13, 2, 299, 169, 781, 1452, 1, 1, 1
14, 2, 155, 241, 925, 1487, 1, 1, 1
14, 6, 0, 595, 26, 126, 1, 1, 1
15, 6, 26, 798, 60, 99, 1, 1, 1
16, 6, 83, 684, 79, 239, 1, 1, 1
20, 6, 396, 714, 48, 100, 1, 1, 1
21, 6, 375, 714, 126, 250, 1, 1, 1
22, 6, 352, 724, 206, 243, 1, 1, 1
23, 6, 420, 709, 198, 264, 1, 1, 1
24, 6, 435, 725, 234, 270, 1, 1, 1
25, 6, 448, 753, 206, 241, 1, 1, 1
26, 6, 468, 708, 269, 286, 1, 1, 1
27, 6, 452, 707, 318, 273, 1, 1, 1
28, 6, 473, 703, 349, 294, 1, 1, 1
29, 6, 658, 689, 135, 303, 1, 1, 1
30, 6, 519, 691, 288, 305, 1, 1, 1
31, 6, 561, 684, 283, 298, 1, 1, 1
32, 6, 544, 680, 319, 295, 1, 1, 1
33, 6, 634, 675, 225, 297, 1, 1, 1
34, 6, 706, 662, 169, 302, 1, 1, 1
35, 6, 699, 669, 223, 294, 1, 1, 1
36, 6, 749, 661, 189, 300, 1, 1, 1
19, 7, 45, 549, 386, 620, 1, 1, 1
20, 7, 281, 559, 190, 601, 1, 1, 1
21, 7, 155, 569, 349, 528, 1, 1, 1
22, 7, 168, 586, 369, 560, 1, 1, 1
23, 7, 195, 600, 367, 521, 1, 1, 1
24, 7, 209, 613, 372, 503, 1, 1, 1
25, 7, 170, 632, 406, 480, 1, 1, 1
26, 7, 143, 644, 385, 463, 1, 1, 1
27, 7, 143, 646, 408, 453, 1, 1, 1
28, 7, 140, 681, 366, 386, 1, 1, 1
29, 7, 125, 650, 384, 410, 1, 1, 1
30, 7, 125, 643, 388, 407, 1, 1, 1
31, 7, 104, 643, 431, 397, 1, 1, 1
32, 7, 153, 657, 380, 379, 1, 1, 1
33, 7, 252, 646, 283, 377, 1, 1, 1
34, 7, 277, 640, 229, 372, 1, 1, 1
35, 7, 365, 642, 156, 362, 1, 1, 1
36, 7, 480, 627, 112, 356, 1, 1, 1
