20, 7, 0, 410, 379, 237, 1, 1, 1
21, 7, 126, 418, 265, 227, 1, 1, 1
22, 7, 131, 420, 261, 235, 1, 1, 1
23, 7, 0, 385, 525, 268, 1, 1, 1
24, 7, 0, 400, 555, 256, 1, 1, 1
25, 7, 0, 231, 583, 419, 1, 1, 1
26, 7, 0, 230, 606, 426, 1, 1, 1
27, 7, 1, 229, 617, 425, 1, 1, 1
28, 7, 9, 222, 616, 434, 1, 1, 1
29, 7, 13, 212, 609, 447, 1, 1, 1
30, 7, 13, 206, 633, 453, 1, 1, 1
31, 7, 27, 215, 633, 442, 1, 1, 1
32, 7, 24, 215, 635, 442, 1, 1, 1
33, 7, 24, 213, 640, 445, 1, 1, 1
34, 7, 26, 217, 651, 439, 1, 1, 1
35, 7, 25, 215, 651, 438, 1, 1, 1
36, 7, 22, 216, 643, 440, 1, 1, 1
37, 7, 20, 217, 649, 437, 1, 1, 1
38, 7, 31, 215, 636, 437, 1, 1, 1
39, 7, 22, 394, 634, 257, 1, 1, 1
40, 7, 23, 388, 634, 264, 1, 1, 1
41, 7, 22, 384, 637, 265, 1, 1, 1
42, 7, 21, 385, 587, 263, 1, 1, 1
43, 7, 17, 384, 605, 262, 1, 1, 1
44, 7, 20, 386, 592, 261, 1, 1, 1
1, 1, 0, 162, 507, 491, 1, 1, 1
2, 1, 0, 162, 501, 498, 1, 1, 1
3, 1, 0, 163, 510, 496, 1, 1, 1
4, 1, 0, 167, 506, 493, 1, 1, 1
5, 1, 0, 168, 501, 493, 1, 1, 1
6, 1, 0, 171, 506, 495, 1, 1, 1
7, 1, 0, 173, 507, 493, 1, 1, 1
8, 1, 0, 173, 499, 494, 1, 1, 1
9, 1, 0, 175, 506, 493, 1, 1, 1
10, 1, 0, 179, 497, 486, 1, 1, 1
11, 1, 0, 175, 501, 491, 1, 1, 1
12, 1, 0, 173, 491, 493, 1, 1, 1
13, 1, 0, 169, 491, 495, 1, 1, 1
14, 1, 0, 168, 490, 495, 1, 1, 1
15, 1, 0, 167, 488, 493, 1, 1, 1
16, 1, 0, 168, 493, 493, 1, 1, 1
17, 1, 0, 165, 502, 496, 1, 1, 1
18, 1, 0, 164, 503, 494, 1, 1, 1
19, 1, 0, 164, 512, 494, 1, 1, 1
20, 1, 0, 165, 514, 496, 1, 1, 1
21, 1, 0, 165, 513, 495, 1, 1, 1
22, 1, 0, 165, 520, 493, 1, 1, 1
23, 1, 0, 164, 526, 497, 1, 1, 1
24, 1, 0, 165, 529, 501, 1, 1, 1
25, 1, 0, 166, 532, 497, 1, 1, 1
26, 1, 0, 165, 536, 499, 1, 1, 1
27, 1, 0, 167, 531, 499, 1, 1, 1
28, 1, 0, 168, 538, 496, 1, 1, 1
29, 1, 0, 167, 535, 499, 1, 1, 1
30, 1, 0, 167, 538, 496, 1, 1, 1
31, 1, 0, 167, 538, 499, 1, 1, 1
32, 1, 0, 167, 538, 500, 1, 1, 1
33, 1, 0, 166, 551, 496, 1, 1, 1
34, 1, 0, 165, 569, 496, 1, 1, 1
35, 1, 0, 165, 600, 492, 1, 1, 1
36, 1, 0, 166, 600, 494, 1, 1, 1
37, 1, 0, 165, 611, 496, 1, 1, 1
38, 1, 0, 166, 618, 494, 1, 1, 1
39, 1, 0, 162, 635, 497, 1, 1, 1
40, 1, 0, 160, 655, 501, 1, 1, 1
41, 1, 0, 161, 665, 497, 1, 1, 1
42, 1, 0, 158, 678, 501, 1, 1, 1
43, 1, 0, 160, 685, 498, 1, 1, 1
44, 1, 0, 158, 689, 500, 1, 1, 1
1, 2, 0, 161, 778, 488, 1, 1, 1
2, 2, 0, 163, 808, 487, 1, 1, 1
3, 2, 0, 164, 850, 493, 1, 1, 1
4, 2, 1, 167, 890, 489, 1, 1, 1
5, 2, 11, 174, 924, 485, 1, 1, 1
6, 2, 55, 177, 913, 482, 1, 1, 1
7, 2, 196, 167, 806, 492, 1, 1, 1
8, 2, 185, 167, 850, 489, 1, 1, 1
9, 2, 255, 174, 805, 482, 1, 1, 1
10, 2, 295, 175, 805, 482, 1, 1, 1
11, 2, 366, 164, 775, 493, 1, 1, 1
12, 2, 425, 161, 744, 497, 1, 1, 1
13, 2, 460, 164, 737, 488, 1, 1, 1
14, 2, 465, 164, 755, 485, 1, 1, 1
15, 2, 508, 161, 736, 496, 1, 1, 1
16, 2, 535, 160, 724, 489, 1, 1, 1
17, 2, 517, 156, 763, 496, 1, 1, 1
18, 2, 486, 156, 794, 493, 1, 1, 1
19, 2, 520, 158, 760, 496, 1, 1, 1
20, 2, 595, 158, 684, 496, 1, 1, 1
21, 2, 587, 154, 691, 501, 1, 1, 1
22, 2, 578, 158, 694, 496, 1, 1, 1
23, 2, 587, 157, 675, 497, 1, 1, 1
24, 2, 538, 158, 701, 496, 1, 1, 1
25, 2, 547, 160, 693, 497, 1, 1, 1
26, 2, 580, 160, 653, 495, 1, 1, 1
27, 2, 587, 161, 652, 496, 1, 1, 1
28, 2, 584, 162, 640, 496, 1, 1, 1
29, 2, 580, 162, 638, 493, 1, 1, 1
30, 2, 574, 163, 636, 490, 1, 1, 1
31, 2, 575, 161, 630, 491, 1, 1, 1
32, 2, 578, 162, 608, 489, 1, 1, 1
33, 2, 574, 162, 616, 490, 1, 1, 1
34, 2, 573, 159, 615, 490, 1, 1, 1
35, 2, 574, 157, 616, 493, 1, 1, 1
36, 2, 572, 160, 623, 491, 1, 1, 1
37, 2, 572, 157, 622, 496, 1, 1, 1
38, 2, 570, 158, 623, 493, 1, 1, 1
39, 2, 560, 158, 648, 490, 1, 1, 1
40, 2, 530, 157, 676, 490, 1, 1, 1
41, 2, 490, 155, 718, 490, 1, 1, 1
42, 2, 541, 152, 675, 495, 1, 1, 1
43, 2, 544, 151, 669, 498, 1, 1, 1
44, 2, 540, 152, 676, 493, 1, 1, 1
1, 3, 177, 159, 614, 471, 1, 1, 1
2, 3, 173, 161, 603, 470, 1, 1, 1
3, 3, 168, 161, 621, 471, 1, 1, 1
4, 3, 164, 168, 629, 464, 1, 1, 1
5, 3, 157, 168, 620, 468, 1, 1, 1
6, 3, 154, 168, 615, 467, 1, 1, 1
7, 3, 143, 170, 621, 467, 1, 1, 1
8, 3, 137, 171, 600, 465, 1, 1, 1
9, 3, 131, 168, 607, 473, 1, 1, 1
10, 3, 125, 170, 610, 471, 1, 1, 1
11, 3, 117, 170, 605, 471, 1, 1, 1
12, 3, 111, 167, 601, 471, 1, 1, 1
13, 3, 106, 167, 601, 470, 1, 1, 1
14, 3, 101, 167, 606, 469, 1, 1, 1
15, 3, 99, 165, 604, 471, 1, 1, 1
16, 3, 97, 166, 592, 468, 1, 1, 1
17, 3, 101, 165, 583, 469, 1, 1, 1
18, 3, 101, 161, 587, 472, 1, 1, 1
19, 3, 101, 166, 601, 470, 1, 1, 1
20, 3, 105, 167, 615, 471, 1, 1, 1
21, 3, 102, 167, 617, 470, 1, 1, 1
22, 3, 106, 165, 613, 471, 1, 1, 1
23, 3, 102, 168, 617, 466, 1, 1, 1
24, 3, 105, 167, 646, 468, 1, 1, 1
25, 3, 105, 169, 651, 465, 1, 1, 1
26, 3, 104, 172, 658, 463, 1, 1, 1
27, 3, 103, 172, 655, 465, 1, 1, 1
28, 3, 99, 172, 655, 465, 1, 1, 1
29, 3, 94, 173, 680, 485, 1, 1, 1
30, 3, 93, 173, 699, 468, 1, 1, 1
31, 3, 91, 171, 698, 467, 1, 1, 1
32, 3, 89, 174, 706, 463, 1, 1, 1
33, 3, 128, 172, 669, 465, 1, 1, 1
34, 3, 126, 177, 667, 478, 1, 1, 1
35, 3, 126, 171, 670, 485, 1, 1, 1
36, 3, 126, 169, 672, 492, 1, 1, 1
37, 3, 131, 166, 668, 475, 1, 1, 1
38, 3, 135, 167, 670, 479, 1, 1, 1
39, 3, 132, 169, 682, 473, 1, 1, 1
40, 3, 135, 166, 680, 473, 1, 1, 1
41, 3, 133, 166, 687, 481, 1, 1, 1
42, 3, 133, 164, 693, 474, 1, 1, 1
43, 3, 134, 161, 694, 478, 1, 1, 1
44, 3, 135, 163, 693, 484, 1, 1, 1
