4, 1, 397, 585, 180, 220, 1, 1, 1
5, 1, 383, 587, 179, 221, 1, 1, 1
6, 1, 382, 541, 165, 265, 1, 1, 1
7, 1, 395, 527, 139, 284, 1, 1, 1
8, 1, 384, 529, 137, 268, 1, 1, 1
9, 1, 379, 519, 141, 277, 1, 1, 1
10, 1, 379, 487, 137, 290, 1, 1, 1
11, 1, 374, 480, 134, 280, 1, 1, 1
12, 1, 371, 473, 138, 281, 1, 1, 1
13, 1, 380, 468, 153, 278, 1, 1, 1
14, 1, 399, 461, 155, 284, 1, 1, 1
15, 1, 400, 464, 156, 279, 1, 1, 1
16, 1, 397, 474, 149, 273, 1, 1, 1
17, 1, 396, 475, 146, 274, 1, 1, 1
18, 1, 396, 486, 149, 272, 1, 1, 1
19, 1, 403, 492, 150, 262, 1, 1, 1
20, 1, 444, 499, 147, 259, 1, 1, 1
21, 1, 472, 491, 149, 269, 1, 1, 1
22, 1, 478, 489, 136, 264, 1, 1, 1
