1, 3, 345, 487, 78, 120, 1, 1, 1
2, 3, 369, 479, 60, 121, 1, 1, 1
3, 3, 367, 475, 68, 127, 1, 1, 1
4, 3, 366, 492, 52, 84, 1, 1, 1
5, 3, 487, 486, 68, 36, 1, 1, 1
6, 3, 507, 471, 70, 56, 1, 1, 1
7, 3, 485, 496, 81, 136, 1, 1, 1
8, 3, 492, 509, 87, 132, 1, 1, 1
9, 3, 507, 576, 64, 59, 1, 1, 1
10, 3, 501, 567, 68, 56, 1, 1, 1
11, 3, 494, 497, 89, 125, 1, 1, 1
12, 3, 501, 494, 68, 123, 1, 1, 1
13, 3, 510, 479, 78, 126, 1, 1, 1
14, 3, 503, 470, 73, 122, 1, 1, 1
15, 3, 478, 479, 82, 126, 1, 1, 1
16, 3, 480, 496, 83, 128, 1, 1, 1
18, 3, 561, 592, 46, 26, 1, 1, 1
19, 3, 569, 594, 32, 25, 1, 1, 1
20, 3, 576, 584, 19, 21, 1, 1, 1
22, 3, 594, 587, 45, 16, 1, 1, 1
23, 3, 647, 473, 113, 117, 1, 1, 1
26, 3, 701, 484, 52, 47, 1, 1, 1
27, 3, 690, 476, 56, 56, 1, 1, 1
28, 3, 716, 474, 74, 116, 1, 1, 1
29, 3, 741, 476, 55, 118, 1, 1, 1
30, 3, 758, 468, 72, 102, 1, 1, 1
31, 3, 841, 460, 86, 182, 1, 1, 1
32, 3, 902, 430, 93, 132, 1, 1, 1
33, 3, 851, 424, 118, 131, 1, 1, 1
34, 3, 766, 454, 132, 128, 1, 1, 1
35, 3, 754, 469, 146, 128, 1, 1, 1
36, 3, 747, 467, 134, 134, 1, 1, 1
37, 3, 751, 473, 136, 130, 1, 1, 1
38, 3, 754, 473, 151, 129, 1, 1, 1
39, 3, 754, 461, 154, 131, 1, 1, 1
40, 3, 729, 456, 168, 134, 1, 1, 1
41, 3, 668, 460, 166, 125, 1, 1, 1
42, 3, 615, 461, 165, 130, 1, 1, 1
43, 3, 605, 463, 166, 130, 1, 1, 1
44, 3, 651, 455, 151, 131, 1, 1, 1
45, 3, 679, 453, 153, 128, 1, 1, 1
46, 3, 655, 467, 163, 126, 1, 1, 1
47, 3, 654, 472, 155, 128, 1, 1, 1
48, 3, 688, 481, 146, 125, 1, 1, 1
49, 3, 699, 484, 141, 127, 1, 1, 1
50, 3, 694, 474, 141, 126, 1, 1, 1
51, 3, 725, 468, 130, 128, 1, 1, 1
52, 3, 794, 467, 125, 127, 1, 1, 1
53, 3, 857, 480, 122, 125, 1, 1, 1
54, 3, 853, 475, 135, 124, 1, 1, 1
55, 3, 850, 464, 140, 123, 1, 1, 1
56, 3, 867, 455, 135, 122, 1, 1, 1
57, 3, 843, 449, 126, 121, 1, 1, 1
58, 3, 717, 451, 133, 120, 1, 1, 1
59, 3, 680, 448, 132, 121, 1, 1, 1
60, 3, 668, 452, 134, 121, 1, 1, 1
61, 3, 651, 456, 130, 122, 1, 1, 1
62, 3, 637, 449, 144, 124, 1, 1, 1
63, 3, 667, 456, 156, 121, 1, 1, 1
64, 3, 672, 460, 163, 122, 1, 1, 1
65, 3, 666, 452, 168, 125, 1, 1, 1
66, 3, 660, 447, 170, 124, 1, 1, 1
67, 3, 642, 442, 180, 124, 1, 1, 1
68, 3, 643, 433, 175, 123, 1, 1, 1
69, 3, 630, 439, 150, 122, 1, 1, 1
70, 3, 619, 436, 141, 122, 1, 1, 1
71, 3, 604, 419, 147, 124, 1, 1, 1
72, 3, 629, 419, 114, 125, 1, 1, 1
73, 3, 589, 426, 142, 121, 1, 1, 1
74, 3, 642, 416, 64, 34, 1, 1, 1
75, 3, 515, 394, 130, 30, 1, 1, 1
76, 3, 366, 393, 154, 146, 1, 1, 1
77, 3, 332, 399, 153, 123, 1, 1, 1
78, 3, 383, 405, 139, 125, 1, 1, 1
79, 3, 343, 415, 159, 126, 1, 1, 1
80, 3, 353, 428, 104, 95, 1, 1, 1
81, 3, 361, 458, 72, 129, 1, 1, 1
82, 3, 399, 457, 78, 155, 1, 1, 1
83, 3, 219, 460, 207, 54, 1, 1, 1
84, 3, 336, 466, 89, 13, 1, 1, 1
85, 3, 250, 466, 128, 97, 1, 1, 1
86, 3, 220, 457, 133, 124, 1, 1, 1
87, 3, 185, 445, 149, 124, 1, 1, 1
88, 3, 157, 449, 145, 122, 1, 1, 1
89, 3, 132, 455, 156, 125, 1, 1, 1
90, 3, 127, 459, 160, 123, 1, 1, 1
91, 3, 120, 458, 160, 126, 1, 1, 1
92, 3, 125, 457, 161, 125, 1, 1, 1
93, 3, 151, 463, 165, 122, 1, 1, 1
94, 3, 165, 468, 173, 122, 1, 1, 1
95, 3, 166, 463, 177, 124, 1, 1, 1
96, 3, 145, 463, 181, 125, 1, 1, 1
97, 3, 118, 466, 186, 126, 1, 1, 1
98, 3, 90, 463, 198, 126, 1, 1, 1
99, 3, 97, 466, 195, 127, 1, 1, 1
100, 3, 105, 465, 199, 124, 1, 1, 1
101, 3, 135, 467, 194, 122, 1, 1, 1
102, 3, 189, 466, 194, 123, 1, 1, 1
103, 3, 215, 465, 196, 122, 1, 1, 1
104, 3, 221, 463, 197, 126, 1, 1, 1
105, 3, 236, 479, 189, 123, 1, 1, 1
106, 3, 228, 478, 182, 122, 1, 1, 1
107, 3, 218, 468, 180, 122, 1, 1, 1
108, 3, 233, 477, 168, 118, 1, 1, 1
109, 3, 255, 476, 147, 118, 1, 1, 1
110, 3, 259, 470, 141, 117, 1, 1, 1
111, 3, 290, 477, 119, 109, 1, 1, 1
112, 3, 335, 477, 78, 68, 1, 1, 1
113, 3, 322, 435, 190, 79, 1, 1, 1
1, 4, 465, 447, 137, 84, 1, 1, 1
2, 4, 479, 435, 145, 87, 1, 1, 1
3, 4, 476, 435, 146, 86, 1, 1, 1
4, 4, 477, 447, 148, 88, 1, 1, 1
5, 4, 496, 451, 142, 87, 1, 1, 1
6, 4, 526, 449, 132, 80, 1, 1, 1
7, 4, 535, 465, 134, 69, 1, 1, 1
8, 4, 547, 476, 134, 63, 1, 1, 1
9, 4, 559, 466, 147, 56, 1, 1, 1
10, 4, 558, 456, 151, 50, 1, 1, 1
11, 4, 557, 455, 145, 50, 1, 1, 1
12, 4, 565, 449, 145, 49, 1, 1, 1
13, 4, 579, 439, 144, 44, 1, 1, 1
14, 4, 588, 429, 133, 33, 1, 1, 1
15, 4, 577, 439, 134, 42, 1, 1, 1
16, 4, 578, 458, 142, 55, 1, 1, 1
17, 4, 614, 454, 143, 74, 1, 1, 1
18, 4, 638, 455, 140, 83, 1, 1, 1
19, 4, 643, 455, 139, 89, 1, 1, 1
20, 4, 647, 441, 139, 87, 1, 1, 1
21, 4, 662, 437, 140, 86, 1, 1, 1
22, 4, 691, 441, 142, 84, 1, 1, 1
23, 4, 750, 431, 141, 86, 1, 1, 1
24, 4, 776, 428, 144, 86, 1, 1, 1
25, 4, 781, 432, 143, 88, 1, 1, 1
26, 4, 781, 441, 142, 87, 1, 1, 1
27, 4, 782, 433, 141, 83, 1, 1, 1
28, 4, 818, 436, 144, 80, 1, 1, 1
29, 4, 853, 433, 138, 86, 1, 1, 1
30, 4, 887, 420, 147, 95, 1, 1, 1
31, 4, 979, 411, 157, 97, 1, 1, 1
32, 4, 1049, 383, 159, 97, 1, 1, 1
33, 4, 1031, 381, 153, 98, 1, 1, 1
34, 4, 963, 405, 149, 100, 1, 1, 1
35, 4, 967, 419, 153, 100, 1, 1, 1
36, 4, 970, 420, 161, 101, 1, 1, 1
37, 4, 983, 425, 153, 102, 1, 1, 1
38, 4, 998, 424, 140, 99, 1, 1, 1
39, 4, 1001, 412, 145, 102, 1, 1, 1
40, 4, 980, 410, 159, 102, 1, 1, 1
41, 4, 918, 408, 171, 101, 1, 1, 1
42, 4, 877, 412, 167, 99, 1, 1, 1
43, 4, 887, 413, 160, 101, 1, 1, 1
44, 4, 958, 406, 157, 100, 1, 1, 1
45, 4, 997, 406, 158, 99, 1, 1, 1
46, 4, 987, 419, 155, 99, 1, 1, 1
47, 4, 984, 425, 155, 97, 1, 1, 1
48, 4, 1013, 434, 158, 98, 1, 1, 1
49, 4, 1014, 435, 173, 99, 1, 1, 1
50, 4, 1015, 425, 176, 100, 1, 1, 1
51, 4, 1041, 421, 179, 100, 1, 1, 1
52, 4, 1118, 422, 162, 97, 1, 1, 1
53, 4, 1183, 436, 97, 98, 1, 1, 1
54, 4, 1196, 429, 84, 99, 1, 1, 1
55, 4, 1201, 417, 79, 99, 1, 1, 1
56, 4, 1211, 406, 69, 100, 1, 1, 1
57, 4, 1174, 405, 106, 95, 1, 1, 1
58, 4, 1061, 404, 138, 95, 1, 1, 1
59, 4, 1018, 404, 142, 97, 1, 1, 1
60, 4, 1002, 408, 132, 99, 1, 1, 1
61, 4, 985, 412, 141, 100, 1, 1, 1
62, 4, 964, 408, 158, 100, 1, 1, 1
63, 4, 993, 415, 169, 99, 1, 1, 1
64, 4, 998, 420, 175, 99, 1, 1, 1
65, 4, 990, 414, 182, 98, 1, 1, 1
66, 4, 981, 406, 185, 100, 1, 1, 1
67, 4, 967, 399, 194, 100, 1, 1, 1
68, 4, 959, 393, 189, 97, 1, 1, 1
69, 4, 934, 393, 176, 104, 1, 1, 1
70, 4, 911, 391, 178, 102, 1, 1, 1
71, 4, 896, 375, 189, 104, 1, 1, 1
72, 4, 894, 376, 183, 105, 1, 1, 1
73, 4, 882, 383, 183, 102, 1, 1, 1
74, 4, 866, 371, 192, 105, 1, 1, 1
75, 4, 829, 351, 197, 103, 1, 1, 1
76, 4, 710, 350, 203, 103, 1, 1, 1
77, 4, 671, 355, 209, 107, 1, 1, 1
78, 4, 710, 366, 193, 103, 1, 1, 1
79, 4, 680, 375, 176, 105, 1, 1, 1
80, 4, 629, 389, 173, 107, 1, 1, 1
81, 4, 607, 418, 177, 109, 1, 1, 1
82, 4, 610, 423, 169, 106, 1, 1, 1
83, 4, 608, 421, 153, 73, 1, 1, 1
84, 4, 590, 430, 147, 104, 1, 1, 1
85, 4, 575, 431, 137, 104, 1, 1, 1
86, 4, 548, 421, 125, 92, 1, 1, 1
87, 4, 507, 408, 117, 75, 1, 1, 1
88, 4, 467, 410, 112, 57, 1, 1, 1
89, 4, 447, 417, 104, 47, 1, 1, 1
90, 4, 430, 420, 105, 43, 1, 1, 1
91, 4, 413, 421, 118, 52, 1, 1, 1
92, 4, 405, 421, 125, 61, 1, 1, 1
93, 4, 427, 425, 125, 81, 1, 1, 1
94, 4, 438, 428, 132, 104, 1, 1, 1
95, 4, 430, 426, 131, 103, 1, 1, 1
96, 4, 406, 426, 141, 106, 1, 1, 1
97, 4, 375, 430, 135, 101, 1, 1, 1
98, 4, 325, 427, 151, 106, 1, 1, 1
99, 4, 306, 429, 160, 104, 1, 1, 1
100, 4, 299, 430, 167, 100, 1, 1, 1
101, 4, 311, 433, 171, 101, 1, 1, 1
102, 4, 356, 429, 165, 101, 1, 1, 1
103, 4, 367, 428, 178, 103, 1, 1, 1
104, 4, 361, 430, 168, 98, 1, 1, 1
105, 4, 349, 442, 162, 102, 1, 1, 1
106, 4, 319, 443, 169, 68, 1, 1, 1
107, 4, 294, 430, 169, 66, 1, 1, 1
108, 4, 289, 439, 178, 54, 1, 1, 1
109, 4, 284, 438, 189, 58, 1, 1, 1
110, 4, 281, 430, 189, 67, 1, 1, 1
111, 4, 299, 429, 191, 71, 1, 1, 1
112, 4, 318, 429, 193, 101, 1, 1, 1
113, 4, 309, 398, 184, 83, 1, 1, 1
114, 4, 262, 387, 163, 84, 1, 1, 1
115, 4, 238, 383, 165, 89, 1, 1, 1
1, 5, 602, 473, 61, 57, 1, 1, 1
2, 5, 622, 459, 65, 62, 1, 1, 1
3, 5, 621, 461, 59, 44, 1, 1, 1
4, 5, 623, 473, 43, 38, 1, 1, 1
5, 5, 642, 478, 19, 16, 1, 1, 1
6, 5, 676, 464, 84, 14, 1, 1, 1
11, 5, 708, 478, 18, 8, 1, 1, 1
12, 5, 710, 474, 40, 9, 1, 1, 1
13, 5, 722, 464, 33, 10, 1, 1, 1
14, 5, 720, 454, 29, 19, 1, 1, 1
15, 5, 709, 464, 20, 25, 1, 1, 1
16, 5, 717, 481, 27, 53, 1, 1, 1
17, 5, 772, 479, 61, 59, 1, 1, 1
18, 5, 784, 479, 58, 59, 1, 1, 1
19, 5, 781, 480, 68, 61, 1, 1, 1
20, 5, 785, 463, 69, 63, 1, 1, 1
21, 5, 800, 459, 68, 63, 1, 1, 1
22, 5, 831, 463, 65, 61, 1, 1, 1
23, 5, 887, 456, 67, 60, 1, 1, 1
24, 5, 919, 454, 68, 58, 1, 1, 1
25, 5, 924, 459, 68, 60, 1, 1, 1
26, 5, 918, 466, 67, 61, 1, 1, 1
27, 5, 921, 457, 66, 58, 1, 1, 1
28, 5, 958, 456, 80, 61, 1, 1, 1
29, 5, 1002, 455, 87, 64, 1, 1, 1
30, 5, 1056, 446, 82, 61, 1, 1, 1
31, 5, 1149, 435, 84, 71, 1, 1, 1
32, 5, 1214, 406, 66, 75, 1, 1, 1
33, 5, 1183, 409, 97, 65, 1, 1, 1
34, 5, 1115, 431, 93, 71, 1, 1, 1
35, 5, 1107, 447, 108, 70, 1, 1, 1
36, 5, 1111, 447, 105, 71, 1, 1, 1
37, 5, 1136, 458, 67, 64, 1, 1, 1
38, 5, 1133, 450, 84, 72, 1, 1, 1
39, 5, 1143, 445, 77, 66, 1, 1, 1
40, 5, 1138, 447, 47, 58, 1, 1, 1
41, 5, 1081, 441, 41, 61, 1, 1, 1
42, 5, 1023, 456, 53, 54, 1, 1, 1
43, 5, 991, 485, 63, 29, 1, 1, 1
44, 5, 1028, 443, 96, 63, 1, 1, 1
45, 5, 1089, 447, 70, 59, 1, 1, 1
46, 5, 1072, 494, 65, 26, 1, 1, 1
47, 5, 1055, 505, 81, 19, 1, 1, 1
48, 5, 1084, 516, 33, 19, 1, 1, 1
49, 5, 1103, 515, 77, 21, 1, 1, 1
50, 5, 1104, 505, 81, 21, 1, 1, 1
51, 5, 1150, 504, 66, 13, 1, 1, 1
58, 5, 1192, 434, 52, 68, 1, 1, 1
59, 5, 1138, 426, 70, 73, 1, 1, 1
60, 5, 1132, 433, 69, 75, 1, 1, 1
61, 5, 1112, 438, 84, 74, 1, 1, 1
62, 5, 1110, 434, 84, 75, 1, 1, 1
63, 5, 1157, 440, 60, 75, 1, 1, 1
64, 5, 1165, 445, 64, 73, 1, 1, 1
65, 5, 1135, 438, 97, 76, 1, 1, 1
66, 5, 1145, 433, 84, 76, 1, 1, 1
67, 5, 1136, 425, 89, 73, 1, 1, 1
68, 5, 1129, 416, 101, 74, 1, 1, 1
69, 5, 1112, 421, 113, 76, 1, 1, 1
70, 5, 1091, 420, 110, 72, 1, 1, 1
71, 5, 1077, 400, 99, 78, 1, 1, 1
72, 5, 1072, 402, 98, 79, 1, 1, 1
73, 5, 1062, 409, 104, 72, 1, 1, 1
74, 5, 1053, 400, 103, 74, 1, 1, 1
75, 5, 1013, 377, 110, 76, 1, 1, 1
76, 5, 899, 381, 109, 70, 1, 1, 1
77, 5, 862, 385, 115, 74, 1, 1, 1
78, 5, 903, 394, 88, 74, 1, 1, 1
79, 5, 869, 403, 97, 77, 1, 1, 1
80, 5, 816, 417, 101, 78, 1, 1, 1
81, 5, 791, 449, 98, 79, 1, 1, 1
82, 5, 791, 451, 101, 78, 1, 1, 1
83, 5, 784, 447, 105, 81, 1, 1, 1
84, 5, 759, 459, 108, 77, 1, 1, 1
85, 5, 728, 460, 100, 75, 1, 1, 1
86, 5, 686, 449, 99, 80, 1, 1, 1
87, 5, 641, 435, 113, 81, 1, 1, 1
88, 5, 601, 439, 105, 56, 1, 1, 1
89, 5, 587, 446, 99, 35, 1, 1, 1
90, 5, 578, 449, 92, 29, 1, 1, 1
91, 5, 564, 451, 88, 25, 1, 1, 1
92, 5, 581, 451, 61, 29, 1, 1, 1
93, 5, 571, 453, 91, 25, 1, 1, 1
94, 5, 582, 455, 59, 19, 1, 1, 1
95, 5, 580, 451, 105, 17, 1, 1, 1
96, 5, 560, 455, 89, 23, 1, 1, 1
97, 5, 534, 456, 95, 22, 1, 1, 1
98, 5, 503, 453, 80, 22, 1, 1, 1
99, 5, 485, 458, 94, 34, 1, 1, 1
100, 5, 486, 454, 91, 25, 1, 1, 1
101, 5, 494, 456, 101, 28, 1, 1, 1
102, 5, 530, 455, 110, 55, 1, 1, 1
103, 5, 543, 452, 112, 53, 1, 1, 1
104, 5, 535, 450, 115, 50, 1, 1, 1
105, 5, 532, 469, 107, 40, 1, 1, 1
106, 5, 503, 465, 107, 47, 1, 1, 1
107, 5, 480, 455, 114, 57, 1, 1, 1
108, 5, 483, 464, 121, 77, 1, 1, 1
109, 5, 484, 463, 118, 79, 1, 1, 1
110, 5, 482, 456, 126, 79, 1, 1, 1
111, 5, 502, 453, 133, 77, 1, 1, 1
112, 5, 521, 454, 120, 74, 1, 1, 1
113, 5, 510, 420, 112, 77, 1, 1, 1
114, 5, 460, 412, 127, 75, 1, 1, 1
115, 5, 447, 410, 109, 72, 1, 1, 1
