35, 1, 468, 236, 545, 433, 1, 1, 1
36, 1, 410, 136, 649, 539, 1, 1, 1
37, 1, 489, 191, 632, 374, 1, 1, 1
38, 1, 576, 251, 543, 318, 1, 1, 1
39, 1, 741, 296, 400, 283, 1, 1, 1
40, 1, 720, 280, 453, 303, 1, 1, 1
41, 1, 624, 199, 597, 329, 1, 1, 1
42, 1, 634, 170, 630, 455, 1, 1, 1
43, 1, 821, 250, 461, 338, 1, 1, 1
44, 1, 500, 308, 748, 314, 1, 1, 1
45, 1, 644, 316, 546, 308, 1, 1, 1
46, 1, 608, 283, 592, 321, 1, 1, 1
47, 1, 572, 275, 557, 338, 1, 1, 1
48, 1, 421, 232, 682, 378, 1, 1, 1
49, 1, 503, 283, 595, 335, 1, 1, 1
