1, 1, 391, 232, 790, 709, 1, 1, 1
2, 1, 403, 238, 816, 676, 1, 1, 1
3, 1, 372, 229, 837, 680, 1, 1, 1
4, 1, 330, 214, 829, 686, 1, 1, 1
5, 1, 270, 214, 835, 699, 1, 1, 1
6, 1, 203, 273, 910, 664, 1, 1, 1
7, 1, 195, 307, 906, 626, 1, 1, 1
8, 1, 192, 311, 895, 622, 1, 1, 1
9, 1, 237, 122, 1223, 823, 1, 1, 1
10, 1, 297, 109, 1234, 817, 1, 1, 1
11, 1, 319, 221, 999, 750, 1, 1, 1
12, 1, 312, 331, 1027, 650, 1, 1, 1
13, 1, 316, 339, 1026, 633, 1, 1, 1
14, 1, 295, 327, 1041, 644, 1, 1, 1
15, 1, 279, 339, 1057, 617, 1, 1, 1
16, 1, 194, 307, 1103, 639, 1, 1, 1
17, 1, 26, 255, 1273, 672, 1, 1, 1
18, 1, 46, 199, 1216, 686, 1, 1, 1
19, 1, 213, 216, 1031, 856, 1, 1, 1
20, 1, 435, 291, 762, 779, 1, 1, 1
21, 1, 141, 234, 1089, 838, 1, 1, 1
22, 1, 0, 399, 1278, 673, 1, 1, 1
23, 1, 0, 280, 1345, 792, 1, 1, 1
24, 1, 474, 321, 879, 751, 1, 1, 1
25, 1, 41, 332, 1325, 740, 1, 1, 1
26, 1, 55, 329, 1192, 742, 1, 1, 1
27, 1, 2, 209, 1227, 863, 1, 1, 1
28, 1, 1, 183, 1279, 889, 1, 1, 1
29, 1, 0, 146, 1224, 925, 1, 1, 1
30, 1, 31, 127, 1237, 940, 1, 1, 1
31, 1, 48, 119, 1233, 949, 1, 1, 1
32, 1, 58, 120, 1233, 932, 1, 1, 1
33, 1, 56, 127, 1250, 925, 1, 1, 1
34, 1, 71, 150, 1239, 922, 1, 1, 1
35, 1, 428, 166, 897, 906, 1, 1, 1
36, 1, 427, 195, 900, 877, 1, 1, 1
37, 1, 414, 204, 911, 868, 1, 1, 1
38, 1, 309, 188, 993, 884, 1, 1, 1
39, 1, 333, 224, 949, 848, 1, 1, 1
40, 1, 303, 232, 957, 840, 1, 1, 1
41, 1, 198, 353, 999, 719, 1, 1, 1
1, 2, 885, 388, 700, 516, 1, 1, 1
2, 2, 960, 374, 662, 520, 1, 1, 1
3, 2, 916, 359, 678, 524, 1, 1, 1
4, 2, 868, 357, 686, 521, 1, 1, 1
5, 2, 810, 367, 688, 516, 1, 1, 1
6, 2, 754, 386, 691, 526, 1, 1, 1
7, 2, 726, 376, 706, 537, 1, 1, 1
8, 2, 729, 370, 683, 542, 1, 1, 1
9, 2, 767, 418, 704, 512, 1, 1, 1
10, 2, 815, 459, 761, 475, 1, 1, 1
11, 2, 912, 293, 505, 540, 1, 1, 1
12, 2, 881, 530, 498, 353, 1, 1, 1
13, 2, 903, 552, 476, 328, 1, 1, 1
14, 2, 887, 543, 484, 364, 1, 1, 1
15, 2, 876, 376, 490, 478, 1, 1, 1
16, 2, 445, 314, 859, 528, 1, 1, 1
17, 2, 349, 225, 899, 529, 1, 1, 1
18, 2, 291, 89, 920, 541, 1, 1, 1
19, 2, 51, 23, 1184, 798, 1, 1, 1
20, 2, 144, 74, 1065, 812, 1, 1, 1
21, 2, 94, 166, 1161, 794, 1, 1, 1
22, 2, 85, 278, 1196, 781, 1, 1, 1
23, 2, 180, 289, 1172, 712, 1, 1, 1
24, 2, 242, 307, 1156, 657, 1, 1, 1
25, 2, 243, 312, 1213, 639, 1, 1, 1
26, 2, 258, 282, 1060, 669, 1, 1, 1
27, 2, 219, 236, 1047, 688, 1, 1, 1
28, 2, 216, 197, 1076, 660, 1, 1, 1
29, 2, 196, 159, 1097, 603, 1, 1, 1
30, 2, 252, 135, 1084, 597, 1, 1, 1
31, 2, 300, 130, 1056, 685, 1, 1, 1
32, 2, 296, 127, 1071, 691, 1, 1, 1
33, 2, 287, 139, 1078, 656, 1, 1, 1
34, 2, 290, 159, 1084, 646, 1, 1, 1
35, 2, 303, 178, 1088, 645, 1, 1, 1
36, 2, 345, 183, 1055, 626, 1, 1, 1
37, 2, 355, 209, 1021, 606, 1, 1, 1
38, 2, 391, 197, 939, 602, 1, 1, 1
39, 2, 416, 193, 956, 588, 1, 1, 1
40, 2, 477, 164, 921, 616, 1, 1, 1
41, 2, 585, 123, 853, 718, 1, 1, 1
