1, 2, 486, 167, 234, 397, 1, 1, 1
2, 2, 504, 154, 197, 436, 1, 1, 1
3, 2, 532, 142, 273, 478, 1, 1, 1
4, 2, 572, 126, 241, 549, 1, 1, 1
5, 2, 634, 103, 367, 661, 1, 1, 1
6, 2, 724, 78, 339, 830, 1, 1, 1
7, 2, 849, 42, 438, 886, 1, 1, 1
8, 2, 1097, 0, 673, 928, 1, 1, 1
9, 2, 1601, 0, 319, 927, 1, 1, 1
1, 4, 710, 260, 186, 290, 1, 1, 1
2, 4, 704, 258, 180, 292, 1, 1, 1
3, 4, 752, 258, 117, 269, 1, 1, 1
4, 4, 825, 264, 29, 20, 1, 1, 1
6, 4, 640, 259, 135, 263, 1, 1, 1
7, 4, 641, 265, 206, 303, 1, 1, 1
8, 4, 655, 267, 204, 315, 1, 1, 1
9, 4, 670, 274, 211, 323, 1, 1, 1
10, 4, 690, 279, 219, 338, 1, 1, 1
11, 4, 718, 282, 228, 363, 1, 1, 1
12, 4, 742, 283, 240, 401, 1, 1, 1
13, 4, 766, 286, 268, 447, 1, 1, 1
14, 4, 796, 287, 300, 520, 1, 1, 1
15, 4, 837, 290, 360, 632, 1, 1, 1
16, 4, 898, 311, 468, 617, 1, 1, 1
17, 4, 995, 306, 588, 622, 1, 1, 1
18, 4, 1092, 324, 828, 604, 1, 1, 1
19, 4, 1315, 457, 605, 471, 1, 1, 1
20, 4, 1773, 829, 147, 99, 1, 1, 1
1, 6, 853, 235, 204, 262, 1, 1, 1
2, 6, 841, 237, 204, 261, 1, 1, 1
3, 6, 828, 237, 203, 262, 1, 1, 1
4, 6, 837, 234, 181, 266, 1, 1, 1
5, 6, 892, 236, 113, 143, 1, 1, 1
7, 6, 807, 245, 127, 235, 1, 1, 1
8, 6, 824, 246, 170, 263, 1, 1, 1
9, 6, 824, 247, 166, 267, 1, 1, 1
10, 6, 869, 251, 120, 265, 1, 1, 1
11, 6, 866, 253, 119, 265, 1, 1, 1
12, 6, 789, 253, 196, 267, 1, 1, 1
13, 6, 768, 400, 43, 61, 1, 1, 1
14, 6, 775, 272, 77, 221, 1, 1, 1
15, 6, 787, 263, 137, 239, 1, 1, 1
16, 6, 810, 250, 192, 271, 1, 1, 1
17, 6, 834, 251, 206, 326, 1, 1, 1
18, 6, 856, 253, 217, 350, 1, 1, 1
19, 6, 875, 257, 220, 379, 1, 1, 1
20, 6, 892, 265, 242, 417, 1, 1, 1
21, 6, 911, 260, 271, 482, 1, 1, 1
22, 6, 945, 260, 306, 566, 1, 1, 1
23, 6, 989, 264, 372, 664, 1, 1, 1
24, 6, 1038, 255, 501, 673, 1, 1, 1
25, 6, 1105, 245, 744, 683, 1, 1, 1
26, 6, 1221, 217, 698, 711, 1, 1, 1
27, 6, 1560, 652, 360, 276, 1, 1, 1
1, 8, 1009, 252, 206, 213, 1, 1, 1
2, 8, 1001, 255, 201, 210, 1, 1, 1
3, 8, 980, 254, 210, 212, 1, 1, 1
4, 8, 975, 252, 203, 215, 1, 1, 1
5, 8, 961, 254, 205, 215, 1, 1, 1
6, 8, 1045, 260, 110, 54, 1, 1, 1
8, 8, 950, 263, 176, 204, 1, 1, 1
9, 8, 939, 267, 211, 213, 1, 1, 1
10, 8, 940, 271, 208, 210, 1, 1, 1
11, 8, 937, 271, 208, 213, 1, 1, 1
12, 8, 929, 272, 212, 216, 1, 1, 1
13, 8, 997, 277, 139, 209, 1, 1, 1
14, 8, 1017, 278, 114, 210, 1, 1, 1
15, 8, 1072, 280, 48, 32, 1, 1, 1
17, 8, 1011, 283, 55, 51, 1, 1, 1
18, 8, 1014, 284, 88, 210, 1, 1, 1
19, 8, 862, 284, 231, 191, 1, 1, 1
20, 8, 844, 285, 77, 188, 1, 1, 1
21, 8, 836, 284, 148, 188, 1, 1, 1
22, 8, 839, 281, 185, 188, 1, 1, 1
23, 8, 844, 277, 221, 196, 1, 1, 1
24, 8, 850, 273, 218, 223, 1, 1, 1
25, 8, 861, 265, 208, 234, 1, 1, 1
26, 8, 874, 263, 194, 243, 1, 1, 1
27, 8, 882, 261, 175, 253, 1, 1, 1
28, 8, 884, 259, 164, 267, 1, 1, 1
29, 8, 864, 258, 175, 286, 1, 1, 1
30, 8, 852, 262, 192, 309, 1, 1, 1
31, 8, 841, 267, 218, 341, 1, 1, 1
32, 8, 835, 267, 253, 386, 1, 1, 1
33, 8, 839, 271, 294, 448, 1, 1, 1
34, 8, 847, 281, 358, 543, 1, 1, 1
35, 8, 859, 292, 467, 614, 1, 1, 1
36, 8, 888, 300, 639, 628, 1, 1, 1
37, 8, 949, 294, 971, 634, 1, 1, 1
38, 8, 1076, 302, 844, 626, 1, 1, 1
39, 8, 1377, 321, 543, 607, 1, 1, 1
1, 10, 1583, 245, 184, 254, 1, 1, 1
2, 10, 1568, 248, 187, 252, 1, 1, 1
3, 10, 1556, 250, 185, 251, 1, 1, 1
4, 10, 1542, 251, 186, 252, 1, 1, 1
5, 10, 1528, 255, 186, 249, 1, 1, 1
6, 10, 1518, 256, 184, 253, 1, 1, 1
7, 10, 1513, 258, 184, 252, 1, 1, 1
8, 10, 1554, 262, 141, 251, 1, 1, 1
9, 10, 1510, 339, 29, 115, 1, 1, 1
10, 10, 1511, 266, 177, 250, 1, 1, 1
11, 10, 1505, 269, 184, 249, 1, 1, 1
12, 10, 1501, 269, 180, 250, 1, 1, 1
13, 10, 1495, 271, 184, 249, 1, 1, 1
14, 10, 1489, 273, 183, 249, 1, 1, 1
15, 10, 1486, 273, 181, 250, 1, 1, 1
16, 10, 1479, 274, 182, 248, 1, 1, 1
17, 10, 1477, 277, 176, 249, 1, 1, 1
18, 10, 1615, 280, 26, 32, 1, 1, 1
19, 10, 1457, 283, 72, 186, 1, 1, 1
20, 10, 1441, 281, 180, 245, 1, 1, 1
21, 10, 1430, 280, 180, 247, 1, 1, 1
22, 10, 1423, 279, 180, 245, 1, 1, 1
23, 10, 1419, 274, 176, 244, 1, 1, 1
24, 10, 1425, 268, 165, 244, 1, 1, 1
25, 10, 1564, 261, 17, 22, 1, 1, 1
26, 10, 1396, 332, 37, 79, 1, 1, 1
27, 10, 1382, 244, 174, 242, 1, 1, 1
28, 10, 1364, 238, 171, 242, 1, 1, 1
29, 10, 1345, 234, 173, 243, 1, 1, 1
30, 10, 1335, 227, 175, 254, 1, 1, 1
31, 10, 1337, 225, 174, 264, 1, 1, 1
32, 10, 1352, 224, 169, 277, 1, 1, 1
33, 10, 1351, 226, 171, 291, 1, 1, 1
34, 10, 1343, 225, 174, 308, 1, 1, 1
35, 10, 1331, 233, 189, 322, 1, 1, 1
36, 10, 1320, 239, 202, 342, 1, 1, 1
37, 10, 1477, 243, 53, 75, 1, 1, 1
38, 10, 1301, 260, 56, 37, 1, 1, 1
39, 10, 1294, 253, 282, 475, 1, 1, 1
40, 10, 1297, 261, 334, 570, 1, 1, 1
41, 10, 1324, 266, 413, 662, 1, 1, 1
42, 10, 1374, 266, 546, 662, 1, 1, 1
43, 10, 1431, 283, 489, 645, 1, 1, 1
44, 10, 1570, 637, 350, 291, 1, 1, 1
