17, 5, 795, 293, 494, 377, 1, 1, 1
18, 5, 836, 300, 411, 381, 1, 1, 1
19, 5, 947, 292, 264, 400, 1, 1, 1
20, 5, 902, 291, 355, 376, 1, 1, 1
21, 5, 916, 267, 397, 330, 1, 1, 1
22, 5, 887, 261, 475, 356, 1, 1, 1
23, 5, 902, 265, 487, 370, 1, 1, 1
24, 5, 864, 265, 515, 358, 1, 1, 1
25, 5, 872, 280, 503, 331, 1, 1, 1
17, 4, 886, 194, 189, 272, 1, 1, 1
18, 4, 909, 196, 168, 261, 1, 1, 1
19, 4, 847, 204, 240, 226, 1, 1, 1
20, 4, 777, 198, 287, 206, 1, 1, 1
21, 4, 804, 194, 264, 259, 1, 1, 1
22, 4, 812, 211, 272, 258, 1, 1, 1
23, 4, 816, 263, 66, 191, 1, 1, 1
24, 4, 833, 324, 86, 142, 1, 1, 1
25, 4, 845, 374, 90, 99, 1, 1, 1
17, 6, 1070, 227, 270, 248, 1, 1, 1
18, 6, 1082, 242, 252, 221, 1, 1, 1
19, 6, 1064, 249, 288, 221, 1, 1, 1
20, 6, 1048, 244, 328, 193, 1, 1, 1
21, 6, 1060, 234, 344, 184, 1, 1, 1
22, 6, 1074, 254, 339, 229, 1, 1, 1
23, 6, 850, 242, 567, 242, 1, 1, 1
24, 6, 878, 324, 533, 197, 1, 1, 1
25, 6, 866, 343, 533, 191, 1, 1, 1
