38, 2, 786, 300, 477, 462, 1, 1, 1
39, 2, 787, 295, 480, 470, 1, 1, 1
40, 2, 782, 292, 482, 479, 1, 1, 1
41, 2, 781, 295, 468, 490, 1, 1, 1
42, 2, 789, 290, 407, 523, 1, 1, 1
43, 2, 789, 289, 345, 548, 1, 1, 1
44, 2, 787, 287, 292, 530, 1, 1, 1
45, 2, 764, 288, 286, 523, 1, 1, 1
46, 2, 777, 283, 283, 561, 1, 1, 1
47, 2, 787, 274, 279, 559, 1, 1, 1
48, 2, 793, 264, 343, 568, 1, 1, 1
49, 2, 755, 254, 425, 555, 1, 1, 1
50, 2, 751, 249, 419, 554, 1, 1, 1
51, 2, 756, 240, 376, 577, 1, 1, 1
52, 2, 797, 231, 249, 583, 1, 1, 1
53, 2, 804, 223, 203, 572, 1, 1, 1
54, 2, 799, 209, 211, 522, 1, 1, 1
55, 2, 797, 208, 217, 494, 1, 1, 1
56, 2, 789, 206, 221, 533, 1, 1, 1
57, 2, 774, 204, 233, 572, 1, 1, 1
58, 2, 799, 190, 254, 558, 1, 1, 1
59, 2, 798, 187, 297, 534, 1, 1, 1
60, 2, 782, 180, 329, 517, 1, 1, 1
61, 2, 764, 176, 295, 520, 1, 1, 1
62, 2, 781, 166, 201, 544, 1, 1, 1
63, 2, 806, 158, 200, 505, 1, 1, 1
64, 2, 781, 153, 218, 503, 1, 1, 1
65, 2, 783, 149, 210, 500, 1, 1, 1
66, 2, 830, 145, 158, 495, 1, 1, 1
67, 2, 831, 131, 218, 471, 1, 1, 1
68, 2, 841, 126, 257, 456, 1, 1, 1
69, 2, 843, 118, 259, 443, 1, 1, 1
70, 2, 830, 109, 227, 435, 1, 1, 1
71, 2, 811, 101, 185, 442, 1, 1, 1
72, 2, 814, 91, 172, 434, 1, 1, 1
73, 2, 759, 70, 234, 428, 1, 1, 1
74, 2, 748, 69, 290, 418, 1, 1, 1
75, 2, 754, 57, 271, 431, 1, 1, 1
76, 2, 813, 51, 226, 418, 1, 1, 1
77, 2, 868, 67, 144, 384, 1, 1, 1
