23, 1, 744, 159, 330, 512, 1, 1, 1
24, 1, 740, 237, 396, 567, 1, 1, 1
25, 1, 688, 279, 446, 518, 1, 1, 1
26, 1, 744, 227, 402, 562, 1, 1, 1
27, 1, 834, 226, 275, 447, 1, 1, 1
28, 1, 870, 320, 364, 354, 1, 1, 1
29, 1, 988, 348, 379, 326, 1, 1, 1
30, 1, 943, 395, 536, 284, 1, 1, 1
31, 1, 1094, 387, 585, 203, 1, 1, 1
32, 1, 1292, 345, 439, 245, 1, 1, 1
33, 1, 1376, 289, 381, 506, 1, 1, 1
34, 1, 1520, 257, 231, 390, 1, 1, 1
35, 1, 1558, 180, 265, 446, 1, 1, 1
36, 1, 1602, 137, 295, 429, 1, 1, 1
37, 1, 1647, 92, 273, 177, 1, 1, 1
38, 1, 1591, 90, 329, 159, 1, 1, 1
