34, 7, 709, 217, 54, 97, 1, 1, 1
35, 7, 708, 207, 57, 103, 1, 1, 1
36, 7, 708, 200, 68, 112, 1, 1, 1
37, 7, 728, 170, 57, 122, 1, 1, 1
38, 7, 715, 161, 73, 125, 1, 1, 1
39, 7, 731, 159, 57, 122, 1, 1, 1
40, 7, 728, 161, 60, 120, 1, 1, 1
41, 7, 734, 160, 62, 125, 1, 1, 1
42, 7, 735, 156, 61, 128, 1, 1, 1
43, 7, 734, 154, 64, 125, 1, 1, 1
44, 7, 745, 147, 55, 135, 1, 1, 1
45, 7, 735, 146, 68, 135, 1, 1, 1
46, 7, 747, 150, 66, 131, 1, 1, 1
47, 7, 748, 142, 63, 138, 1, 1, 1
48, 7, 747, 133, 69, 141, 1, 1, 1
49, 7, 747, 129, 84, 131, 1, 1, 1
50, 7, 751, 130, 82, 95, 1, 1, 1
51, 7, 755, 130, 85, 123, 1, 1, 1
52, 7, 752, 131, 87, 128, 1, 1, 1
53, 7, 760, 129, 80, 121, 1, 1, 1
54, 7, 753, 126, 87, 107, 1, 1, 1
55, 7, 755, 109, 62, 143, 1, 1, 1
56, 7, 746, 96, 65, 151, 1, 1, 1
