40, 3, 245, 303, 32, 29, 1, 1, 1
41, 3, 222, 305, 55, 34, 1, 1, 1
42, 3, 207, 303, 63, 36, 1, 1, 1
43, 3, 194, 304, 79, 37, 1, 1, 1
44, 3, 192, 303, 62, 51, 1, 1, 1
45, 3, 195, 299, 58, 54, 1, 1, 1
46, 3, 193, 297, 49, 58, 1, 1, 1
47, 3, 191, 288, 52, 51, 1, 1, 1
48, 3, 182, 282, 56, 49, 1, 1, 1
49, 3, 167, 280, 74, 58, 1, 1, 1
50, 3, 156, 275, 77, 64, 1, 1, 1
51, 3, 176, 278, 66, 60, 1, 1, 1
52, 3, 208, 281, 63, 54, 1, 1, 1
53, 3, 231, 278, 47, 61, 1, 1, 1
54, 3, 236, 279, 27, 53, 1, 1, 1
23, 7, 534, 353, 43, 21, 1, 1, 1
24, 7, 490, 352, 102, 38, 1, 1, 1
25, 7, 476, 348, 116, 42, 1, 1, 1
26, 7, 462, 359, 104, 35, 1, 1, 1
27, 7, 419, 351, 121, 84, 1, 1, 1
28, 7, 403, 351, 111, 74, 1, 1, 1
29, 7, 375, 349, 133, 88, 1, 1, 1
30, 7, 362, 343, 122, 92, 1, 1, 1
31, 7, 353, 337, 116, 100, 1, 1, 1
32, 7, 380, 350, 125, 87, 1, 1, 1
33, 7, 403, 348, 81, 87, 1, 1, 1
34, 7, 406, 348, 59, 96, 1, 1, 1
35, 7, 445, 359, 55, 90, 1, 1, 1
36, 7, 474, 369, 48, 72, 1, 1, 1
38, 7, 473, 310, 55, 92, 1, 1, 1
39, 7, 498, 311, 215, 92, 1, 1, 1
40, 7, 511, 317, 78, 99, 1, 1, 1
41, 7, 505, 330, 71, 73, 1, 1, 1
42, 7, 495, 328, 95, 98, 1, 1, 1
43, 7, 455, 330, 129, 100, 1, 1, 1
44, 7, 478, 328, 73, 110, 1, 1, 1
45, 7, 459, 320, 85, 118, 1, 1, 1
46, 7, 460, 334, 72, 108, 1, 1, 1
47, 7, 463, 333, 56, 79, 1, 1, 1
48, 7, 458, 330, 56, 83, 1, 1, 1
49, 7, 456, 326, 55, 90, 1, 1, 1
50, 7, 458, 334, 48, 81, 1, 1, 1
51, 7, 486, 321, 77, 92, 1, 1, 1
52, 7, 509, 315, 96, 96, 1, 1, 1
53, 7, 528, 307, 28, 34, 1, 1, 1
54, 7, 513, 300, 47, 60, 1, 1, 1
55, 7, 511, 295, 45, 66, 1, 1, 1
56, 7, 493, 291, 52, 47, 1, 1, 1
57, 7, 486, 278, 47, 55, 1, 1, 1
58, 7, 463, 289, 56, 33, 1, 1, 1
64, 7, 310, 264, 62, 61, 1, 1, 1
65, 7, 287, 260, 82, 69, 1, 1, 1
66, 7, 263, 249, 82, 82, 1, 1, 1
67, 7, 250, 251, 82, 81, 1, 1, 1
68, 7, 238, 256, 76, 79, 1, 1, 1
69, 7, 229, 256, 68, 64, 1, 1, 1
52, 8, 266, 290, 63, 37, 1, 1, 1
53, 8, 286, 282, 38, 36, 1, 1, 1
54, 8, 268, 274, 37, 42, 1, 1, 1
55, 8, 260, 275, 38, 51, 1, 1, 1
56, 8, 253, 268, 30, 41, 1, 1, 1
57, 8, 243, 262, 31, 20, 1, 1, 1
58, 8, 238, 255, 27, 26, 1, 1, 1
59, 8, 232, 248, 27, 21, 1, 1, 1
60, 8, 234, 244, 27, 27, 1, 1, 1
61, 8, 232, 246, 29, 34, 1, 1, 1
62, 8, 237, 247, 28, 36, 1, 1, 1
63, 8, 244, 253, 35, 43, 1, 1, 1
64, 8, 247, 240, 27, 60, 1, 1, 1
65, 8, 253, 238, 28, 50, 1, 1, 1
66, 8, 250, 235, 29, 42, 1, 1, 1
67, 8, 242, 232, 43, 32, 1, 1, 1
68, 8, 233, 226, 39, 35, 1, 1, 1
69, 8, 221, 234, 38, 23, 1, 1, 1
