45, 3, 427, 477, 263, 187, 1, 1, 1
46, 3, 451, 477, 256, 189, 1, 1, 1
47, 3, 462, 481, 266, 183, 1, 1, 1
48, 3, 471, 490, 273, 177, 1, 1, 1
49, 3, 505, 495, 254, 174, 1, 1, 1
50, 3, 527, 494, 236, 177, 1, 1, 1
51, 3, 540, 500, 236, 182, 1, 1, 1
52, 3, 546, 511, 250, 192, 1, 1, 1
53, 3, 565, 515, 263, 216, 1, 1, 1
54, 3, 590, 510, 257, 214, 1, 1, 1
55, 3, 628, 510, 243, 228, 1, 1, 1
56, 3, 633, 515, 256, 229, 1, 1, 1
57, 3, 638, 517, 266, 247, 1, 1, 1
58, 3, 650, 519, 277, 252, 1, 1, 1
59, 3, 668, 521, 272, 251, 1, 1, 1
60, 3, 676, 524, 284, 249, 1, 1, 1
61, 3, 682, 529, 302, 242, 1, 1, 1
62, 3, 686, 530, 331, 245, 1, 1, 1
63, 3, 696, 534, 361, 243, 1, 1, 1
64, 3, 739, 536, 332, 243, 1, 1, 1
65, 3, 784, 536, 306, 242, 1, 1, 1
66, 3, 794, 547, 323, 230, 1, 1, 1
67, 3, 801, 551, 346, 235, 1, 1, 1
68, 3, 820, 557, 356, 239, 1, 1, 1
69, 3, 848, 559, 328, 239, 1, 1, 1
70, 3, 853, 558, 336, 239, 1, 1, 1
71, 3, 849, 559, 356, 238, 1, 1, 1
72, 3, 850, 564, 372, 235, 1, 1, 1
73, 3, 857, 568, 395, 229, 1, 1, 1
74, 3, 880, 568, 438, 230, 1, 1, 1
75, 3, 942, 569, 384, 241, 1, 1, 1
76, 3, 988, 566, 349, 240, 1, 1, 1
77, 3, 992, 572, 373, 242, 1, 1, 1
78, 3, 1004, 582, 405, 236, 1, 1, 1
79, 3, 1025, 585, 435, 246, 1, 1, 1
80, 3, 1078, 584, 407, 255, 1, 1, 1
81, 3, 1118, 582, 400, 252, 1, 1, 1
82, 3, 1124, 589, 427, 246, 1, 1, 1
83, 3, 1133, 591, 458, 243, 1, 1, 1
84, 3, 1158, 597, 459, 259, 1, 1, 1
85, 3, 1219, 602, 412, 264, 1, 1, 1
86, 3, 1248, 612, 411, 264, 1, 1, 1
87, 3, 1265, 620, 444, 252, 1, 1, 1
88, 3, 1282, 622, 461, 280, 1, 1, 1
89, 3, 1342, 625, 419, 294, 1, 1, 1
90, 3, 1369, 629, 388, 288, 1, 1, 1
91, 3, 1364, 635, 407, 281, 1, 1, 1
92, 3, 1370, 638, 426, 277, 1, 1, 1
93, 3, 1402, 636, 399, 315, 1, 1, 1
94, 3, 1471, 639, 348, 308, 1, 1, 1
95, 3, 1486, 647, 372, 294, 1, 1, 1
96, 3, 1497, 658, 417, 306, 1, 1, 1
97, 3, 1557, 660, 363, 335, 1, 1, 1
98, 3, 1579, 662, 341, 329, 1, 1, 1
99, 3, 1588, 665, 332, 318, 1, 1, 1
100, 3, 1614, 670, 306, 310, 1, 1, 1
101, 3, 1670, 662, 250, 311, 1, 1, 1
102, 3, 1728, 658, 192, 308, 1, 1, 1
103, 3, 1743, 660, 177, 298, 1, 1, 1
104, 3, 1724, 663, 196, 272, 1, 1, 1
105, 3, 1721, 668, 199, 265, 1, 1, 1
106, 3, 1733, 669, 187, 260, 1, 1, 1
107, 3, 1754, 671, 166, 256, 1, 1, 1
108, 3, 1754, 677, 166, 247, 1, 1, 1
83, 5, 1192, 408, 259, 202, 1, 1, 1
84, 5, 1201, 410, 265, 212, 1, 1, 1
85, 5, 1208, 406, 269, 223, 1, 1, 1
86, 5, 1217, 407, 270, 232, 1, 1, 1
87, 5, 1229, 396, 285, 240, 1, 1, 1
88, 5, 1243, 389, 295, 243, 1, 1, 1
89, 5, 1270, 389, 285, 201, 1, 1, 1
90, 5, 1286, 388, 275, 202, 1, 1, 1
91, 5, 1300, 384, 282, 203, 1, 1, 1
92, 5, 1313, 377, 280, 205, 1, 1, 1
93, 5, 1304, 369, 297, 207, 1, 1, 1
94, 5, 1312, 366, 303, 201, 1, 1, 1
95, 5, 1336, 361, 296, 182, 1, 1, 1
96, 5, 1366, 349, 292, 191, 1, 1, 1
97, 5, 1376, 344, 310, 191, 1, 1, 1
98, 5, 1390, 341, 326, 190, 1, 1, 1
99, 5, 1427, 337, 319, 188, 1, 1, 1
100, 5, 1479, 331, 297, 188, 1, 1, 1
101, 5, 1505, 318, 303, 194, 1, 1, 1
102, 5, 1520, 307, 321, 196, 1, 1, 1
103, 5, 1545, 297, 332, 187, 1, 1, 1
104, 5, 1584, 292, 317, 186, 1, 1, 1
105, 5, 1602, 284, 318, 190, 1, 1, 1
106, 5, 1608, 281, 312, 194, 1, 1, 1
107, 5, 1623, 278, 297, 193, 1, 1, 1
108, 5, 1664, 277, 256, 193, 1, 1, 1
