50, 1, 135, 126, 282, 433, 1, 1, 1
51, 1, 50, 151, 383, 414, 1, 1, 1
52, 1, 50, 195, 370, 373, 1, 1, 1
53, 1, 0, 195, 460, 377, 1, 1, 1
54, 1, 67, 241, 467, 331, 1, 1, 1
55, 1, 135, 262, 473, 313, 1, 1, 1
56, 1, 230, 233, 396, 338, 1, 1, 1
57, 1, 232, 238, 416, 333, 1, 1, 1
58, 1, 327, 202, 326, 360, 1, 1, 1
59, 1, 429, 226, 266, 335, 1, 1, 1
60, 1, 468, 249, 205, 307, 1, 1, 1
61, 1, 476, 253, 184, 295, 1, 1, 1
62, 1, 489, 271, 168, 291, 1, 1, 1
63, 1, 497, 269, 178, 311, 1, 1, 1
64, 1, 538, 296, 182, 297, 1, 1, 1
