1, 1, 237, 254, 116, 144, 1, 1, 1
2, 1, 258, 216, 108, 179, 1, 1, 1
3, 1, 335, 215, 146, 185, 1, 1, 1
4, 1, 319, 260, 186, 154, 1, 1, 1
5, 1, 328, 266, 207, 67, 1, 1, 1
6, 1, 335, 344, 204, 56, 1, 1, 1
7, 1, 328, 284, 179, 140, 1, 1, 1
8, 1, 308, 223, 243, 191, 1, 1, 1
9, 1, 338, 209, 263, 233, 1, 1, 1
10, 1, 308, 208, 199, 255, 1, 1, 1
11, 1, 194, 281, 313, 209, 1, 1, 1
12, 1, 229, 318, 294, 172, 1, 1, 1
13, 1, 195, 266, 293, 224, 1, 1, 1
14, 1, 30, 324, 356, 166, 1, 1, 1
15, 1, 300, 463, 111, 27, 1, 1, 1
16, 1, 151, 383, 240, 107, 1, 1, 1
17, 1, 86, 321, 301, 169, 1, 1, 1
18, 1, 177, 249, 197, 241, 1, 1, 1
19, 1, 202, 190, 251, 300, 1, 1, 1
20, 1, 159, 156, 325, 334, 1, 1, 1
21, 1, 212, 163, 288, 306, 1, 1, 1
22, 1, 308, 199, 242, 272, 1, 1, 1
23, 1, 340, 222, 204, 217, 1, 1, 1
24, 1, 334, 244, 113, 168, 1, 1, 1
25, 1, 281, 248, 195, 185, 1, 1, 1
26, 1, 247, 248, 123, 183, 1, 1, 1
27, 1, 218, 270, 135, 185, 1, 1, 1
28, 1, 208, 305, 100, 185, 1, 1, 1
29, 1, 216, 309, 89, 181, 1, 1, 1
30, 1, 223, 293, 94, 185, 1, 1, 1
31, 1, 251, 273, 93, 217, 1, 1, 1
32, 1, 207, 236, 170, 245, 1, 1, 1
33, 1, 213, 191, 230, 251, 1, 1, 1
34, 1, 319, 201, 147, 220, 1, 1, 1
35, 1, 325, 186, 164, 238, 1, 1, 1
