1, 1, 364, 7, 1235, 961, 1, 1, 1
2, 1, 464, 23, 1137, 945, 1, 1, 1
3, 1, 491, 38, 1089, 937, 1, 1, 1
4, 1, 472, 36, 1066, 958, 1, 1, 1
5, 1, 429, 31, 1033, 962, 1, 1, 1
6, 1, 280, 35, 1150, 933, 1, 1, 1
7, 1, 251, 37, 1183, 931, 1, 1, 1
8, 1, 233, 42, 1202, 926, 1, 1, 1
9, 1, 352, 47, 1072, 922, 1, 1, 1
10, 1, 345, 45, 1055, 923, 1, 1, 1
11, 1, 341, 46, 1041, 923, 1, 1, 1
12, 1, 349, 47, 1062, 922, 1, 1, 1
13, 1, 344, 52, 1145, 917, 1, 1, 1
14, 1, 333, 52, 1208, 916, 1, 1, 1
15, 1, 392, 50, 1191, 919, 1, 1, 1
16, 1, 448, 43, 1171, 924, 1, 1, 1
17, 1, 464, 39, 1179, 930, 1, 1, 1
18, 1, 465, 42, 1216, 906, 1, 1, 1
19, 1, 466, 46, 1249, 902, 1, 1, 1
20, 1, 472, 44, 1279, 904, 1, 1, 1
21, 1, 491, 34, 1305, 915, 1, 1, 1
22, 1, 545, 26, 1305, 924, 1, 1, 1
23, 1, 485, 9, 1422, 942, 1, 1, 1
24, 1, 558, 4, 1358, 950, 1, 1, 1
25, 1, 656, 4, 1264, 948, 1, 1, 1
26, 1, 673, 0, 1247, 957, 1, 1, 1
27, 1, 681, 0, 1238, 953, 1, 1, 1
28, 1, 715, 1, 1205, 953, 1, 1, 1
29, 1, 841, 5, 1079, 950, 1, 1, 1
30, 1, 943, 4, 977, 946, 1, 1, 1
31, 1, 988, 2, 932, 952, 1, 1, 1
32, 1, 1016, 0, 904, 950, 1, 1, 1
33, 1, 1048, 0, 872, 951, 1, 1, 1
34, 1, 1037, 27, 883, 927, 1, 1, 1
35, 1, 951, 63, 969, 888, 1, 1, 1
36, 1, 998, 68, 922, 884, 1, 1, 1
37, 1, 1185, 66, 735, 886, 1, 1, 1
38, 1, 1373, 64, 547, 888, 1, 1, 1
39, 1, 1385, 68, 535, 884, 1, 1, 1
40, 1, 1392, 68, 528, 883, 1, 1, 1
41, 1, 1340, 63, 580, 886, 1, 1, 1
42, 1, 1310, 62, 610, 881, 1, 1, 1
43, 1, 1484, 67, 436, 855, 1, 1, 1
44, 1, 1665, 89, 255, 833, 1, 1, 1
45, 1, 1762, 119, 158, 804, 1, 1, 1
46, 1, 1795, 171, 125, 752, 1, 1, 1
47, 1, 1802, 251, 118, 671, 1, 1, 1
48, 1, 1791, 485, 129, 428, 1, 1, 1
49, 1, 1823, 590, 97, 132, 1, 1, 1
