32, 7, 1164, 469, 172, 262, 1, 1, 1
33, 7, 1127, 359, 173, 375, 1, 1, 1
34, 7, 1163, 338, 151, 341, 1, 1, 1
35, 7, 1128, 327, 198, 307, 1, 1, 1
36, 7, 1074, 321, 213, 216, 1, 1, 1
37, 7, 1053, 326, 202, 194, 1, 1, 1
38, 7, 1085, 313, 166, 204, 1, 1, 1
39, 7, 1106, 308, 140, 233, 1, 1, 1
40, 7, 1102, 305, 140, 235, 1, 1, 1
41, 7, 1093, 242, 123, 291, 1, 1, 1
42, 7, 1029, 233, 137, 210, 1, 1, 1
43, 7, 963, 248, 164, 185, 1, 1, 1
44, 7, 926, 176, 143, 181, 1, 1, 1
45, 7, 894, 130, 150, 234, 1, 1, 1
46, 7, 895, 131, 152, 233, 1, 1, 1
47, 7, 893, 127, 154, 235, 1, 1, 1
