35, 2, 784, 119, 496, 428, 1, 1, 1
36, 2, 796, 122, 484, 427, 1, 1, 1
37, 2, 811, 109, 469, 440, 1, 1, 1
38, 2, 826, 109, 454, 442, 1, 1, 1
39, 2, 839, 108, 441, 442, 1, 1, 1
40, 2, 854, 99, 426, 451, 1, 1, 1
41, 2, 872, 94, 408, 458, 1, 1, 1
42, 2, 888, 89, 392, 463, 1, 1, 1
43, 2, 907, 83, 373, 469, 1, 1, 1
44, 2, 925, 78, 355, 475, 1, 1, 1
45, 2, 939, 73, 341, 480, 1, 1, 1
46, 2, 956, 64, 324, 489, 1, 1, 1
47, 2, 981, 59, 299, 494, 1, 1, 1
48, 2, 999, 50, 281, 505, 1, 1, 1
49, 2, 1020, 44, 260, 513, 1, 1, 1
50, 2, 1041, 36, 239, 519, 1, 1, 1
51, 2, 1055, 32, 225, 526, 1, 1, 1
52, 2, 1081, 22, 199, 537, 1, 1, 1
53, 2, 1108, 13, 172, 512, 1, 1, 1
54, 2, 1134, 6, 146, 503, 1, 1, 1
