149, 4, 756, 421, 166, 108, 1, 1, 1
150, 4, 750, 421, 166, 107, 1, 1, 1
151, 4, 758, 423, 158, 106, 1, 1, 1
152, 4, 762, 427, 147, 101, 1, 1, 1
153, 4, 769, 430, 139, 99, 1, 1, 1
154, 4, 785, 427, 122, 103, 1, 1, 1
155, 4, 799, 424, 102, 105, 1, 1, 1
156, 4, 798, 427, 100, 103, 1, 1, 1
157, 4, 804, 424, 99, 106, 1, 1, 1
158, 4, 832, 425, 77, 104, 1, 1, 1
159, 4, 842, 425, 72, 101, 1, 1, 1
160, 4, 842, 424, 89, 103, 1, 1, 1
161, 4, 843, 421, 94, 105, 1, 1, 1
162, 4, 846, 421, 107, 104, 1, 1, 1
163, 4, 851, 420, 118, 106, 1, 1, 1
164, 4, 850, 420, 132, 105, 1, 1, 1
165, 4, 848, 418, 146, 107, 1, 1, 1
166, 4, 846, 417, 163, 107, 1, 1, 1
167, 4, 862, 414, 155, 107, 1, 1, 1
168, 4, 879, 416, 152, 100, 1, 1, 1
