1, 2, 218, 164, 278, 306, 1, 1, 1
2, 2, 221, 166, 271, 334, 1, 1, 1
3, 2, 221, 172, 270, 327, 1, 1, 1
4, 2, 224, 174, 280, 327, 1, 1, 1
5, 2, 225, 183, 295, 330, 1, 1, 1
6, 2, 237, 207, 285, 279, 1, 1, 1
7, 2, 205, 224, 288, 309, 1, 1, 1
8, 2, 158, 192, 291, 320, 1, 1, 1
9, 2, 174, 243, 254, 257, 1, 1, 1
10, 2, 144, 316, 279, 244, 1, 1, 1
11, 2, 178, 311, 284, 242, 1, 1, 1
12, 2, 186, 321, 283, 242, 1, 1, 1
13, 2, 155, 343, 201, 280, 1, 1, 1
14, 2, 126, 401, 163, 314, 1, 1, 1
15, 2, 128, 360, 128, 188, 1, 1, 1
16, 2, 93, 353, 136, 185, 1, 1, 1
17, 2, 121, 359, 113, 186, 1, 1, 1
18, 2, 311, 547, 78, 84, 1, 1, 1
19, 2, 100, 359, 126, 295, 1, 1, 1
20, 2, 17, 307, 166, 309, 1, 1, 1
21, 2, 21, 342, 168, 346, 1, 1, 1
22, 2, 104, 414, 187, 361, 1, 1, 1
23, 2, 121, 430, 217, 405, 1, 1, 1
24, 2, 92, 411, 295, 487, 1, 1, 1
25, 2, 50, 400, 362, 536, 1, 1, 1
26, 2, 59, 442, 340, 532, 1, 1, 1
