1, 2, 163, 261, 172, 123, 1, 1, 1
2, 2, 183, 251, 171, 137, 1, 1, 1
3, 2, 201, 262, 169, 126, 1, 1, 1
4, 2, 218, 266, 171, 127, 1, 1, 1
5, 2, 235, 269, 174, 129, 1, 1, 1
6, 2, 252, 267, 178, 131, 1, 1, 1
7, 2, 269, 269, 181, 132, 1, 1, 1
8, 2, 289, 272, 182, 133, 1, 1, 1
9, 2, 311, 272, 185, 137, 1, 1, 1
10, 2, 329, 274, 190, 136, 1, 1, 1
11, 2, 346, 276, 194, 136, 1, 1, 1
12, 2, 368, 283, 194, 137, 1, 1, 1
13, 2, 385, 285, 196, 141, 1, 1, 1
14, 2, 402, 290, 197, 141, 1, 1, 1
15, 2, 419, 292, 190, 143, 1, 1, 1
16, 2, 434, 294, 186, 147, 1, 1, 1
17, 2, 452, 294, 180, 149, 1, 1, 1
