1, 7, 1331, 176, 589, 904, 1, 1, 1
2, 7, 1328, 128, 398, 810, 1, 1, 1
3, 7, 1265, 120, 200, 557, 1, 1, 1
4, 7, 1219, 123, 203, 465, 1, 1, 1
5, 7, 1171, 103, 213, 417, 1, 1, 1
6, 7, 1121, 106, 181, 357, 1, 1, 1
7, 7, 1076, 98, 175, 314, 1, 1, 1
8, 7, 1047, 88, 161, 285, 1, 1, 1
9, 7, 1027, 75, 150, 263, 1, 1, 1
10, 7, 1003, 74, 142, 241, 1, 1, 1
11, 7, 986, 81, 139, 222, 1, 1, 1
12, 7, 979, 93, 129, 206, 1, 1, 1
13, 7, 988, 106, 116, 188, 1, 1, 1
14, 7, 997, 114, 107, 178, 1, 1, 1
15, 7, 1008, 119, 96, 167, 1, 1, 1
16, 7, 1005, 120, 94, 159, 1, 1, 1
17, 7, 1008, 117, 81, 150, 1, 1, 1
18, 7, 1012, 114, 77, 144, 1, 1, 1
19, 7, 1014, 113, 77, 135, 1, 1, 1
20, 7, 1029, 134, 62, 91, 1, 1, 1
21, 7, 1039, 158, 28, 74, 1, 1, 1
22, 7, 991, 105, 21, 5, 1, 1, 1
23, 7, 981, 106, 64, 112, 1, 1, 1
24, 7, 992, 122, 48, 91, 1, 1, 1
25, 7, 960, 103, 70, 104, 1, 1, 1
26, 7, 981, 118, 41, 84, 1, 1, 1
29, 7, 964, 139, 12, 30, 1, 1, 1
30, 7, 953, 96, 44, 91, 1, 1, 1
31, 7, 944, 93, 42, 90, 1, 1, 1
32, 7, 939, 110, 33, 70, 1, 1, 1
33, 7, 934, 108, 25, 69, 1, 1, 1
34, 7, 924, 109, 34, 65, 1, 1, 1
35, 7, 912, 106, 29, 65, 1, 1, 1
1, 6, 1062, 44, 74, 217, 1, 1, 1
2, 6, 1029, 4, 88, 242, 1, 1, 1
3, 6, 992, 33, 68, 196, 1, 1, 1
4, 6, 967, 19, 78, 205, 1, 1, 1
5, 6, 919, 9, 91, 206, 1, 1, 1
6, 6, 868, 13, 105, 193, 1, 1, 1
7, 6, 838, 10, 99, 185, 1, 1, 1
8, 6, 826, 6, 88, 175, 1, 1, 1
9, 6, 839, 4, 67, 166, 1, 1, 1
10, 6, 817, 13, 82, 155, 1, 1, 1
11, 6, 816, 29, 84, 144, 1, 1, 1
12, 6, 824, 43, 81, 141, 1, 1, 1
13, 6, 844, 60, 73, 132, 1, 1, 1
14, 6, 852, 70, 72, 129, 1, 1, 1
15, 6, 857, 79, 65, 124, 1, 1, 1
16, 6, 860, 81, 61, 122, 1, 1, 1
17, 6, 876, 83, 47, 115, 1, 1, 1
18, 6, 882, 83, 45, 113, 1, 1, 1
20, 6, 876, 82, 17, 39, 1, 1, 1
21, 6, 876, 81, 44, 101, 1, 1, 1
22, 6, 871, 81, 44, 82, 1, 1, 1
23, 6, 879, 122, 23, 55, 1, 1, 1
26, 6, 841, 77, 19, 37, 1, 1, 1
27, 6, 857, 94, 30, 73, 1, 1, 1
28, 6, 856, 79, 34, 87, 1, 1, 1
29, 6, 864, 81, 38, 81, 1, 1, 1
30, 6, 865, 80, 39, 81, 1, 1, 1
31, 6, 882, 96, 18, 62, 1, 1, 1
32, 6, 884, 94, 21, 61, 1, 1, 1
33, 6, 886, 93, 22, 61, 1, 1, 1
34, 6, 888, 96, 22, 57, 1, 1, 1
35, 6, 892, 96, 15, 55, 1, 1, 1
