1, 5, 559, 213, 73, 95, 1, 1, 1
2, 5, 557, 211, 73, 97, 1, 1, 1
3, 5, 565, 207, 67, 101, 1, 1, 1
4, 5, 564, 209, 65, 110, 1, 1, 1
5, 5, 565, 208, 62, 110, 1, 1, 1
6, 5, 567, 203, 60, 115, 1, 1, 1
7, 5, 568, 203, 58, 116, 1, 1, 1
8, 5, 566, 203, 60, 116, 1, 1, 1
9, 5, 564, 203, 58, 116, 1, 1, 1
10, 5, 566, 203, 57, 116, 1, 1, 1
11, 5, 565, 203, 55, 115, 1, 1, 1
12, 5, 567, 204, 53, 115, 1, 1, 1
13, 5, 567, 205, 52, 115, 1, 1, 1
14, 5, 567, 205, 54, 116, 1, 1, 1
15, 5, 566, 205, 56, 113, 1, 1, 1
16, 5, 565, 201, 55, 118, 1, 1, 1
17, 5, 565, 205, 54, 112, 1, 1, 1
18, 5, 561, 209, 56, 108, 1, 1, 1
19, 5, 560, 208, 57, 112, 1, 1, 1
20, 5, 560, 213, 58, 106, 1, 1, 1
21, 5, 559, 213, 68, 105, 1, 1, 1
22, 5, 559, 213, 69, 105, 1, 1, 1
23, 5, 559, 217, 70, 101, 1, 1, 1
24, 5, 559, 215, 68, 102, 1, 1, 1
25, 5, 559, 214, 70, 104, 1, 1, 1
26, 5, 559, 216, 70, 101, 1, 1, 1
27, 5, 559, 216, 68, 103, 1, 1, 1
28, 5, 559, 216, 69, 102, 1, 1, 1
29, 5, 561, 212, 68, 106, 1, 1, 1
30, 5, 559, 214, 70, 107, 1, 1, 1
31, 5, 560, 215, 70, 105, 1, 1, 1
32, 5, 561, 214, 69, 106, 1, 1, 1
33, 5, 559, 214, 69, 106, 1, 1, 1
34, 5, 559, 214, 72, 106, 1, 1, 1
35, 5, 559, 214, 71, 105, 1, 1, 1
36, 5, 560, 214, 70, 106, 1, 1, 1
37, 5, 560, 215, 68, 104, 1, 1, 1
38, 5, 561, 214, 69, 105, 1, 1, 1
39, 5, 561, 213, 68, 105, 1, 1, 1
40, 5, 560, 213, 68, 105, 1, 1, 1
