30, 10, 0, 543, 23, 25, 1, 1, 1
31, 10, 0, 500, 40, 56, 1, 1, 1
32, 10, 0, 481, 47, 94, 1, 1, 1
33, 10, 0, 477, 66, 76, 1, 1, 1
34, 10, 0, 462, 80, 87, 1, 1, 1
35, 10, 0, 457, 91, 87, 1, 1, 1
36, 10, 0, 452, 110, 66, 1, 1, 1
37, 10, 13, 448, 120, 69, 1, 1, 1
38, 10, 34, 448, 132, 63, 1, 1, 1
39, 10, 79, 445, 123, 108, 1, 1, 1
40, 10, 108, 443, 125, 104, 1, 1, 1
41, 10, 121, 437, 141, 101, 1, 1, 1
42, 10, 154, 433, 134, 92, 1, 1, 1
43, 10, 187, 431, 123, 90, 1, 1, 1
44, 10, 202, 432, 126, 89, 1, 1, 1
45, 10, 216, 434, 130, 87, 1, 1, 1
46, 10, 233, 434, 131, 92, 1, 1, 1
47, 10, 251, 436, 125, 91, 1, 1, 1
48, 10, 250, 433, 135, 91, 1, 1, 1
49, 10, 251, 431, 144, 89, 1, 1, 1
50, 10, 252, 425, 142, 88, 1, 1, 1
51, 10, 238, 420, 139, 91, 1, 1, 1
52, 10, 231, 416, 125, 91, 1, 1, 1
53, 10, 186, 407, 131, 93, 1, 1, 1
54, 10, 129, 409, 155, 94, 1, 1, 1
55, 10, 87, 412, 149, 94, 1, 1, 1
56, 10, 61, 412, 137, 94, 1, 1, 1
57, 10, 25, 406, 137, 100, 1, 1, 1
58, 10, 0, 410, 128, 95, 1, 1, 1
59, 10, 0, 409, 99, 99, 1, 1, 1
60, 10, 0, 412, 60, 90, 1, 1, 1
