1, 4, 427, 297, 276, 383, 1, 1, 1
2, 4, 479, 322, 272, 430, 1, 1, 1
3, 4, 530, 407, 252, 440, 1, 1, 1
4, 4, 517, 522, 306, 450, 1, 1, 1
5, 4, 500, 689, 309, 375, 1, 1, 1
6, 4, 498, 804, 349, 234, 1, 1, 1
7, 4, 448, 595, 342, 309, 1, 1, 1
8, 4, 386, 564, 368, 253, 1, 1, 1
9, 4, 367, 535, 343, 305, 1, 1, 1
10, 4, 350, 574, 331, 379, 1, 1, 1
11, 4, 306, 727, 326, 327, 1, 1, 1
12, 4, 286, 848, 342, 232, 1, 1, 1
13, 4, 343, 908, 374, 172, 1, 1, 1
14, 4, 391, 830, 386, 250, 1, 1, 1
15, 4, 404, 793, 405, 237, 1, 1, 1
16, 4, 385, 753, 404, 239, 1, 1, 1
17, 4, 343, 739, 420, 240, 1, 1, 1
18, 4, 340, 692, 423, 286, 1, 1, 1
19, 4, 417, 680, 424, 304, 1, 1, 1
20, 4, 426, 677, 421, 266, 1, 1, 1
21, 4, 437, 706, 435, 265, 1, 1, 1
22, 4, 429, 696, 428, 273, 1, 1, 1
23, 4, 451, 726, 441, 261, 1, 1, 1
24, 4, 460, 731, 440, 267, 1, 1, 1
25, 4, 470, 752, 431, 249, 1, 1, 1
26, 4, 488, 743, 447, 266, 1, 1, 1
27, 4, 491, 757, 440, 260, 1, 1, 1
28, 4, 545, 770, 435, 277, 1, 1, 1
29, 4, 543, 779, 444, 266, 1, 1, 1
30, 4, 551, 793, 454, 262, 1, 1, 1
31, 4, 550, 773, 459, 297, 1, 1, 1
32, 4, 573, 796, 465, 284, 1, 1, 1
33, 4, 578, 805, 482, 275, 1, 1, 1
34, 4, 596, 848, 493, 232, 1, 1, 1
35, 4, 604, 883, 471, 197, 1, 1, 1
36, 4, 666, 1028, 442, 52, 1, 1, 1
37, 4, 856, 951, 479, 129, 1, 1, 1
38, 4, 960, 906, 485, 174, 1, 1, 1
39, 4, 984, 789, 481, 257, 1, 1, 1
40, 4, 918, 743, 486, 254, 1, 1, 1
41, 4, 835, 743, 482, 237, 1, 1, 1
42, 4, 768, 720, 484, 261, 1, 1, 1
43, 4, 695, 760, 480, 254, 1, 1, 1
44, 4, 660, 754, 482, 279, 1, 1, 1
45, 4, 733, 634, 433, 400, 1, 1, 1
46, 4, 902, 461, 248, 472, 1, 1, 1
47, 4, 893, 403, 365, 422, 1, 1, 1
48, 4, 807, 439, 476, 355, 1, 1, 1
49, 4, 790, 478, 483, 315, 1, 1, 1
50, 4, 759, 567, 474, 242, 1, 1, 1
51, 4, 732, 584, 474, 246, 1, 1, 1
52, 4, 720, 614, 461, 237, 1, 1, 1
53, 4, 706, 561, 475, 301, 1, 1, 1
54, 4, 728, 601, 478, 272, 1, 1, 1
55, 4, 748, 594, 472, 287, 1, 1, 1
56, 4, 753, 663, 460, 314, 1, 1, 1
57, 4, 779, 847, 442, 233, 1, 1, 1
58, 4, 810, 962, 450, 118, 1, 1, 1
59, 4, 820, 967, 436, 113, 1, 1, 1
60, 4, 753, 917, 443, 163, 1, 1, 1
61, 4, 709, 866, 445, 214, 1, 1, 1
62, 4, 661, 885, 429, 195, 1, 1, 1
63, 4, 594, 845, 436, 235, 1, 1, 1
64, 4, 548, 767, 440, 307, 1, 1, 1
65, 4, 567, 720, 454, 293, 1, 1, 1
66, 4, 706, 488, 353, 428, 1, 1, 1
67, 4, 738, 241, 374, 432, 1, 1, 1
68, 4, 670, 130, 475, 378, 1, 1, 1
69, 4, 670, 117, 464, 314, 1, 1, 1
70, 4, 673, 131, 454, 328, 1, 1, 1
71, 4, 697, 258, 433, 267, 1, 1, 1
72, 4, 768, 268, 419, 263, 1, 1, 1
73, 4, 852, 275, 388, 259, 1, 1, 1
74, 4, 914, 290, 366, 263, 1, 1, 1
75, 4, 961, 333, 359, 273, 1, 1, 1
76, 4, 1041, 403, 328, 292, 1, 1, 1
77, 4, 1072, 535, 334, 287, 1, 1, 1
78, 4, 1124, 689, 323, 224, 1, 1, 1
79, 4, 1171, 748, 340, 170, 1, 1, 1
80, 4, 1209, 728, 340, 185, 1, 1, 1
81, 4, 1275, 730, 294, 183, 1, 1, 1
82, 4, 1368, 725, 224, 188, 1, 1, 1
83, 4, 1478, 737, 143, 177, 1, 1, 1
84, 4, 1523, 758, 131, 157, 1, 1, 1
85, 4, 1562, 787, 123, 137, 1, 1, 1
86, 4, 1509, 740, 224, 185, 1, 1, 1
87, 4, 1445, 712, 318, 220, 1, 1, 1
88, 4, 1399, 746, 335, 193, 1, 1, 1
89, 4, 1353, 728, 337, 206, 1, 1, 1
90, 4, 1294, 706, 343, 220, 1, 1, 1
91, 4, 1237, 697, 336, 222, 1, 1, 1
92, 4, 1185, 705, 336, 208, 1, 1, 1
93, 4, 1126, 715, 330, 198, 1, 1, 1
94, 4, 1041, 691, 344, 221, 1, 1, 1
95, 4, 944, 638, 267, 285, 1, 1, 1
96, 4, 887, 518, 202, 330, 1, 1, 1
