4, 3, 708, 395, 541, 685, 1, 1, 1
5, 3, 702, 429, 560, 651, 1, 1, 1
6, 3, 706, 447, 550, 632, 1, 1, 1
7, 3, 704, 460, 543, 619, 1, 1, 1
8, 3, 692, 439, 566, 641, 1, 1, 1
9, 3, 697, 436, 562, 643, 1, 1, 1
10, 3, 706, 400, 574, 680, 1, 1, 1
17, 2, 488, 326, 340, 708, 1, 1, 1
18, 2, 495, 351, 336, 683, 1, 1, 1
19, 2, 494, 417, 337, 617, 1, 1, 1
20, 2, 496, 353, 336, 679, 1, 1, 1
36, 5, 1056, 385, 441, 695, 1, 1, 1
37, 5, 1074, 432, 423, 647, 1, 1, 1
38, 5, 1060, 409, 432, 671, 1, 1, 1
39, 5, 1057, 421, 456, 658, 1, 1, 1
40, 5, 1059, 413, 431, 667, 1, 1, 1
41, 5, 1060, 456, 444, 624, 1, 1, 1
46, 4, 892, 101, 369, 829, 1, 1, 1
47, 4, 883, 188, 350, 742, 1, 1, 1
48, 4, 890, 164, 355, 764, 1, 1, 1
49, 4, 871, 179, 377, 552, 1, 1, 1
64, 6, 825, 189, 451, 478, 1, 1, 1
65, 6, 827, 190, 472, 467, 1, 1, 1
66, 6, 813, 218, 452, 427, 1, 1, 1
67, 6, 829, 205, 399, 455, 1, 1, 1
68, 6, 793, 277, 448, 385, 1, 1, 1
74, 4, 882, 127, 284, 794, 1, 1, 1
75, 4, 874, 171, 302, 752, 1, 1, 1
76, 4, 862, 185, 334, 772, 1, 1, 1
77, 4, 887, 141, 364, 599, 1, 1, 1
100, 2, 487, 346, 351, 689, 1, 1, 1
101, 2, 494, 346, 343, 688, 1, 1, 1
102, 2, 497, 353, 339, 678, 1, 1, 1
103, 2, 498, 409, 336, 625, 1, 1, 1
104, 2, 498, 440, 339, 596, 1, 1, 1
105, 2, 479, 382, 352, 649, 1, 1, 1
106, 2, 492, 353, 342, 682, 1, 1, 1
107, 2, 494, 344, 341, 690, 1, 1, 1
121, 3, 785, 563, 521, 517, 1, 1, 1
122, 3, 794, 570, 514, 509, 1, 1, 1
123, 3, 783, 610, 526, 470, 1, 1, 1
124, 3, 796, 609, 550, 471, 1, 1, 1
125, 3, 810, 628, 536, 450, 1, 1, 1
126, 3, 821, 562, 586, 518, 1, 1, 1
148, 6, 811, 191, 436, 460, 1, 1, 1
149, 6, 807, 208, 442, 598, 1, 1, 1
150, 6, 826, 217, 414, 615, 1, 1, 1
151, 6, 827, 208, 414, 620, 1, 1, 1
152, 6, 817, 216, 432, 427, 1, 1, 1
