74, 3, 1188, 695, 163, 91, 1, 1, 1
75, 3, 1167, 715, 187, 71, 1, 1, 1
76, 3, 1112, 733, 183, 57, 1, 1, 1
77, 3, 1084, 725, 180, 63, 1, 1, 1
78, 3, 1030, 742, 186, 43, 1, 1, 1
79, 3, 989, 743, 186, 44, 1, 1, 1
80, 3, 956, 738, 179, 54, 1, 1, 1
81, 3, 910, 747, 178, 50, 1, 1, 1
82, 3, 871, 753, 190, 41, 1, 1, 1
83, 3, 815, 750, 194, 43, 1, 1, 1
84, 3, 774, 746, 186, 52, 1, 1, 1
85, 3, 721, 751, 205, 51, 1, 1, 1
86, 3, 666, 757, 208, 43, 1, 1, 1
87, 3, 597, 750, 253, 50, 1, 1, 1
88, 3, 575, 745, 183, 61, 1, 1, 1
89, 3, 551, 730, 169, 71, 1, 1, 1
90, 3, 533, 712, 184, 87, 1, 1, 1
91, 3, 524, 708, 205, 84, 1, 1, 1
92, 3, 524, 709, 176, 75, 1, 1, 1
93, 3, 493, 681, 223, 83, 1, 1, 1
94, 3, 471, 694, 222, 55, 1, 1, 1
