1, 5, 767, 0, 30, 50, 1, 1, 1
2, 5, 751, 0, 44, 70, 1, 1, 1
3, 5, 719, 0, 53, 103, 1, 1, 1
4, 5, 681, 0, 63, 126, 1, 1, 1
5, 5, 645, 0, 76, 145, 1, 1, 1
6, 5, 600, 0, 85, 163, 1, 1, 1
7, 5, 588, 5, 74, 172, 1, 1, 1
8, 5, 560, 7, 84, 181, 1, 1, 1
9, 5, 553, 10, 99, 191, 1, 1, 1
10, 5, 560, 23, 93, 197, 1, 1, 1
11, 5, 557, 42, 96, 206, 1, 1, 1
12, 5, 580, 66, 98, 215, 1, 1, 1
13, 5, 622, 90, 122, 231, 1, 1, 1
14, 5, 656, 108, 127, 242, 1, 1, 1
15, 5, 696, 122, 127, 254, 1, 1, 1
16, 5, 729, 136, 141, 270, 1, 1, 1
17, 5, 778, 144, 138, 287, 1, 1, 1
18, 5, 809, 152, 161, 308, 1, 1, 1
19, 5, 855, 157, 175, 335, 1, 1, 1
20, 5, 897, 165, 184, 367, 1, 1, 1
21, 5, 936, 173, 210, 404, 1, 1, 1
22, 5, 972, 183, 236, 456, 1, 1, 1
23, 5, 1010, 194, 268, 523, 1, 1, 1
24, 5, 1054, 208, 312, 607, 1, 1, 1
25, 5, 1115, 244, 367, 713, 1, 1, 1
26, 5, 1221, 298, 467, 782, 1, 1, 1
27, 5, 1314, 355, 586, 724, 1, 1, 1
28, 5, 1427, 470, 493, 610, 1, 1, 1
29, 5, 1587, 718, 331, 362, 1, 1, 1
2, 10, 791, 17, 9, 28, 1, 1, 1
3, 10, 768, 0, 10, 76, 1, 1, 1
4, 10, 729, 0, 34, 94, 1, 1, 1
5, 10, 703, 0, 34, 111, 1, 1, 1
6, 10, 679, 0, 33, 126, 1, 1, 1
7, 10, 655, 0, 39, 130, 1, 1, 1
8, 10, 639, 4, 42, 141, 1, 1, 1
9, 10, 633, 0, 52, 154, 1, 1, 1
10, 10, 621, 8, 40, 162, 1, 1, 1
11, 10, 626, 103, 40, 92, 1, 1, 1
12, 10, 654, 108, 26, 93, 1, 1, 1
13, 10, 634, 97, 41, 153, 1, 1, 1
14, 10, 656, 119, 27, 45, 1, 1, 1
15, 10, 664, 105, 49, 200, 1, 1, 1
16, 10, 676, 114, 74, 208, 1, 1, 1
17, 10, 710, 114, 69, 222, 1, 1, 1
18, 10, 709, 116, 101, 237, 1, 1, 1
19, 10, 722, 120, 122, 250, 1, 1, 1
20, 10, 737, 125, 130, 266, 1, 1, 1
21, 10, 751, 131, 136, 280, 1, 1, 1
22, 10, 764, 139, 148, 299, 1, 1, 1
23, 10, 777, 144, 163, 325, 1, 1, 1
24, 10, 798, 151, 179, 351, 1, 1, 1
25, 10, 822, 160, 189, 384, 1, 1, 1
26, 10, 856, 172, 212, 433, 1, 1, 1
27, 10, 883, 178, 237, 480, 1, 1, 1
28, 10, 920, 198, 270, 540, 1, 1, 1
29, 10, 974, 219, 311, 627, 1, 1, 1
30, 10, 1047, 244, 367, 755, 1, 1, 1
31, 10, 1108, 278, 507, 802, 1, 1, 1
32, 10, 1187, 333, 733, 747, 1, 1, 1
33, 10, 1322, 426, 598, 654, 1, 1, 1
34, 10, 1560, 736, 360, 344, 1, 1, 1
