39, 1, 318, 573, 185, 220, 1, 1, 1
40, 1, 314, 566, 190, 219, 1, 1, 1
41, 1, 314, 560, 195, 225, 1, 1, 1
42, 1, 321, 558, 187, 227, 1, 1, 1
43, 1, 328, 555, 180, 227, 1, 1, 1
44, 1, 326, 559, 178, 230, 1, 1, 1
45, 1, 324, 569, 167, 225, 1, 1, 1
46, 1, 311, 585, 166, 216, 1, 1, 1
47, 1, 296, 592, 168, 218, 1, 1, 1
48, 1, 279, 604, 171, 214, 1, 1, 1
49, 1, 268, 611, 164, 215, 1, 1, 1
50, 1, 255, 596, 158, 238, 1, 1, 1
51, 1, 232, 632, 160, 215, 1, 1, 1
52, 1, 215, 639, 163, 214, 1, 1, 1
53, 1, 195, 652, 166, 211, 1, 1, 1
54, 1, 176, 652, 162, 222, 1, 1, 1
55, 1, 162, 654, 152, 229, 1, 1, 1
56, 1, 158, 674, 142, 216, 1, 1, 1
57, 1, 156, 673, 144, 216, 1, 1, 1
