1, 2, 563, 854, 1353, 1498, 1, 1, 1
2, 2, 481, 831, 1457, 1534, 1, 1, 1
3, 2, 593, 800, 1353, 1544, 1, 1, 1
4, 2, 402, 759, 1542, 1572, 1, 1, 1
5, 2, 385, 742, 1555, 1549, 1, 1, 1
6, 2, 361, 716, 1564, 1515, 1, 1, 1
7, 2, 337, 690, 1588, 1578, 1, 1, 1
8, 2, 859, 654, 1073, 1597, 1, 1, 1
9, 2, 778, 665, 1167, 1665, 1, 1, 1
10, 2, 346, 722, 1605, 1574, 1, 1, 1
11, 2, 414, 751, 1539, 1580, 1, 1, 1
12, 2, 274, 770, 1661, 1569, 1, 1, 1
13, 2, 226, 786, 1676, 1558, 1, 1, 1
14, 2, 266, 822, 1603, 1585, 1, 1, 1
15, 2, 62, 854, 1798, 1611, 1, 1, 1
16, 2, 231, 870, 1635, 1649, 1, 1, 1
17, 2, 356, 845, 1504, 1680, 1, 1, 1
18, 2, 0, 822, 1858, 1713, 1, 1, 1
19, 2, 343, 813, 1514, 1764, 1, 1, 1
20, 2, 346, 800, 1509, 1647, 1, 1, 1
21, 2, 261, 812, 1445, 1780, 1, 1, 1
22, 2, 252, 817, 1453, 1753, 1, 1, 1
23, 2, 479, 835, 1209, 1779, 1, 1, 1
24, 2, 176, 870, 1615, 1586, 1, 1, 1
25, 2, 126, 885, 1693, 1704, 1, 1, 1
26, 2, 0, 1407, 1840, 1287, 1, 1, 1
27, 2, 2, 1423, 1825, 1254, 1, 1, 1
28, 2, 2, 1433, 1773, 1001, 1, 1, 1
29, 2, 232, 1400, 1517, 998, 1, 1, 1
30, 2, 1, 1154, 1418, 1458, 1, 1, 1
31, 2, 2, 828, 1685, 1675, 1, 1, 1
32, 2, 0, 819, 1659, 1655, 1, 1, 1
33, 2, 0, 798, 1670, 1670, 1, 1, 1
34, 2, 0, 744, 1688, 1888, 1, 1, 1
35, 2, 0, 752, 1682, 1908, 1, 1, 1
36, 2, 0, 779, 1703, 1920, 1, 1, 1
37, 2, 0, 831, 1688, 1854, 1, 1, 1
38, 2, 0, 837, 1699, 1809, 1, 1, 1
39, 2, 0, 883, 1706, 1769, 1, 1, 1
40, 2, 0, 1040, 1730, 1181, 1, 1, 1
41, 2, 0, 1061, 1747, 1116, 1, 1, 1
42, 2, 0, 1027, 1725, 1221, 1, 1, 1
43, 2, 0, 625, 1689, 1839, 1, 1, 1
44, 2, 0, 523, 1619, 1869, 1, 1, 1
45, 2, 0, 450, 1446, 1890, 1, 1, 1
46, 2, 0, 361, 1402, 2065, 1, 1, 1
47, 2, 1, 226, 1407, 2063, 1, 1, 1
48, 2, 0, 141, 1516, 2149, 1, 1, 1
49, 2, 0, 147, 1626, 2068, 1, 1, 1
50, 2, 0, 159, 1370, 2072, 1, 1, 1
51, 2, 0, 165, 1337, 2062, 1, 1, 1
52, 2, 0, 187, 1380, 2031, 1, 1, 1
53, 2, 0, 181, 1254, 1842, 1, 1, 1
54, 2, 0, 157, 1150, 1742, 1, 1, 1
55, 2, 0, 111, 1138, 1674, 1, 1, 1
56, 2, 0, 71, 1192, 1664, 1, 1, 1
57, 2, 0, 13, 1248, 1432, 1, 1, 1
58, 2, 0, 0, 1287, 1567, 1, 1, 1
59, 2, 1, 0, 1298, 1504, 1, 1, 1
60, 2, 0, 0, 1322, 2016, 1, 1, 1
