27, 3, 296, 274, 221, 202, 1, 1, 1
28, 3, 302, 235, 284, 224, 1, 1, 1
29, 3, 310, 157, 220, 267, 1, 1, 1
30, 3, 331, 123, 182, 286, 1, 1, 1
31, 3, 350, 152, 150, 313, 1, 1, 1
32, 3, 351, 191, 145, 291, 1, 1, 1
33, 3, 319, 198, 186, 314, 1, 1, 1
34, 3, 287, 196, 236, 348, 1, 1, 1
35, 3, 286, 250, 301, 294, 1, 1, 1
36, 3, 246, 267, 395, 242, 1, 1, 1
37, 3, 377, 217, 279, 223, 1, 1, 1
38, 3, 461, 208, 242, 203, 1, 1, 1
39, 3, 508, 158, 244, 188, 1, 1, 1
40, 3, 518, 134, 283, 164, 1, 1, 1
41, 3, 539, 102, 256, 173, 1, 1, 1
25, 1, 0, 254, 280, 126, 1, 1, 1
26, 1, 0, 246, 307, 150, 1, 1, 1
27, 1, 0, 221, 332, 180, 1, 1, 1
28, 1, 0, 169, 350, 233, 1, 1, 1
29, 1, 36, 87, 346, 188, 1, 1, 1
30, 1, 94, 29, 335, 209, 1, 1, 1
31, 1, 155, 25, 311, 234, 1, 1, 1
32, 1, 145, 56, 336, 249, 1, 1, 1
33, 1, 154, 69, 321, 254, 1, 1, 1
34, 1, 206, 121, 311, 192, 1, 1, 1
35, 1, 231, 159, 347, 157, 1, 1, 1
36, 1, 272, 170, 328, 130, 1, 1, 1
37, 1, 327, 146, 323, 122, 1, 1, 1
38, 1, 380, 117, 312, 159, 1, 1, 1
39, 1, 461, 70, 253, 129, 1, 1, 1
40, 1, 496, 62, 255, 110, 1, 1, 1
41, 1, 630, 64, 162, 82, 1, 1, 1
16, 4, 795, 454, 165, 90, 1, 1, 1
17, 4, 742, 381, 218, 163, 1, 1, 1
18, 4, 715, 351, 245, 193, 1, 1, 1
19, 4, 684, 305, 276, 239, 1, 1, 1
20, 4, 614, 277, 240, 267, 1, 1, 1
21, 4, 592, 244, 247, 297, 1, 1, 1
22, 4, 588, 229, 213, 269, 1, 1, 1
23, 4, 572, 246, 195, 271, 1, 1, 1
24, 4, 551, 270, 202, 222, 1, 1, 1
25, 4, 526, 248, 209, 201, 1, 1, 1
26, 4, 503, 239, 196, 192, 1, 1, 1
27, 4, 480, 222, 186, 192, 1, 1, 1
28, 4, 453, 154, 221, 159, 1, 1, 1
29, 4, 436, 51, 189, 170, 1, 1, 1
30, 4, 447, 0, 149, 201, 1, 1, 1
31, 4, 475, 7, 120, 202, 1, 1, 1
32, 4, 474, 38, 166, 177, 1, 1, 1
33, 4, 487, 92, 266, 151, 1, 1, 1
34, 4, 501, 134, 276, 149, 1, 1, 1
35, 4, 565, 153, 288, 221, 1, 1, 1
36, 4, 671, 212, 167, 229, 1, 1, 1
37, 4, 632, 224, 264, 241, 1, 1, 1
38, 4, 631, 220, 311, 220, 1, 1, 1
39, 4, 649, 198, 311, 227, 1, 1, 1
40, 4, 701, 173, 259, 231, 1, 1, 1
41, 4, 721, 146, 239, 227, 1, 1, 1
