8, 2, 424, 757, 210, 353, 1, 1, 1
9, 2, 381, 737, 222, 307, 1, 1, 1
10, 2, 381, 727, 211, 359, 1, 1, 1
11, 2, 370, 735, 245, 381, 1, 1, 1
12, 2, 392, 778, 234, 352, 1, 1, 1
13, 2, 397, 745, 255, 390, 1, 1, 1
14, 2, 390, 734, 282, 387, 1, 1, 1
15, 2, 387, 727, 299, 397, 1, 1, 1
16, 2, 391, 747, 284, 396, 1, 1, 1
17, 2, 389, 766, 321, 395, 1, 1, 1
18, 2, 381, 775, 293, 403, 1, 1, 1
19, 2, 372, 754, 289, 396, 1, 1, 1
20, 2, 383, 743, 292, 391, 1, 1, 1
21, 2, 403, 704, 291, 390, 1, 1, 1
22, 2, 421, 700, 286, 382, 1, 1, 1
23, 2, 418, 677, 275, 385, 1, 1, 1
24, 2, 432, 684, 251, 384, 1, 1, 1
25, 2, 446, 674, 238, 386, 1, 1, 1
26, 2, 441, 678, 248, 384, 1, 1, 1
27, 2, 427, 641, 240, 393, 1, 1, 1
28, 2, 456, 661, 245, 374, 1, 1, 1
29, 2, 515, 658, 271, 381, 1, 1, 1
30, 2, 585, 688, 276, 374, 1, 1, 1
31, 2, 599, 692, 305, 390, 1, 1, 1
32, 2, 644, 721, 319, 398, 1, 1, 1
33, 2, 687, 721, 314, 393, 1, 1, 1
34, 2, 716, 731, 319, 390, 1, 1, 1
35, 2, 728, 724, 330, 383, 1, 1, 1
