1, 1, 42, 257, 984, 703, 1, 1, 1
2, 1, 40, 264, 990, 703, 1, 1, 1
3, 1, 44, 268, 1014, 678, 1, 1, 1
4, 1, 40, 0, 1016, 938, 1, 1, 1
5, 1, 41, 259, 978, 689, 1, 1, 1
6, 1, 48, 270, 1017, 667, 1, 1, 1
7, 1, 57, 287, 1024, 627, 1, 1, 1
8, 1, 70, 291, 1017, 654, 1, 1, 1
9, 1, 68, 292, 990, 614, 1, 1, 1
10, 1, 50, 310, 1024, 645, 1, 1, 1
11, 1, 45, 311, 1006, 644, 1, 1, 1
12, 1, 47, 313, 1028, 628, 1, 1, 1
13, 1, 29, 320, 1010, 606, 1, 1, 1
14, 1, 1, 313, 1019, 601, 1, 1, 1
15, 1, 0, 311, 986, 626, 1, 1, 1
16, 1, 0, 301, 1023, 629, 1, 1, 1
17, 1, 0, 304, 984, 598, 1, 1, 1
18, 1, 0, 302, 961, 597, 1, 1, 1
19, 1, 0, 301, 991, 616, 1, 1, 1
20, 1, 0, 294, 977, 642, 1, 1, 1
21, 1, 0, 308, 999, 639, 1, 1, 1
22, 1, 0, 308, 1026, 655, 1, 1, 1
23, 1, 16, 314, 1005, 638, 1, 1, 1
24, 1, 21, 322, 1003, 633, 1, 1, 1
25, 1, 33, 326, 984, 631, 1, 1, 1
26, 1, 52, 336, 1012, 608, 1, 1, 1
27, 1, 65, 344, 1000, 599, 1, 1, 1
28, 1, 78, 330, 989, 624, 1, 1, 1
29, 1, 89, 336, 972, 616, 1, 1, 1
30, 1, 98, 334, 979, 606, 1, 1, 1
31, 1, 116, 331, 963, 604, 1, 1, 1
32, 1, 119, 326, 978, 615, 1, 1, 1
33, 1, 116, 316, 963, 613, 1, 1, 1
34, 1, 122, 322, 962, 606, 1, 1, 1
35, 1, 151, 334, 948, 600, 1, 1, 1
36, 1, 150, 358, 955, 578, 1, 1, 1
1, 2, 446, 266, 719, 405, 1, 1, 1
2, 2, 445, 305, 709, 353, 1, 1, 1
3, 2, 637, 247, 527, 399, 1, 1, 1
4, 2, 637, 196, 539, 436, 1, 1, 1
5, 2, 633, 194, 541, 380, 1, 1, 1
6, 2, 643, 210, 534, 368, 1, 1, 1
7, 2, 615, 231, 592, 359, 1, 1, 1
8, 2, 635, 271, 579, 313, 1, 1, 1
9, 2, 649, 277, 543, 304, 1, 1, 1
10, 2, 611, 248, 576, 333, 1, 1, 1
11, 2, 607, 242, 590, 387, 1, 1, 1
12, 2, 638, 217, 523, 362, 1, 1, 1
13, 2, 578, 225, 569, 349, 1, 1, 1
14, 2, 578, 224, 546, 350, 1, 1, 1
15, 2, 543, 205, 566, 389, 1, 1, 1
16, 2, 534, 180, 583, 417, 1, 1, 1
17, 2, 554, 193, 591, 373, 1, 1, 1
18, 2, 532, 200, 589, 375, 1, 1, 1
19, 2, 533, 212, 582, 331, 1, 1, 1
20, 2, 547, 199, 571, 370, 1, 1, 1
21, 2, 553, 201, 553, 344, 1, 1, 1
22, 2, 562, 200, 544, 360, 1, 1, 1
23, 2, 558, 201, 548, 336, 1, 1, 1
24, 2, 554, 208, 544, 335, 1, 1, 1
25, 2, 554, 221, 521, 324, 1, 1, 1
26, 2, 565, 230, 498, 326, 1, 1, 1
27, 2, 547, 242, 510, 319, 1, 1, 1
28, 2, 535, 246, 518, 321, 1, 1, 1
29, 2, 540, 240, 522, 318, 1, 1, 1
30, 2, 559, 240, 502, 325, 1, 1, 1
31, 2, 555, 235, 511, 268, 1, 1, 1
32, 2, 575, 207, 478, 333, 1, 1, 1
33, 2, 517, 196, 522, 335, 1, 1, 1
34, 2, 505, 183, 536, 369, 1, 1, 1
35, 2, 510, 179, 522, 388, 1, 1, 1
36, 2, 373, 178, 692, 368, 1, 1, 1
1, 3, 1241, 429, 679, 651, 1, 1, 1
2, 3, 1373, 408, 547, 670, 1, 1, 1
3, 3, 1360, 384, 560, 696, 1, 1, 1
4, 3, 1342, 375, 578, 705, 1, 1, 1
5, 3, 1351, 379, 569, 700, 1, 1, 1
6, 3, 1301, 384, 619, 696, 1, 1, 1
7, 3, 1325, 407, 595, 673, 1, 1, 1
8, 3, 1273, 413, 647, 666, 1, 1, 1
9, 3, 1171, 432, 749, 647, 1, 1, 1
10, 3, 1130, 453, 790, 627, 1, 1, 1
11, 3, 1109, 471, 811, 609, 1, 1, 1
12, 3, 1017, 494, 903, 585, 1, 1, 1
13, 3, 1022, 521, 897, 559, 1, 1, 1
14, 3, 995, 533, 925, 547, 1, 1, 1
15, 3, 942, 540, 978, 540, 1, 1, 1
16, 3, 992, 544, 928, 536, 1, 1, 1
17, 3, 1086, 559, 834, 521, 1, 1, 1
18, 3, 1132, 563, 788, 517, 1, 1, 1
19, 3, 1103, 570, 817, 510, 1, 1, 1
20, 3, 1052, 558, 868, 522, 1, 1, 1
21, 3, 1022, 578, 898, 502, 1, 1, 1
22, 3, 980, 570, 940, 510, 1, 1, 1
23, 3, 985, 579, 935, 501, 1, 1, 1
24, 3, 1013, 588, 907, 492, 1, 1, 1
25, 3, 995, 621, 925, 459, 1, 1, 1
26, 3, 967, 618, 952, 462, 1, 1, 1
27, 3, 988, 616, 931, 464, 1, 1, 1
28, 3, 1044, 662, 876, 418, 1, 1, 1
29, 3, 1057, 669, 863, 411, 1, 1, 1
30, 3, 1020, 630, 887, 450, 1, 1, 1
31, 3, 992, 618, 869, 462, 1, 1, 1
32, 3, 947, 657, 909, 423, 1, 1, 1
33, 3, 876, 641, 976, 439, 1, 1, 1
34, 3, 939, 614, 905, 466, 1, 1, 1
35, 3, 947, 581, 895, 499, 1, 1, 1
36, 3, 974, 558, 870, 522, 1, 1, 1
