5, 2, 347, 483, 227, 165, 1, 1, 1
6, 2, 339, 476, 243, 172, 1, 1, 1
7, 2, 334, 495, 244, 153, 1, 1, 1
8, 2, 332, 510, 253, 138, 1, 1, 1
9, 2, 324, 501, 263, 147, 1, 1, 1
10, 2, 310, 489, 261, 159, 1, 1, 1
11, 2, 294, 491, 258, 157, 1, 1, 1
12, 2, 259, 487, 280, 161, 1, 1, 1
13, 2, 226, 474, 307, 167, 1, 1, 1
14, 2, 219, 466, 293, 166, 1, 1, 1
15, 2, 206, 479, 276, 163, 1, 1, 1
16, 2, 189, 498, 286, 150, 1, 1, 1
17, 2, 189, 494, 307, 154, 1, 1, 1
18, 2, 205, 494, 296, 154, 1, 1, 1
19, 2, 205, 494, 285, 154, 1, 1, 1
20, 2, 202, 481, 273, 163, 1, 1, 1
21, 2, 196, 480, 273, 162, 1, 1, 1
22, 2, 203, 481, 278, 161, 1, 1, 1
23, 2, 221, 469, 298, 164, 1, 1, 1
24, 2, 247, 469, 275, 165, 1, 1, 1
25, 2, 237, 477, 265, 163, 1, 1, 1
26, 2, 203, 483, 277, 165, 1, 1, 1
27, 2, 188, 470, 278, 168, 1, 1, 1
28, 2, 227, 470, 265, 167, 1, 1, 1
29, 2, 222, 474, 274, 171, 1, 1, 1
30, 2, 180, 459, 308, 189, 1, 1, 1
31, 2, 260, 453, 290, 195, 1, 1, 1
32, 2, 326, 432, 279, 191, 1, 1, 1
33, 2, 276, 429, 292, 188, 1, 1, 1
34, 2, 156, 453, 326, 195, 1, 1, 1
35, 2, 161, 469, 303, 179, 1, 1, 1
36, 2, 170, 473, 291, 175, 1, 1, 1
37, 2, 186, 483, 300, 165, 1, 1, 1
38, 2, 199, 475, 311, 173, 1, 1, 1
39, 2, 202, 458, 294, 190, 1, 1, 1
40, 2, 189, 455, 272, 193, 1, 1, 1
41, 2, 124, 459, 278, 189, 1, 1, 1
42, 2, 47, 465, 272, 183, 1, 1, 1
43, 2, 37, 465, 259, 183, 1, 1, 1
