12, 6, 648, 376, 232, 176, 1, 1, 1
13, 6, 634, 375, 239, 177, 1, 1, 1
14, 6, 620, 376, 221, 175, 1, 1, 1
15, 6, 603, 372, 223, 180, 1, 1, 1
16, 6, 585, 373, 223, 181, 1, 1, 1
17, 6, 564, 379, 233, 178, 1, 1, 1
18, 6, 545, 381, 241, 182, 1, 1, 1
19, 6, 516, 384, 230, 181, 1, 1, 1
20, 6, 497, 385, 234, 180, 1, 1, 1
21, 6, 490, 384, 224, 186, 1, 1, 1
22, 6, 471, 388, 238, 182, 1, 1, 1
23, 6, 454, 391, 235, 177, 1, 1, 1
24, 6, 435, 388, 213, 179, 1, 1, 1
25, 6, 414, 380, 228, 186, 1, 1, 1
26, 6, 402, 384, 237, 179, 1, 1, 1
27, 6, 378, 384, 230, 178, 1, 1, 1
28, 6, 353, 382, 222, 176, 1, 1, 1
29, 6, 336, 378, 228, 182, 1, 1, 1
30, 6, 336, 379, 224, 180, 1, 1, 1
31, 6, 331, 381, 198, 178, 1, 1, 1
32, 6, 286, 378, 218, 180, 1, 1, 1
33, 6, 309, 377, 179, 181, 1, 1, 1
34, 6, 251, 381, 236, 176, 1, 1, 1
35, 6, 248, 382, 212, 177, 1, 1, 1
36, 6, 253, 379, 179, 178, 1, 1, 1
37, 6, 180, 378, 229, 180, 1, 1, 1
38, 6, 198, 383, 208, 176, 1, 1, 1
39, 6, 176, 386, 214, 171, 1, 1, 1
40, 6, 148, 383, 215, 175, 1, 1, 1
41, 6, 166, 377, 176, 180, 1, 1, 1
42, 6, 139, 384, 184, 177, 1, 1, 1
43, 6, 138, 377, 183, 181, 1, 1, 1
44, 6, 76, 388, 228, 176, 1, 1, 1
45, 6, 63, 388, 197, 174, 1, 1, 1
46, 6, 45, 390, 196, 170, 1, 1, 1
47, 6, 43, 390, 191, 171, 1, 1, 1
48, 6, 24, 391, 197, 170, 1, 1, 1
49, 6, 5, 392, 186, 171, 1, 1, 1
50, 6, 10, 393, 143, 169, 1, 1, 1
51, 6, 0, 395, 109, 170, 1, 1, 1
52, 6, 0, 396, 90, 169, 1, 1, 1
53, 6, 0, 404, 73, 159, 1, 1, 1
29, 7, 689, 339, 191, 134, 1, 1, 1
30, 7, 676, 336, 194, 136, 1, 1, 1
31, 7, 670, 337, 192, 135, 1, 1, 1
32, 7, 663, 337, 162, 135, 1, 1, 1
33, 7, 662, 338, 107, 135, 1, 1, 1
34, 7, 650, 341, 121, 132, 1, 1, 1
35, 7, 639, 341, 130, 133, 1, 1, 1
36, 7, 631, 341, 146, 132, 1, 1, 1
37, 7, 621, 340, 147, 133, 1, 1, 1
38, 7, 608, 340, 150, 135, 1, 1, 1
39, 7, 593, 352, 130, 123, 1, 1, 1
40, 7, 583, 338, 118, 137, 1, 1, 1
41, 7, 642, 431, 44, 44, 1, 1, 1
42, 7, 630, 425, 33, 50, 1, 1, 1
43, 7, 580, 408, 83, 69, 1, 1, 1
44, 7, 569, 404, 80, 73, 1, 1, 1
45, 7, 551, 407, 40, 59, 1, 1, 1
46, 7, 564, 431, 61, 46, 1, 1, 1
47, 7, 547, 427, 73, 51, 1, 1, 1
48, 7, 588, 468, 22, 12, 1, 1, 1
49, 7, 494, 426, 88, 55, 1, 1, 1
50, 7, 450, 426, 35, 37, 1, 1, 1
51, 7, 532, 472, 12, 7, 1, 1, 1
52, 7, 388, 435, 118, 53, 1, 1, 1
53, 7, 380, 452, 105, 37, 1, 1, 1
54, 7, 449, 479, 22, 11, 1, 1, 1
55, 7, 420, 476, 37, 19, 1, 1, 1
56, 7, 394, 478, 40, 18, 1, 1, 1
57, 7, 391, 489, 29, 8, 1, 1, 1
58, 7, 361, 487, 23, 10, 1, 1, 1
59, 7, 355, 490, 24, 11, 1, 1, 1
60, 7, 358, 447, 114, 57, 1, 1, 1
61, 7, 360, 359, 99, 145, 1, 1, 1
62, 7, 398, 355, 66, 143, 1, 1, 1
63, 7, 365, 354, 95, 145, 1, 1, 1
64, 7, 348, 355, 102, 149, 1, 1, 1
65, 7, 290, 355, 156, 152, 1, 1, 1
66, 7, 300, 353, 140, 154, 1, 1, 1
67, 7, 277, 352, 155, 156, 1, 1, 1
68, 7, 252, 352, 172, 155, 1, 1, 1
69, 7, 235, 354, 199, 156, 1, 1, 1
70, 7, 221, 352, 182, 156, 1, 1, 1
71, 7, 209, 349, 184, 158, 1, 1, 1
41, 10, 566, 317, 410, 250, 1, 1, 1
42, 10, 552, 314, 388, 252, 1, 1, 1
43, 10, 539, 312, 372, 254, 1, 1, 1
44, 10, 525, 311, 384, 255, 1, 1, 1
45, 10, 502, 311, 403, 253, 1, 1, 1
46, 10, 478, 315, 415, 248, 1, 1, 1
47, 10, 452, 313, 403, 246, 1, 1, 1
48, 10, 427, 313, 392, 247, 1, 1, 1
49, 10, 398, 315, 388, 247, 1, 1, 1
50, 10, 365, 315, 378, 248, 1, 1, 1
51, 10, 340, 317, 386, 247, 1, 1, 1
52, 10, 312, 319, 397, 246, 1, 1, 1
53, 10, 281, 323, 402, 244, 1, 1, 1
54, 10, 253, 320, 408, 243, 1, 1, 1
55, 10, 231, 321, 382, 243, 1, 1, 1
56, 10, 209, 324, 355, 243, 1, 1, 1
57, 10, 189, 326, 372, 241, 1, 1, 1
58, 10, 164, 328, 393, 238, 1, 1, 1
59, 10, 139, 327, 388, 237, 1, 1, 1
60, 10, 118, 324, 398, 241, 1, 1, 1
61, 10, 100, 326, 375, 239, 1, 1, 1
62, 10, 84, 328, 367, 240, 1, 1, 1
63, 10, 65, 333, 376, 234, 1, 1, 1
64, 10, 44, 334, 379, 229, 1, 1, 1
65, 10, 22, 335, 356, 228, 1, 1, 1
66, 10, 4, 335, 342, 228, 1, 1, 1
67, 10, 0, 333, 337, 229, 1, 1, 1
68, 10, 0, 335, 304, 224, 1, 1, 1
69, 10, 0, 333, 240, 225, 1, 1, 1
70, 10, 0, 333, 217, 224, 1, 1, 1
71, 10, 0, 331, 207, 226, 1, 1, 1
67, 12, 549, 379, 228, 170, 1, 1, 1
68, 12, 535, 378, 217, 169, 1, 1, 1
69, 12, 521, 375, 205, 168, 1, 1, 1
70, 12, 506, 374, 215, 168, 1, 1, 1
71, 12, 496, 373, 208, 167, 1, 1, 1
