17, 2, 501, 0, 465, 622, 1, 1, 1
18, 2, 467, 0, 499, 622, 1, 1, 1
19, 2, 447, 0, 519, 601, 1, 1, 1
20, 2, 430, 0, 536, 609, 1, 1, 1
21, 2, 407, 0, 559, 622, 1, 1, 1
22, 2, 396, 0, 570, 622, 1, 1, 1
23, 2, 386, 0, 568, 622, 1, 1, 1
24, 2, 382, 0, 564, 622, 1, 1, 1
25, 2, 377, 0, 589, 622, 1, 1, 1
26, 2, 376, 0, 590, 621, 1, 1, 1
64, 2, 166, 72, 464, 548, 1, 1, 1
65, 2, 183, 56, 459, 566, 1, 1, 1
66, 2, 153, 57, 500, 565, 1, 1, 1
67, 2, 70, 43, 578, 579, 1, 1, 1
68, 2, 0, 19, 590, 588, 1, 1, 1
69, 2, 0, 45, 499, 576, 1, 1, 1
70, 2, 0, 33, 481, 508, 1, 1, 1
71, 2, 0, 20, 483, 517, 1, 1, 1
72, 2, 0, 32, 494, 491, 1, 1, 1
