1, 2, 222, 168, 121, 118, 1, 1, 1
2, 2, 184, 164, 115, 126, 1, 1, 1
3, 2, 149, 149, 98, 140, 1, 1, 1
4, 2, 107, 187, 128, 143, 1, 1, 1
5, 2, 76, 164, 128, 152, 1, 1, 1
6, 2, 67, 143, 68, 180, 1, 1, 1
7, 2, 62, 139, 62, 195, 1, 1, 1
8, 2, 59, 140, 59, 198, 1, 1, 1
9, 2, 59, 141, 55, 196, 1, 1, 1
10, 2, 60, 146, 48, 192, 1, 1, 1
11, 2, 62, 151, 39, 188, 1, 1, 1
12, 2, 65, 159, 28, 182, 1, 1, 1
13, 2, 63, 234, 19, 106, 1, 1, 1
14, 2, 64, 250, 15, 82, 1, 1, 1
38, 2, 111, 203, 48, 35, 1, 1, 1
39, 2, 113, 220, 42, 25, 1, 1, 1
40, 2, 110, 226, 54, 22, 1, 1, 1
41, 2, 105, 228, 68, 35, 1, 1, 1
42, 2, 101, 232, 91, 124, 1, 1, 1
43, 2, 104, 222, 116, 189, 1, 1, 1
44, 2, 102, 220, 119, 201, 1, 1, 1
45, 2, 104, 212, 115, 212, 1, 1, 1
46, 2, 101, 206, 132, 239, 1, 1, 1
47, 2, 98, 201, 152, 243, 1, 1, 1
48, 2, 94, 199, 158, 246, 1, 1, 1
49, 2, 87, 206, 173, 244, 1, 1, 1
50, 2, 76, 211, 183, 239, 1, 1, 1
51, 2, 69, 218, 185, 239, 1, 1, 1
52, 2, 62, 220, 192, 238, 1, 1, 1
53, 2, 55, 223, 199, 231, 1, 1, 1
54, 2, 42, 222, 201, 236, 1, 1, 1
55, 2, 29, 213, 208, 247, 1, 1, 1
56, 2, 22, 203, 209, 253, 1, 1, 1
57, 2, 10, 196, 216, 262, 1, 1, 1
58, 2, 1, 187, 214, 272, 1, 1, 1
59, 2, 0, 179, 211, 297, 1, 1, 1
60, 2, 1, 174, 206, 300, 1, 1, 1
61, 2, 1, 170, 199, 304, 1, 1, 1
62, 2, 0, 168, 197, 306, 1, 1, 1
63, 2, 0, 165, 190, 302, 1, 1, 1
64, 2, 0, 153, 186, 317, 1, 1, 1
65, 2, 0, 141, 180, 328, 1, 1, 1
66, 2, 0, 130, 175, 339, 1, 1, 1
67, 2, 0, 113, 172, 355, 1, 1, 1
68, 2, 0, 97, 169, 370, 1, 1, 1
69, 2, 0, 87, 164, 388, 1, 1, 1
70, 2, 0, 77, 160, 430, 1, 1, 1
71, 2, 0, 76, 152, 458, 1, 1, 1
72, 2, 1, 78, 148, 469, 1, 1, 1
73, 2, 0, 84, 138, 454, 1, 1, 1
74, 2, 0, 104, 133, 437, 1, 1, 1
75, 2, 0, 116, 121, 427, 1, 1, 1
76, 2, 0, 135, 116, 411, 1, 1, 1
77, 2, 0, 143, 110, 404, 1, 1, 1
78, 2, 0, 147, 108, 401, 1, 1, 1
79, 2, 0, 149, 112, 398, 1, 1, 1
80, 2, 0, 154, 110, 392, 1, 1, 1
81, 2, 0, 148, 107, 399, 1, 1, 1
82, 2, 0, 145, 103, 401, 1, 1, 1
83, 2, 0, 148, 93, 400, 1, 1, 1
84, 2, 0, 152, 88, 397, 1, 1, 1
2, 4, 371, 177, 77, 84, 1, 1, 1
3, 4, 372, 162, 88, 101, 1, 1, 1
4, 4, 355, 159, 90, 110, 1, 1, 1
5, 4, 368, 142, 62, 139, 1, 1, 1
6, 4, 367, 143, 69, 138, 1, 1, 1
7, 4, 370, 142, 70, 138, 1, 1, 1
8, 4, 372, 142, 75, 143, 1, 1, 1
9, 4, 370, 142, 76, 156, 1, 1, 1
10, 4, 367, 145, 79, 159, 1, 1, 1
11, 4, 366, 150, 97, 153, 1, 1, 1
12, 4, 365, 155, 84, 150, 1, 1, 1
13, 4, 363, 162, 87, 145, 1, 1, 1
14, 4, 365, 166, 92, 137, 1, 1, 1
15, 4, 367, 164, 91, 140, 1, 1, 1
16, 4, 372, 163, 97, 142, 1, 1, 1
17, 4, 379, 162, 88, 145, 1, 1, 1
18, 4, 375, 159, 89, 152, 1, 1, 1
19, 4, 384, 156, 80, 165, 1, 1, 1
20, 4, 383, 157, 84, 158, 1, 1, 1
21, 4, 386, 158, 85, 155, 1, 1, 1
22, 4, 385, 165, 87, 149, 1, 1, 1
23, 4, 382, 168, 95, 148, 1, 1, 1
24, 4, 384, 171, 93, 147, 1, 1, 1
25, 4, 380, 172, 102, 148, 1, 1, 1
26, 4, 378, 171, 105, 148, 1, 1, 1
27, 4, 379, 172, 104, 155, 1, 1, 1
28, 4, 384, 175, 102, 152, 1, 1, 1
29, 4, 387, 176, 99, 158, 1, 1, 1
30, 4, 387, 182, 100, 157, 1, 1, 1
31, 4, 391, 184, 99, 160, 1, 1, 1
32, 4, 392, 187, 104, 161, 1, 1, 1
33, 4, 390, 190, 102, 161, 1, 1, 1
34, 4, 389, 198, 110, 151, 1, 1, 1
35, 4, 388, 196, 110, 155, 1, 1, 1
36, 4, 394, 200, 106, 150, 1, 1, 1
37, 4, 428, 207, 76, 146, 1, 1, 1
38, 4, 471, 279, 27, 38, 1, 1, 1
39, 4, 403, 217, 65, 40, 1, 1, 1
40, 4, 408, 217, 98, 48, 1, 1, 1
41, 4, 461, 223, 49, 38, 1, 1, 1
50, 4, 378, 221, 95, 71, 1, 1, 1
51, 4, 379, 229, 115, 122, 1, 1, 1
52, 4, 376, 243, 120, 156, 1, 1, 1
53, 4, 372, 243, 132, 184, 1, 1, 1
54, 4, 367, 239, 135, 180, 1, 1, 1
55, 4, 367, 233, 136, 193, 1, 1, 1
56, 4, 370, 229, 133, 210, 1, 1, 1
57, 4, 370, 222, 139, 230, 1, 1, 1
58, 4, 375, 216, 139, 241, 1, 1, 1
59, 4, 382, 208, 141, 245, 1, 1, 1
60, 4, 384, 203, 141, 252, 1, 1, 1
61, 4, 385, 208, 146, 248, 1, 1, 1
62, 4, 387, 210, 149, 243, 1, 1, 1
63, 4, 394, 209, 150, 239, 1, 1, 1
64, 4, 398, 208, 148, 238, 1, 1, 1
65, 4, 399, 202, 153, 245, 1, 1, 1
66, 4, 399, 195, 157, 249, 1, 1, 1
67, 4, 406, 188, 154, 254, 1, 1, 1
68, 4, 412, 178, 152, 267, 1, 1, 1
69, 4, 412, 173, 157, 278, 1, 1, 1
70, 4, 412, 164, 161, 302, 1, 1, 1
71, 4, 412, 164, 165, 317, 1, 1, 1
72, 4, 409, 162, 172, 323, 1, 1, 1
73, 4, 406, 162, 180, 319, 1, 1, 1
74, 4, 402, 169, 193, 312, 1, 1, 1
75, 4, 396, 181, 210, 299, 1, 1, 1
76, 4, 395, 187, 232, 293, 1, 1, 1
77, 4, 392, 184, 248, 302, 1, 1, 1
78, 4, 389, 185, 250, 299, 1, 1, 1
79, 4, 391, 184, 249, 297, 1, 1, 1
80, 4, 396, 175, 244, 309, 1, 1, 1
81, 4, 404, 166, 235, 321, 1, 1, 1
82, 4, 404, 161, 236, 325, 1, 1, 1
83, 4, 413, 153, 227, 336, 1, 1, 1
84, 4, 419, 147, 221, 390, 1, 1, 1
