39, 2, 303, 0, 373, 455, 1, 1, 1
40, 2, 274, 0, 472, 497, 1, 1, 1
41, 2, 162, 0, 480, 478, 1, 1, 1
42, 2, 182, 0, 470, 432, 1, 1, 1
43, 2, 146, 0, 508, 391, 1, 1, 1
44, 2, 94, 0, 622, 419, 1, 1, 1
45, 2, 241, 89, 577, 329, 1, 1, 1
46, 2, 270, 47, 481, 573, 1, 1, 1
47, 2, 270, 49, 492, 571, 1, 1, 1
48, 2, 345, 8, 425, 612, 1, 1, 1
49, 2, 405, 0, 379, 620, 1, 1, 1
50, 2, 458, 6, 382, 614, 1, 1, 1
51, 2, 475, 0, 363, 620, 1, 1, 1
52, 2, 473, 0, 350, 620, 1, 1, 1
53, 2, 479, 0, 330, 619, 1, 1, 1
54, 2, 400, 0, 383, 619, 1, 1, 1
55, 2, 497, 0, 386, 550, 1, 1, 1
56, 2, 319, 30, 556, 570, 1, 1, 1
57, 2, 289, 0, 585, 620, 1, 1, 1
58, 2, 237, 0, 714, 567, 1, 1, 1
59, 2, 201, 0, 744, 522, 1, 1, 1
60, 2, 169, 0, 676, 177, 1, 1, 1
61, 2, 145, 0, 899, 160, 1, 1, 1
62, 2, 24, 0, 612, 129, 1, 1, 1
63, 2, 29, 0, 622, 110, 1, 1, 1
64, 2, 221, 0, 649, 77, 1, 1, 1
65, 2, 0, 0, 879, 186, 1, 1, 1
66, 2, 0, 0, 871, 227, 1, 1, 1
67, 2, 0, 0, 871, 232, 1, 1, 1
