5, 1, 563, 473, 318, 175, 1, 1, 1
6, 1, 567, 468, 335, 179, 1, 1, 1
7, 1, 568, 484, 340, 164, 1, 1, 1
8, 1, 578, 494, 320, 154, 1, 1, 1
9, 1, 572, 488, 279, 160, 1, 1, 1
10, 1, 555, 476, 280, 172, 1, 1, 1
11, 1, 539, 478, 290, 170, 1, 1, 1
12, 1, 532, 470, 301, 178, 1, 1, 1
13, 1, 526, 460, 304, 180, 1, 1, 1
14, 1, 509, 448, 287, 182, 1, 1, 1
15, 1, 482, 458, 294, 184, 1, 1, 1
16, 1, 474, 478, 309, 170, 1, 1, 1
17, 1, 492, 472, 319, 176, 1, 1, 1
18, 1, 493, 475, 320, 173, 1, 1, 1
19, 1, 481, 477, 301, 171, 1, 1, 1
20, 1, 464, 464, 276, 177, 1, 1, 1
21, 1, 462, 458, 291, 177, 1, 1, 1
22, 1, 467, 463, 308, 178, 1, 1, 1
23, 1, 509, 456, 302, 175, 1, 1, 1
24, 1, 513, 453, 282, 176, 1, 1, 1
25, 1, 495, 455, 296, 182, 1, 1, 1
26, 1, 478, 463, 311, 179, 1, 1, 1
27, 1, 454, 454, 336, 179, 1, 1, 1
28, 1, 466, 458, 341, 174, 1, 1, 1
29, 1, 466, 458, 327, 184, 1, 1, 1
30, 1, 449, 445, 368, 203, 1, 1, 1
31, 1, 539, 440, 371, 207, 1, 1, 1
32, 1, 605, 411, 378, 208, 1, 1, 1
33, 1, 574, 409, 360, 202, 1, 1, 1
34, 1, 482, 434, 330, 206, 1, 1, 1
35, 1, 465, 448, 362, 200, 1, 1, 1
36, 1, 451, 446, 384, 202, 1, 1, 1
37, 1, 444, 452, 398, 196, 1, 1, 1
38, 1, 440, 454, 377, 194, 1, 1, 1
39, 1, 431, 442, 355, 206, 1, 1, 1
40, 1, 417, 443, 356, 205, 1, 1, 1
41, 1, 320, 440, 395, 206, 1, 1, 1
42, 1, 275, 446, 377, 202, 1, 1, 1
43, 1, 265, 451, 344, 197, 1, 1, 1
