2, 1, 216, 661, 320, 689, 1, 1, 1
3, 1, 301, 680, 265, 728, 1, 1, 1
4, 1, 343, 716, 297, 673, 1, 1, 1
5, 1, 318, 728, 388, 674, 1, 1, 1
6, 1, 298, 736, 408, 678, 1, 1, 1
7, 1, 289, 755, 433, 635, 1, 1, 1
8, 1, 310, 775, 445, 648, 1, 1, 1
9, 1, 390, 786, 439, 679, 1, 1, 1
10, 1, 426, 808, 437, 693, 1, 1, 1
11, 1, 438, 822, 472, 673, 1, 1, 1
12, 1, 427, 825, 438, 642, 1, 1, 1
13, 1, 393, 828, 397, 655, 1, 1, 1
14, 1, 368, 817, 385, 645, 1, 1, 1
15, 1, 380, 840, 376, 634, 1, 1, 1
16, 1, 366, 847, 358, 632, 1, 1, 1
17, 1, 366, 803, 371, 546, 1, 1, 1
18, 1, 395, 797, 328, 545, 1, 1, 1
19, 1, 407, 780, 309, 578, 1, 1, 1
20, 1, 409, 779, 307, 591, 1, 1, 1
21, 1, 426, 792, 308, 545, 1, 1, 1
22, 1, 413, 794, 307, 497, 1, 1, 1
2, 2, 503, 755, 321, 514, 1, 1, 1
3, 2, 453, 760, 396, 538, 1, 1, 1
4, 2, 527, 814, 323, 475, 1, 1, 1
5, 2, 536, 835, 302, 513, 1, 1, 1
6, 2, 510, 862, 346, 471, 1, 1, 1
7, 2, 520, 894, 340, 426, 1, 1, 1
8, 2, 497, 868, 399, 475, 1, 1, 1
9, 2, 558, 901, 368, 409, 1, 1, 1
10, 2, 541, 869, 405, 475, 1, 1, 1
11, 2, 451, 780, 445, 387, 1, 1, 1
12, 2, 431, 782, 455, 603, 1, 1, 1
13, 2, 416, 792, 448, 364, 1, 1, 1
14, 2, 437, 781, 394, 402, 1, 1, 1
15, 2, 457, 779, 389, 403, 1, 1, 1
16, 2, 480, 789, 366, 508, 1, 1, 1
17, 2, 488, 789, 352, 528, 1, 1, 1
18, 2, 517, 791, 316, 539, 1, 1, 1
19, 2, 549, 800, 273, 433, 1, 1, 1
20, 2, 552, 904, 283, 338, 1, 1, 1
21, 2, 492, 780, 347, 474, 1, 1, 1
22, 2, 478, 772, 381, 527, 1, 1, 1
