18, 2, 396, 0, 878, 1035, 1, 1, 1
19, 2, 412, 31, 854, 935, 1, 1, 1
20, 2, 412, 155, 864, 830, 1, 1, 1
21, 2, 444, 253, 550, 789, 1, 1, 1
22, 2, 486, 260, 509, 787, 1, 1, 1
23, 2, 492, 143, 532, 869, 1, 1, 1
24, 2, 402, 281, 693, 721, 1, 1, 1
25, 2, 201, 586, 719, 350, 1, 1, 1
26, 2, 166, 702, 795, 300, 1, 1, 1
27, 2, 187, 693, 765, 360, 1, 1, 1
28, 2, 0, 709, 659, 371, 1, 1, 1
29, 2, 0, 707, 640, 373, 1, 1, 1
30, 2, 0, 721, 554, 359, 1, 1, 1
27, 1, 183, 439, 764, 641, 1, 1, 1
28, 1, 43, 457, 811, 623, 1, 1, 1
29, 1, 1, 426, 1024, 654, 1, 1, 1
30, 1, 191, 10, 612, 1070, 1, 1, 1
