1, 2, 96, 110, 330, 274, 1, 1, 1
2, 2, 116, 117, 323, 267, 1, 1, 1
3, 2, 131, 125, 322, 259, 1, 1, 1
4, 2, 145, 131, 361, 238, 1, 1, 1
5, 2, 160, 136, 412, 248, 1, 1, 1
6, 2, 191, 141, 311, 243, 1, 1, 1
7, 2, 196, 140, 326, 244, 1, 1, 1
8, 2, 206, 143, 327, 239, 1, 1, 1
9, 2, 216, 142, 332, 242, 1, 1, 1
10, 2, 223, 139, 348, 245, 1, 1, 1
11, 2, 229, 142, 341, 242, 1, 1, 1
12, 2, 226, 143, 352, 235, 1, 1, 1
13, 2, 232, 143, 351, 240, 1, 1, 1
14, 2, 233, 142, 362, 242, 1, 1, 1
15, 2, 233, 144, 370, 240, 1, 1, 1
16, 2, 248, 143, 336, 229, 1, 1, 1
17, 2, 258, 144, 285, 240, 1, 1, 1
18, 2, 215, 140, 329, 233, 1, 1, 1
19, 2, 209, 134, 337, 241, 1, 1, 1
20, 2, 208, 141, 344, 222, 1, 1, 1
21, 2, 213, 143, 373, 222, 1, 1, 1
22, 2, 212, 143, 386, 223, 1, 1, 1
23, 2, 221, 144, 366, 221, 1, 1, 1
24, 2, 230, 143, 320, 215, 1, 1, 1
25, 2, 247, 109, 274, 249, 1, 1, 1
26, 2, 171, 145, 357, 216, 1, 1, 1
27, 2, 160, 147, 402, 221, 1, 1, 1
28, 2, 165, 147, 350, 217, 1, 1, 1
29, 2, 250, 146, 279, 213, 1, 1, 1
30, 2, 242, 147, 330, 215, 1, 1, 1
31, 2, 154, 146, 290, 201, 1, 1, 1
32, 2, 167, 144, 287, 195, 1, 1, 1
33, 2, 177, 142, 375, 213, 1, 1, 1
34, 2, 187, 142, 286, 197, 1, 1, 1
35, 2, 203, 143, 287, 201, 1, 1, 1
