10, 3, 927, 293, 353, 390, 1, 1, 1
11, 3, 984, 285, 296, 311, 1, 1, 1
12, 3, 899, 287, 381, 365, 1, 1, 1
13, 3, 814, 283, 466, 371, 1, 1, 1
14, 3, 786, 273, 494, 379, 1, 1, 1
15, 3, 768, 243, 512, 406, 1, 1, 1
16, 3, 769, 217, 511, 432, 1, 1, 1
17, 3, 767, 198, 513, 515, 1, 1, 1
18, 3, 757, 182, 523, 538, 1, 1, 1
19, 3, 751, 158, 529, 524, 1, 1, 1
20, 3, 717, 158, 563, 517, 1, 1, 1
21, 3, 672, 175, 608, 510, 1, 1, 1
22, 3, 675, 209, 605, 475, 1, 1, 1
23, 3, 676, 248, 604, 443, 1, 1, 1
24, 3, 696, 253, 584, 430, 1, 1, 1
25, 3, 701, 270, 579, 417, 1, 1, 1
26, 3, 714, 267, 566, 421, 1, 1, 1
27, 3, 691, 271, 589, 419, 1, 1, 1
28, 3, 693, 254, 587, 434, 1, 1, 1
29, 3, 688, 247, 592, 438, 1, 1, 1
30, 3, 675, 235, 605, 445, 1, 1, 1
