9, 10, 1226, 373, 54, 235, 1, 1, 1
10, 10, 1205, 373, 75, 238, 1, 1, 1
11, 10, 1190, 373, 90, 238, 1, 1, 1
12, 10, 1158, 373, 122, 236, 1, 1, 1
13, 10, 1131, 366, 149, 248, 1, 1, 1
14, 10, 1107, 360, 173, 254, 1, 1, 1
15, 10, 1080, 359, 200, 257, 1, 1, 1
16, 10, 1052, 361, 228, 259, 1, 1, 1
17, 10, 1015, 364, 265, 260, 1, 1, 1
18, 10, 981, 364, 299, 262, 1, 1, 1
19, 10, 950, 358, 330, 270, 1, 1, 1
20, 10, 930, 359, 350, 268, 1, 1, 1
21, 10, 905, 358, 375, 275, 1, 1, 1
22, 10, 871, 357, 409, 277, 1, 1, 1
23, 10, 841, 344, 439, 287, 1, 1, 1
24, 10, 821, 331, 426, 300, 1, 1, 1
25, 10, 808, 329, 431, 300, 1, 1, 1
26, 10, 770, 336, 444, 290, 1, 1, 1
27, 10, 759, 336, 452, 285, 1, 1, 1
28, 10, 757, 331, 409, 277, 1, 1, 1
29, 10, 744, 324, 389, 277, 1, 1, 1
30, 10, 733, 320, 383, 282, 1, 1, 1
31, 10, 732, 320, 372, 282, 1, 1, 1
32, 10, 708, 326, 395, 277, 1, 1, 1
33, 10, 692, 322, 408, 277, 1, 1, 1
34, 10, 681, 324, 420, 262, 1, 1, 1
35, 10, 662, 321, 398, 263, 1, 1, 1
36, 10, 646, 319, 391, 265, 1, 1, 1
37, 10, 633, 318, 373, 267, 1, 1, 1
38, 10, 624, 318, 378, 266, 1, 1, 1
39, 10, 604, 319, 403, 261, 1, 1, 1
40, 10, 583, 320, 437, 248, 1, 1, 1
22, 11, 1156, 540, 121, 63, 1, 1, 1
23, 11, 1143, 442, 137, 163, 1, 1, 1
24, 11, 1126, 442, 154, 161, 1, 1, 1
25, 11, 1119, 440, 161, 158, 1, 1, 1
26, 11, 1098, 436, 182, 163, 1, 1, 1
27, 11, 1131, 435, 149, 160, 1, 1, 1
28, 11, 1051, 432, 229, 159, 1, 1, 1
29, 11, 1088, 432, 190, 159, 1, 1, 1
30, 11, 1021, 428, 212, 165, 1, 1, 1
31, 11, 1005, 424, 216, 164, 1, 1, 1
32, 11, 994, 423, 215, 166, 1, 1, 1
33, 11, 992, 421, 222, 168, 1, 1, 1
34, 11, 1016, 419, 167, 168, 1, 1, 1
35, 11, 955, 414, 215, 175, 1, 1, 1
36, 11, 954, 413, 212, 176, 1, 1, 1
37, 11, 923, 409, 219, 174, 1, 1, 1
38, 11, 974, 401, 155, 182, 1, 1, 1
39, 11, 864, 394, 248, 187, 1, 1, 1
40, 11, 860, 403, 220, 165, 1, 1, 1
41, 11, 904, 399, 166, 170, 1, 1, 1
42, 11, 899, 396, 140, 170, 1, 1, 1
43, 11, 897, 388, 132, 180, 1, 1, 1
44, 11, 800, 390, 224, 176, 1, 1, 1
45, 11, 787, 378, 239, 185, 1, 1, 1
46, 11, 781, 387, 203, 168, 1, 1, 1
47, 11, 807, 377, 153, 177, 1, 1, 1
48, 11, 770, 379, 170, 175, 1, 1, 1
49, 11, 743, 384, 186, 171, 1, 1, 1
50, 11, 668, 382, 233, 167, 1, 1, 1
51, 11, 638, 386, 207, 162, 1, 1, 1
52, 11, 611, 389, 205, 161, 1, 1, 1
