1, 1, 507, 532, 280, 222, 1, 1, 1
2, 1, 513, 535, 273, 217, 1, 1, 1
3, 1, 528, 535, 271, 223, 1, 1, 1
4, 1, 534, 536, 274, 229, 1, 1, 1
5, 1, 544, 548, 252, 213, 1, 1, 1
6, 1, 551, 549, 223, 218, 1, 1, 1
7, 1, 557, 562, 210, 217, 1, 1, 1
8, 1, 560, 564, 207, 223, 1, 1, 1
9, 1, 566, 577, 197, 214, 1, 1, 1
10, 1, 569, 582, 193, 215, 1, 1, 1
11, 1, 560, 595, 199, 209, 1, 1, 1
12, 1, 543, 603, 214, 211, 1, 1, 1
13, 1, 550, 610, 192, 208, 1, 1, 1
14, 1, 550, 615, 174, 209, 1, 1, 1
15, 1, 552, 619, 169, 217, 1, 1, 1
16, 1, 553, 631, 168, 212, 1, 1, 1
17, 1, 557, 640, 167, 211, 1, 1, 1
18, 1, 558, 645, 166, 210, 1, 1, 1
19, 1, 554, 653, 172, 207, 1, 1, 1
20, 1, 530, 660, 199, 207, 1, 1, 1
21, 1, 536, 664, 196, 203, 1, 1, 1
22, 1, 546, 666, 174, 208, 1, 1, 1
23, 1, 552, 673, 166, 205, 1, 1, 1
24, 1, 537, 684, 187, 203, 1, 1, 1
25, 1, 540, 690, 188, 202, 1, 1, 1
26, 1, 531, 693, 190, 202, 1, 1, 1
27, 1, 524, 692, 187, 203, 1, 1, 1
28, 1, 516, 696, 186, 200, 1, 1, 1
29, 1, 480, 694, 198, 200, 1, 1, 1
30, 1, 463, 687, 186, 199, 1, 1, 1
31, 1, 431, 683, 189, 196, 1, 1, 1
32, 1, 394, 662, 197, 205, 1, 1, 1
33, 1, 373, 658, 204, 199, 1, 1, 1
34, 1, 350, 650, 207, 194, 1, 1, 1
35, 1, 337, 638, 208, 196, 1, 1, 1
36, 1, 326, 605, 208, 216, 1, 1, 1
37, 1, 315, 590, 210, 219, 1, 1, 1
38, 1, 319, 577, 188, 218, 1, 1, 1
