200, 10, 984, 246, 277, 834, 1, 1, 1
201, 10, 992, 243, 290, 837, 1, 1, 1
202, 10, 1020, 239, 270, 841, 1, 1, 1
203, 10, 1015, 236, 275, 844, 1, 1, 1
204, 10, 1020, 241, 271, 839, 1, 1, 1
205, 10, 1017, 246, 262, 834, 1, 1, 1
206, 10, 1026, 250, 242, 830, 1, 1, 1
207, 10, 1033, 253, 238, 827, 1, 1, 1
208, 10, 1034, 253, 246, 827, 1, 1, 1
209, 10, 1030, 259, 242, 821, 1, 1, 1
210, 10, 887, 260, 377, 820, 1, 1, 1
211, 10, 1042, 258, 217, 822, 1, 1, 1
212, 10, 1074, 264, 194, 816, 1, 1, 1
213, 10, 1101, 270, 154, 810, 1, 1, 1
214, 10, 1108, 266, 137, 814, 1, 1, 1
215, 10, 1095, 261, 156, 819, 1, 1, 1
216, 10, 1071, 259, 202, 821, 1, 1, 1
217, 10, 1061, 260, 213, 820, 1, 1, 1
218, 10, 1067, 262, 223, 818, 1, 1, 1
219, 10, 1072, 265, 212, 815, 1, 1, 1
220, 10, 1068, 266, 218, 814, 1, 1, 1
221, 10, 1062, 274, 218, 806, 1, 1, 1
222, 10, 1075, 283, 202, 797, 1, 1, 1
223, 10, 1070, 296, 218, 784, 1, 1, 1
224, 10, 1079, 304, 206, 776, 1, 1, 1
225, 10, 1082, 321, 203, 759, 1, 1, 1
226, 10, 1100, 352, 185, 728, 1, 1, 1
227, 10, 1105, 377, 182, 703, 1, 1, 1
228, 10, 1116, 611, 171, 469, 1, 1, 1
229, 10, 1121, 611, 163, 469, 1, 1, 1
230, 10, 1121, 588, 156, 492, 1, 1, 1
231, 10, 1117, 352, 148, 728, 1, 1, 1
232, 10, 1096, 323, 129, 757, 1, 1, 1
233, 10, 1069, 302, 154, 778, 1, 1, 1
234, 10, 1054, 291, 192, 789, 1, 1, 1
235, 10, 1020, 290, 235, 790, 1, 1, 1
236, 10, 985, 301, 265, 779, 1, 1, 1
237, 10, 972, 311, 272, 769, 1, 1, 1
238, 10, 969, 316, 274, 764, 1, 1, 1
239, 10, 972, 323, 268, 757, 1, 1, 1
240, 10, 976, 331, 261, 749, 1, 1, 1
241, 10, 975, 344, 259, 736, 1, 1, 1
242, 10, 979, 355, 254, 725, 1, 1, 1
243, 10, 983, 359, 250, 721, 1, 1, 1
244, 10, 989, 356, 236, 724, 1, 1, 1
245, 10, 990, 361, 231, 719, 1, 1, 1
246, 10, 990, 348, 234, 732, 1, 1, 1
247, 10, 996, 329, 225, 751, 1, 1, 1
248, 10, 1000, 316, 220, 764, 1, 1, 1
249, 10, 1012, 309, 209, 771, 1, 1, 1
250, 10, 1032, 298, 192, 782, 1, 1, 1
251, 10, 1031, 290, 193, 790, 1, 1, 1
252, 10, 1020, 283, 202, 797, 1, 1, 1
253, 10, 1019, 282, 205, 798, 1, 1, 1
254, 10, 1032, 279, 200, 801, 1, 1, 1
255, 10, 1046, 278, 196, 802, 1, 1, 1
256, 10, 1066, 277, 185, 803, 1, 1, 1
257, 10, 1078, 270, 149, 809, 1, 1, 1
258, 10, 1084, 270, 158, 746, 1, 1, 1
259, 10, 1094, 270, 154, 693, 1, 1, 1
260, 10, 1096, 270, 156, 687, 1, 1, 1
261, 10, 1100, 271, 150, 695, 1, 1, 1
262, 10, 1100, 274, 149, 712, 1, 1, 1
263, 10, 1099, 279, 148, 674, 1, 1, 1
264, 10, 1092, 282, 155, 686, 1, 1, 1
265, 10, 1088, 285, 153, 691, 1, 1, 1
266, 10, 1085, 290, 153, 675, 1, 1, 1
267, 10, 1082, 294, 156, 692, 1, 1, 1
268, 10, 1079, 298, 160, 686, 1, 1, 1
269, 10, 1072, 301, 163, 686, 1, 1, 1
270, 10, 1068, 306, 158, 681, 1, 1, 1
271, 10, 1066, 309, 151, 645, 1, 1, 1
272, 10, 1073, 309, 136, 631, 1, 1, 1
273, 10, 1082, 312, 117, 649, 1, 1, 1
274, 10, 1096, 318, 98, 601, 1, 1, 1
275, 10, 1096, 319, 40, 79, 1, 1, 1
276, 10, 1082, 315, 52, 90, 1, 1, 1
277, 10, 1059, 310, 122, 643, 1, 1, 1
278, 10, 1032, 315, 180, 659, 1, 1, 1
279, 10, 1011, 320, 200, 760, 1, 1, 1
280, 10, 996, 323, 214, 757, 1, 1, 1
281, 10, 984, 325, 222, 755, 1, 1, 1
282, 10, 976, 325, 226, 755, 1, 1, 1
283, 10, 970, 328, 224, 752, 1, 1, 1
284, 10, 971, 328, 223, 751, 1, 1, 1
285, 10, 982, 327, 204, 753, 1, 1, 1
286, 10, 990, 329, 197, 751, 1, 1, 1
287, 10, 994, 342, 200, 738, 1, 1, 1
288, 10, 1004, 346, 191, 734, 1, 1, 1
289, 10, 1010, 349, 189, 731, 1, 1, 1
290, 10, 1023, 349, 185, 731, 1, 1, 1
291, 10, 1037, 344, 175, 736, 1, 1, 1
292, 10, 1050, 338, 168, 742, 1, 1, 1
293, 10, 1066, 335, 166, 745, 1, 1, 1
294, 10, 1083, 335, 162, 745, 1, 1, 1
295, 10, 1091, 330, 166, 750, 1, 1, 1
296, 10, 1085, 329, 177, 751, 1, 1, 1
297, 10, 1086, 329, 175, 751, 1, 1, 1
298, 10, 1094, 327, 166, 753, 1, 1, 1
299, 10, 1096, 329, 170, 750, 1, 1, 1
300, 10, 1099, 332, 168, 748, 1, 1, 1
301, 10, 1100, 335, 167, 745, 1, 1, 1
302, 10, 1102, 340, 167, 740, 1, 1, 1
303, 10, 1104, 341, 166, 737, 1, 1, 1
304, 10, 1111, 340, 162, 730, 1, 1, 1
305, 10, 1115, 339, 162, 719, 1, 1, 1
306, 10, 1120, 341, 162, 707, 1, 1, 1
307, 10, 1133, 342, 155, 702, 1, 1, 1
308, 10, 1139, 343, 156, 695, 1, 1, 1
309, 10, 1150, 343, 153, 686, 1, 1, 1
310, 10, 1158, 342, 151, 680, 1, 1, 1
311, 10, 1166, 343, 149, 679, 1, 1, 1
312, 10, 1173, 343, 148, 675, 1, 1, 1
313, 10, 1180, 341, 147, 672, 1, 1, 1
314, 10, 1182, 341, 148, 667, 1, 1, 1
315, 10, 1186, 341, 148, 662, 1, 1, 1
316, 10, 1187, 341, 150, 660, 1, 1, 1
317, 10, 1184, 341, 148, 653, 1, 1, 1
318, 10, 1183, 341, 147, 657, 1, 1, 1
319, 10, 1181, 340, 147, 652, 1, 1, 1
320, 10, 1180, 339, 148, 651, 1, 1, 1
321, 10, 1178, 337, 146, 652, 1, 1, 1
322, 10, 1175, 339, 145, 646, 1, 1, 1
323, 10, 1178, 337, 138, 652, 1, 1, 1
324, 10, 1176, 336, 137, 649, 1, 1, 1
325, 10, 1174, 333, 136, 651, 1, 1, 1
326, 10, 1169, 335, 139, 647, 1, 1, 1
327, 10, 1170, 333, 138, 647, 1, 1, 1
328, 10, 1170, 334, 141, 651, 1, 1, 1
329, 10, 1169, 335, 148, 646, 1, 1, 1
330, 10, 1170, 333, 148, 649, 1, 1, 1
331, 10, 1174, 335, 142, 647, 1, 1, 1
332, 10, 1176, 335, 138, 647, 1, 1, 1
333, 10, 1174, 335, 140, 646, 1, 1, 1
334, 10, 1176, 336, 136, 646, 1, 1, 1
335, 10, 1172, 335, 138, 643, 1, 1, 1
336, 10, 1176, 338, 133, 642, 1, 1, 1
337, 10, 1174, 338, 133, 643, 1, 1, 1
338, 10, 1174, 338, 133, 640, 1, 1, 1
339, 10, 1173, 337, 134, 644, 1, 1, 1
340, 10, 1171, 335, 133, 645, 1, 1, 1
341, 10, 1171, 336, 136, 645, 1, 1, 1
342, 10, 1168, 335, 139, 647, 1, 1, 1
343, 10, 1167, 336, 139, 645, 1, 1, 1
344, 10, 1169, 335, 139, 649, 1, 1, 1
345, 10, 1171, 335, 139, 647, 1, 1, 1
346, 10, 1172, 336, 140, 649, 1, 1, 1
347, 10, 1173, 338, 142, 647, 1, 1, 1
348, 10, 1177, 339, 139, 644, 1, 1, 1
349, 10, 1176, 338, 141, 648, 1, 1, 1
350, 10, 1175, 339, 143, 645, 1, 1, 1
351, 10, 1173, 338, 144, 647, 1, 1, 1
352, 10, 1172, 340, 147, 643, 1, 1, 1
353, 10, 1174, 340, 143, 644, 1, 1, 1
354, 10, 1173, 338, 142, 647, 1, 1, 1
355, 10, 1177, 337, 139, 649, 1, 1, 1
356, 10, 1178, 339, 136, 645, 1, 1, 1
357, 10, 1055, 340, 260, 645, 1, 1, 1
358, 10, 1178, 340, 137, 648, 1, 1, 1
359, 10, 1180, 342, 134, 643, 1, 1, 1
360, 10, 1175, 343, 113, 641, 1, 1, 1
361, 10, 1169, 345, 110, 642, 1, 1, 1
362, 10, 1165, 341, 111, 646, 1, 1, 1
363, 10, 1167, 343, 123, 642, 1, 1, 1
364, 10, 1159, 343, 148, 641, 1, 1, 1
365, 10, 1136, 340, 179, 646, 1, 1, 1
366, 10, 1133, 335, 182, 651, 1, 1, 1
367, 10, 1135, 332, 179, 654, 1, 1, 1
368, 10, 1135, 329, 178, 658, 1, 1, 1
369, 10, 1129, 329, 187, 658, 1, 1, 1
370, 10, 1136, 326, 165, 659, 1, 1, 1
371, 10, 1134, 326, 152, 662, 1, 1, 1
372, 10, 1137, 328, 145, 659, 1, 1, 1
373, 10, 1137, 338, 138, 649, 1, 1, 1
374, 10, 1139, 425, 94, 564, 1, 1, 1
375, 10, 1138, 341, 133, 640, 1, 1, 1
376, 10, 1186, 338, 140, 646, 1, 1, 1
377, 10, 1168, 343, 155, 642, 1, 1, 1
378, 10, 1153, 343, 171, 648, 1, 1, 1
379, 10, 1143, 341, 186, 649, 1, 1, 1
380, 10, 1142, 337, 187, 651, 1, 1, 1
381, 10, 1142, 336, 189, 655, 1, 1, 1
382, 10, 1140, 334, 190, 663, 1, 1, 1
383, 10, 1135, 333, 193, 664, 1, 1, 1
384, 10, 1141, 332, 192, 666, 1, 1, 1
385, 10, 1141, 326, 201, 674, 1, 1, 1
386, 10, 1142, 324, 201, 674, 1, 1, 1
387, 10, 1143, 325, 198, 671, 1, 1, 1
388, 10, 1144, 329, 200, 668, 1, 1, 1
389, 10, 1128, 329, 217, 669, 1, 1, 1
390, 10, 1130, 330, 214, 668, 1, 1, 1
391, 10, 1135, 334, 209, 665, 1, 1, 1
392, 10, 1097, 331, 248, 667, 1, 1, 1
393, 10, 1143, 322, 201, 676, 1, 1, 1
394, 10, 1141, 322, 205, 674, 1, 1, 1
395, 10, 1141, 320, 203, 677, 1, 1, 1
396, 10, 1166, 320, 179, 678, 1, 1, 1
397, 10, 1180, 321, 163, 676, 1, 1, 1
398, 10, 1186, 322, 152, 675, 1, 1, 1
399, 10, 1188, 324, 150, 674, 1, 1, 1
400, 10, 1184, 325, 150, 672, 1, 1, 1
401, 10, 1180, 327, 151, 672, 1, 1, 1
402, 10, 1179, 327, 148, 670, 1, 1, 1
403, 10, 1178, 326, 145, 671, 1, 1, 1
404, 10, 1176, 329, 144, 668, 1, 1, 1
405, 10, 1170, 333, 151, 669, 1, 1, 1
406, 10, 1164, 336, 151, 670, 1, 1, 1
407, 10, 1153, 339, 158, 668, 1, 1, 1
408, 10, 1143, 342, 161, 673, 1, 1, 1
409, 10, 1130, 341, 166, 680, 1, 1, 1
410, 10, 1110, 341, 173, 689, 1, 1, 1
411, 10, 1092, 344, 178, 697, 1, 1, 1
412, 10, 1074, 347, 183, 705, 1, 1, 1
413, 10, 1055, 349, 187, 717, 1, 1, 1
414, 10, 1038, 352, 191, 724, 1, 1, 1
415, 10, 1025, 354, 194, 726, 1, 1, 1
416, 10, 1013, 356, 195, 724, 1, 1, 1
417, 10, 1004, 356, 199, 723, 1, 1, 1
418, 10, 997, 359, 199, 721, 1, 1, 1
419, 10, 988, 361, 204, 719, 1, 1, 1
420, 10, 985, 361, 200, 719, 1, 1, 1
421, 10, 983, 358, 201, 721, 1, 1, 1
422, 10, 990, 355, 196, 725, 1, 1, 1
423, 10, 1010, 349, 189, 731, 1, 1, 1
424, 10, 1019, 345, 199, 735, 1, 1, 1
425, 10, 1036, 339, 206, 741, 1, 1, 1
426, 10, 1056, 341, 206, 739, 1, 1, 1
427, 10, 1072, 338, 211, 742, 1, 1, 1
428, 10, 1087, 337, 220, 743, 1, 1, 1
429, 10, 1107, 332, 222, 748, 1, 1, 1
430, 10, 1128, 328, 226, 752, 1, 1, 1
431, 10, 1151, 325, 230, 755, 1, 1, 1
432, 10, 1170, 319, 234, 761, 1, 1, 1
433, 10, 1185, 317, 244, 763, 1, 1, 1
434, 10, 1200, 308, 249, 772, 1, 1, 1
435, 10, 1206, 297, 261, 783, 1, 1, 1
436, 10, 1210, 289, 276, 791, 1, 1, 1
437, 10, 1216, 283, 289, 796, 1, 1, 1
438, 10, 1212, 282, 310, 798, 1, 1, 1
439, 10, 1254, 278, 282, 802, 1, 1, 1
440, 10, 1265, 273, 271, 807, 1, 1, 1
441, 10, 1271, 270, 265, 810, 1, 1, 1
442, 10, 1284, 265, 252, 814, 1, 1, 1
443, 10, 1282, 258, 254, 821, 1, 1, 1
444, 10, 1279, 251, 257, 829, 1, 1, 1
445, 10, 1271, 242, 265, 838, 1, 1, 1
446, 10, 1260, 237, 276, 843, 1, 1, 1
447, 10, 1209, 235, 327, 845, 1, 1, 1
448, 10, 1193, 238, 343, 842, 1, 1, 1
449, 10, 1224, 240, 312, 840, 1, 1, 1
450, 10, 1164, 242, 372, 838, 1, 1, 1
451, 10, 1163, 237, 373, 842, 1, 1, 1
452, 10, 1218, 234, 318, 846, 1, 1, 1
453, 10, 1214, 235, 322, 845, 1, 1, 1
454, 10, 1204, 232, 332, 848, 1, 1, 1
