65, 13, 0, 476, 168, 171, 1, 1, 1
66, 13, 0, 410, 396, 239, 1, 1, 1
67, 13, 81, 420, 519, 223, 1, 1, 1
68, 13, 346, 437, 446, 168, 1, 1, 1
69, 13, 552, 451, 385, 104, 1, 1, 1
70, 13, 678, 463, 267, 127, 1, 1, 1
71, 13, 832, 465, 247, 150, 1, 1, 1
72, 13, 967, 474, 228, 139, 1, 1, 1
73, 13, 1079, 477, 218, 144, 1, 1, 1
74, 13, 1197, 491, 210, 135, 1, 1, 1
75, 13, 1299, 497, 215, 130, 1, 1, 1
76, 13, 1378, 500, 216, 121, 1, 1, 1
77, 13, 1450, 510, 218, 114, 1, 1, 1
78, 13, 1524, 521, 211, 111, 1, 1, 1
79, 13, 1596, 531, 207, 105, 1, 1, 1
80, 13, 1656, 548, 196, 100, 1, 1, 1
81, 13, 1699, 562, 185, 94, 1, 1, 1
82, 13, 1743, 563, 176, 92, 1, 1, 1
83, 13, 1780, 563, 140, 99, 1, 1, 1
74, 15, 0, 455, 322, 202, 1, 1, 1
75, 15, 0, 459, 580, 201, 1, 1, 1
76, 15, 234, 468, 549, 180, 1, 1, 1
77, 15, 482, 484, 469, 163, 1, 1, 1
78, 15, 691, 499, 412, 149, 1, 1, 1
79, 15, 867, 513, 368, 137, 1, 1, 1
80, 15, 1156, 533, 193, 128, 1, 1, 1
