1, 1, 0, 225, 613, 768, 1, 1, 1
2, 1, 0, 225, 627, 774, 1, 1, 1
3, 1, 0, 238, 656, 773, 1, 1, 1
4, 1, 0, 242, 708, 768, 1, 1, 1
5, 1, 17, 229, 718, 772, 1, 1, 1
6, 1, 42, 211, 726, 774, 1, 1, 1
7, 1, 38, 238, 735, 745, 1, 1, 1
8, 1, 46, 187, 656, 796, 1, 1, 1
9, 1, 39, 143, 641, 842, 1, 1, 1
10, 1, 26, 140, 641, 842, 1, 1, 1
11, 1, 5, 164, 639, 837, 1, 1, 1
12, 1, 16, 186, 611, 821, 1, 1, 1
13, 1, 20, 236, 616, 781, 1, 1, 1
14, 1, 4, 204, 608, 814, 1, 1, 1
15, 1, 0, 230, 603, 794, 1, 1, 1
16, 1, 0, 215, 592, 819, 1, 1, 1
17, 1, 3, 194, 585, 829, 1, 1, 1
18, 1, 14, 177, 568, 839, 1, 1, 1
19, 1, 29, 191, 568, 822, 1, 1, 1
20, 1, 44, 188, 558, 828, 1, 1, 1
21, 1, 42, 177, 548, 828, 1, 1, 1
22, 1, 61, 156, 516, 833, 1, 1, 1
23, 1, 60, 155, 507, 844, 1, 1, 1
24, 1, 53, 133, 501, 859, 1, 1, 1
25, 1, 25, 157, 528, 827, 1, 1, 1
26, 1, 61, 188, 510, 808, 1, 1, 1
27, 1, 30, 178, 500, 807, 1, 1, 1
28, 1, 0, 158, 475, 822, 1, 1, 1
29, 1, 0, 154, 455, 817, 1, 1, 1
30, 1, 0, 127, 447, 839, 1, 1, 1
31, 1, 0, 140, 439, 838, 1, 1, 1
32, 1, 0, 161, 448, 819, 1, 1, 1
33, 1, 0, 152, 479, 817, 1, 1, 1
34, 1, 0, 166, 506, 804, 1, 1, 1
35, 1, 0, 184, 518, 783, 1, 1, 1
36, 1, 4, 253, 524, 730, 1, 1, 1
37, 1, 0, 290, 497, 702, 1, 1, 1
38, 1, 0, 291, 497, 699, 1, 1, 1
39, 1, 0, 276, 495, 701, 1, 1, 1
40, 1, 0, 272, 497, 696, 1, 1, 1
41, 1, 19, 272, 505, 694, 1, 1, 1
42, 1, 33, 280, 512, 694, 1, 1, 1
43, 1, 38, 293, 515, 678, 1, 1, 1
44, 1, 33, 291, 518, 683, 1, 1, 1
45, 1, 23, 295, 521, 674, 1, 1, 1
46, 1, 15, 307, 529, 669, 1, 1, 1
47, 1, 14, 317, 526, 668, 1, 1, 1
48, 1, 3, 324, 528, 664, 1, 1, 1
49, 1, 0, 325, 515, 663, 1, 1, 1
