1, 1, 247, 475, 253, 367, 1, 1, 1
2, 1, 252, 478, 250, 365, 1, 1, 1
3, 1, 255, 478, 261, 365, 1, 1, 1
4, 1, 263, 486, 248, 359, 1, 1, 1
5, 1, 267, 486, 240, 359, 1, 1, 1
6, 1, 269, 481, 238, 367, 1, 1, 1
7, 1, 278, 482, 240, 363, 1, 1, 1
8, 1, 278, 477, 237, 367, 1, 1, 1
9, 1, 284, 480, 231, 364, 1, 1, 1
10, 1, 285, 477, 235, 367, 1, 1, 1
11, 1, 285, 481, 230, 365, 1, 1, 1
12, 1, 283, 483, 231, 366, 1, 1, 1
13, 1, 280, 484, 233, 366, 1, 1, 1
14, 1, 279, 486, 231, 365, 1, 1, 1
15, 1, 275, 491, 229, 363, 1, 1, 1
16, 1, 272, 488, 229, 363, 1, 1, 1
17, 1, 275, 491, 229, 363, 1, 1, 1
18, 1, 277, 490, 232, 365, 1, 1, 1
19, 1, 277, 495, 236, 361, 1, 1, 1
20, 1, 281, 487, 228, 363, 1, 1, 1
21, 1, 286, 489, 231, 364, 1, 1, 1
22, 1, 294, 484, 228, 362, 1, 1, 1
23, 1, 296, 486, 224, 362, 1, 1, 1
24, 1, 305, 486, 224, 363, 1, 1, 1
25, 1, 308, 486, 225, 361, 1, 1, 1
26, 1, 304, 489, 228, 361, 1, 1, 1
27, 1, 308, 490, 227, 362, 1, 1, 1
28, 1, 310, 495, 232, 362, 1, 1, 1
29, 1, 302, 492, 229, 362, 1, 1, 1
30, 1, 301, 493, 219, 363, 1, 1, 1
31, 1, 298, 495, 230, 363, 1, 1, 1
32, 1, 251, 481, 271, 382, 1, 1, 1
33, 1, 257, 486, 264, 380, 1, 1, 1
34, 1, 266, 488, 255, 374, 1, 1, 1
35, 1, 266, 494, 256, 375, 1, 1, 1
36, 1, 271, 495, 253, 373, 1, 1, 1
37, 1, 276, 495, 255, 376, 1, 1, 1
38, 1, 277, 497, 250, 372, 1, 1, 1
39, 1, 277, 492, 255, 374, 1, 1, 1
40, 1, 279, 490, 251, 371, 1, 1, 1
41, 1, 272, 490, 250, 373, 1, 1, 1
1, 2, 235, 223, 157, 278, 1, 1, 1
2, 2, 236, 224, 159, 281, 1, 1, 1
3, 2, 234, 217, 158, 286, 1, 1, 1
4, 2, 233, 220, 157, 281, 1, 1, 1
5, 2, 238, 221, 158, 284, 1, 1, 1
6, 2, 241, 221, 157, 305, 1, 1, 1
7, 2, 246, 221, 157, 309, 1, 1, 1
8, 2, 243, 218, 157, 307, 1, 1, 1
9, 2, 244, 219, 157, 310, 1, 1, 1
10, 2, 246, 217, 156, 306, 1, 1, 1
11, 2, 248, 221, 157, 306, 1, 1, 1
12, 2, 247, 224, 156, 305, 1, 1, 1
13, 2, 245, 228, 156, 303, 1, 1, 1
14, 2, 242, 226, 161, 307, 1, 1, 1
15, 2, 238, 232, 157, 304, 1, 1, 1
16, 2, 235, 229, 157, 304, 1, 1, 1
17, 2, 238, 234, 156, 303, 1, 1, 1
18, 2, 239, 233, 158, 305, 1, 1, 1
19, 2, 240, 237, 158, 302, 1, 1, 1
20, 2, 244, 229, 156, 302, 1, 1, 1
21, 2, 249, 232, 157, 299, 1, 1, 1
22, 2, 256, 223, 156, 306, 1, 1, 1
23, 2, 257, 223, 156, 306, 1, 1, 1
24, 2, 263, 225, 156, 305, 1, 1, 1
25, 2, 268, 226, 156, 303, 1, 1, 1
26, 2, 267, 229, 157, 303, 1, 1, 1
27, 2, 267, 229, 157, 304, 1, 1, 1
28, 2, 268, 235, 157, 302, 1, 1, 1
29, 2, 263, 232, 156, 301, 1, 1, 1
30, 2, 260, 232, 157, 304, 1, 1, 1
31, 2, 258, 235, 157, 306, 1, 1, 1
32, 2, 258, 242, 156, 272, 1, 1, 1
33, 2, 257, 243, 156, 274, 1, 1, 1
34, 2, 256, 241, 158, 273, 1, 1, 1
35, 2, 260, 245, 156, 275, 1, 1, 1
36, 2, 261, 245, 157, 274, 1, 1, 1
37, 2, 268, 248, 156, 274, 1, 1, 1
38, 2, 268, 249, 155, 272, 1, 1, 1
39, 2, 268, 246, 156, 272, 1, 1, 1
40, 2, 266, 260, 174, 254, 1, 1, 1
41, 2, 253, 272, 226, 275, 1, 1, 1
