31, 1, 1586, 515, 102, 112, 1, 1, 1
32, 1, 1606, 517, 99, 112, 1, 1, 1
33, 1, 1629, 513, 97, 109, 1, 1, 1
34, 1, 1625, 507, 94, 105, 1, 1, 1
35, 1, 1626, 505, 89, 105, 1, 1, 1
36, 1, 1624, 499, 88, 101, 1, 1, 1
37, 1, 1604, 497, 85, 100, 1, 1, 1
38, 1, 1594, 501, 81, 95, 1, 1, 1
39, 1, 1584, 508, 79, 91, 1, 1, 1
40, 1, 1565, 509, 78, 88, 1, 1, 1
41, 1, 1525, 513, 72, 84, 1, 1, 1
42, 1, 1465, 520, 72, 85, 1, 1, 1
43, 1, 1437, 521, 70, 85, 1, 1, 1
44, 1, 1421, 515, 72, 81, 1, 1, 1
45, 1, 1405, 509, 71, 80, 1, 1, 1
46, 1, 1399, 507, 70, 79, 1, 1, 1
47, 1, 1400, 513, 69, 76, 1, 1, 1
