1, 6, 306, 580, 89, 178, 1, 1, 1
2, 6, 311, 564, 187, 176, 1, 1, 1
3, 6, 346, 546, 110, 182, 1, 1, 1
4, 6, 338, 549, 112, 157, 1, 1, 1
5, 6, 345, 554, 152, 178, 1, 1, 1
6, 6, 324, 558, 206, 181, 1, 1, 1
7, 6, 362, 550, 197, 193, 1, 1, 1
8, 6, 376, 552, 203, 193, 1, 1, 1
9, 6, 398, 551, 196, 194, 1, 1, 1
10, 6, 388, 549, 211, 187, 1, 1, 1
11, 6, 387, 546, 199, 196, 1, 1, 1
12, 6, 416, 552, 235, 197, 1, 1, 1
13, 6, 596, 622, 124, 132, 1, 1, 1
14, 6, 496, 554, 224, 198, 1, 1, 1
15, 6, 637, 622, 83, 137, 1, 1, 1
16, 6, 546, 580, 174, 182, 1, 1, 1
17, 6, 401, 559, 319, 211, 1, 1, 1
18, 6, 380, 578, 301, 199, 1, 1, 1
19, 6, 380, 571, 308, 206, 1, 1, 1
20, 6, 380, 573, 297, 207, 1, 1, 1
21, 6, 374, 563, 298, 219, 1, 1, 1
22, 6, 373, 554, 294, 220, 1, 1, 1
23, 6, 388, 550, 310, 225, 1, 1, 1
24, 6, 381, 554, 330, 223, 1, 1, 1
25, 6, 358, 550, 347, 234, 1, 1, 1
26, 6, 459, 573, 261, 227, 1, 1, 1
27, 6, 522, 597, 198, 232, 1, 1, 1
28, 6, 578, 620, 142, 226, 1, 1, 1
29, 6, 687, 650, 33, 199, 1, 1, 1
