9, 2, 528, 221, 216, 220, 1, 1, 1
10, 2, 533, 199, 229, 225, 1, 1, 1
11, 2, 559, 188, 206, 231, 1, 1, 1
12, 2, 569, 175, 224, 234, 1, 1, 1
13, 2, 565, 173, 236, 216, 1, 1, 1
14, 2, 574, 176, 227, 215, 1, 1, 1
15, 2, 583, 179, 217, 215, 1, 1, 1
16, 2, 581, 184, 216, 212, 1, 1, 1
17, 2, 580, 185, 215, 217, 1, 1, 1
18, 2, 578, 185, 220, 216, 1, 1, 1
19, 2, 586, 186, 212, 215, 1, 1, 1
20, 2, 599, 185, 218, 215, 1, 1, 1
21, 2, 604, 199, 222, 204, 1, 1, 1
22, 2, 608, 205, 225, 199, 1, 1, 1
23, 2, 612, 206, 225, 193, 1, 1, 1
24, 2, 619, 209, 220, 194, 1, 1, 1
