1, 3, 505, 138, 20, 54, 1, 1, 1
2, 3, 534, 134, 42, 31, 1, 1, 1
3, 3, 565, 130, 35, 31, 1, 1, 1
4, 3, 594, 128, 23, 29, 1, 1, 1
5, 3, 626, 125, 29, 32, 1, 1, 1
7, 3, 674, 112, 25, 27, 1, 1, 1
8, 3, 688, 104, 65, 121, 1, 1, 1
9, 3, 716, 98, 65, 126, 1, 1, 1
10, 3, 728, 94, 76, 127, 1, 1, 1
11, 3, 731, 93, 83, 135, 1, 1, 1
12, 3, 719, 95, 92, 144, 1, 1, 1
13, 3, 695, 95, 99, 156, 1, 1, 1
14, 3, 659, 92, 100, 166, 1, 1, 1
15, 3, 623, 90, 115, 174, 1, 1, 1
16, 3, 645, 86, 134, 202, 1, 1, 1
17, 3, 679, 74, 153, 250, 1, 1, 1
18, 3, 657, 62, 153, 315, 1, 1, 1
19, 3, 509, 56, 182, 371, 1, 1, 1
20, 3, 288, 65, 254, 367, 1, 1, 1
21, 3, 249, 79, 217, 313, 1, 1, 1
22, 3, 274, 86, 185, 250, 1, 1, 1
23, 3, 294, 84, 162, 209, 1, 1, 1
24, 3, 263, 80, 138, 185, 1, 1, 1
25, 3, 253, 86, 116, 162, 1, 1, 1
26, 3, 261, 87, 114, 161, 1, 1, 1
27, 3, 264, 86, 94, 149, 1, 1, 1
28, 3, 273, 90, 91, 136, 1, 1, 1
29, 3, 293, 96, 71, 129, 1, 1, 1
30, 3, 343, 105, 67, 121, 1, 1, 1
31, 3, 377, 108, 63, 115, 1, 1, 1
32, 3, 395, 108, 59, 106, 1, 1, 1
33, 3, 405, 107, 61, 104, 1, 1, 1
34, 3, 422, 112, 57, 99, 1, 1, 1
35, 3, 441, 115, 65, 96, 1, 1, 1
