49, 1, 957, 251, 556, 773, 1, 1, 1
50, 1, 925, 249, 605, 769, 1, 1, 1
51, 1, 906, 237, 589, 768, 1, 1, 1
52, 1, 833, 196, 626, 803, 1, 1, 1
53, 1, 768, 180, 707, 805, 1, 1, 1
54, 1, 750, 167, 704, 804, 1, 1, 1
55, 1, 695, 145, 789, 803, 1, 1, 1
56, 1, 510, 135, 911, 765, 1, 1, 1
57, 1, 385, 106, 940, 772, 1, 1, 1
58, 1, 320, 94, 949, 767, 1, 1, 1
49, 2, 1203, 141, 429, 647, 1, 1, 1
50, 2, 1228, 127, 494, 720, 1, 1, 1
51, 2, 1339, 91, 409, 747, 1, 1, 1
52, 2, 1378, 98, 527, 724, 1, 1, 1
53, 2, 1380, 73, 515, 743, 1, 1, 1
54, 2, 1375, 59, 542, 739, 1, 1, 1
55, 2, 1345, 42, 569, 741, 1, 1, 1
56, 2, 1276, 23, 576, 742, 1, 1, 1
57, 2, 1172, 8, 587, 733, 1, 1, 1
58, 2, 1128, 5, 596, 728, 1, 1, 1
