24, 1, 283, 0, 357, 342, 1, 1, 1
25, 1, 294, 0, 346, 336, 1, 1, 1
26, 1, 290, 0, 350, 326, 1, 1, 1
27, 1, 275, 0, 351, 315, 1, 1, 1
28, 1, 267, 2, 337, 316, 1, 1, 1
29, 1, 277, 10, 328, 311, 1, 1, 1
30, 1, 279, 17, 324, 300, 1, 1, 1
31, 1, 275, 27, 329, 292, 1, 1, 1
32, 1, 268, 28, 330, 284, 1, 1, 1
33, 1, 268, 33, 335, 275, 1, 1, 1
34, 1, 280, 27, 336, 278, 1, 1, 1
51, 1, 325, 36, 315, 268, 1, 1, 1
52, 1, 324, 43, 316, 271, 1, 1, 1
53, 1, 311, 45, 329, 270, 1, 1, 1
54, 1, 290, 50, 342, 265, 1, 1, 1
55, 1, 282, 51, 330, 260, 1, 1, 1
