48, 13, 1820, 338, 100, 91, 1, 1, 1
49, 13, 1665, 292, 253, 164, 1, 1, 1
50, 13, 1598, 292, 223, 173, 1, 1, 1
51, 13, 1521, 302, 342, 215, 1, 1, 1
52, 13, 1548, 394, 371, 88, 1, 1, 1
53, 13, 1233, 320, 687, 201, 1, 1, 1
54, 13, 1150, 282, 682, 257, 1, 1, 1
55, 13, 1046, 227, 655, 315, 1, 1, 1
56, 13, 993, 212, 624, 389, 1, 1, 1
57, 13, 999, 203, 579, 400, 1, 1, 1
58, 13, 1015, 212, 555, 334, 1, 1, 1
59, 13, 1035, 206, 526, 465, 1, 1, 1
60, 13, 1052, 199, 500, 513, 1, 1, 1
61, 13, 1168, 197, 374, 512, 1, 1, 1
62, 13, 1146, 199, 414, 511, 1, 1, 1
63, 13, 1123, 201, 409, 515, 1, 1, 1
64, 13, 1015, 191, 512, 383, 1, 1, 1
65, 13, 1015, 193, 515, 371, 1, 1, 1
66, 13, 1019, 193, 508, 398, 1, 1, 1
67, 13, 1014, 194, 533, 528, 1, 1, 1
68, 13, 1006, 193, 518, 520, 1, 1, 1
69, 13, 1025, 182, 476, 532, 1, 1, 1
70, 13, 999, 182, 509, 537, 1, 1, 1
71, 13, 1019, 185, 497, 526, 1, 1, 1
72, 13, 1019, 196, 507, 516, 1, 1, 1
73, 13, 1006, 200, 514, 512, 1, 1, 1
74, 13, 1009, 370, 329, 346, 1, 1, 1
75, 13, 1018, 369, 326, 348, 1, 1, 1
76, 13, 989, 369, 367, 345, 1, 1, 1
77, 13, 1023, 319, 348, 397, 1, 1, 1
78, 13, 1086, 287, 296, 431, 1, 1, 1
79, 13, 1091, 278, 293, 439, 1, 1, 1
80, 13, 1087, 283, 296, 430, 1, 1, 1
81, 13, 1027, 302, 356, 411, 1, 1, 1
82, 13, 1041, 310, 342, 402, 1, 1, 1
83, 13, 1052, 271, 323, 440, 1, 1, 1
84, 13, 1055, 234, 329, 484, 1, 1, 1
85, 13, 1117, 214, 262, 497, 1, 1, 1
86, 13, 1062, 194, 318, 520, 1, 1, 1
87, 13, 1117, 201, 259, 515, 1, 1, 1
88, 13, 1116, 223, 261, 493, 1, 1, 1
89, 13, 1119, 306, 216, 409, 1, 1, 1
90, 13, 1118, 202, 412, 513, 1, 1, 1
91, 13, 1126, 210, 423, 507, 1, 1, 1
92, 13, 1100, 292, 279, 424, 1, 1, 1
93, 13, 1086, 291, 293, 423, 1, 1, 1
94, 13, 1029, 366, 354, 350, 1, 1, 1
95, 13, 1007, 366, 374, 349, 1, 1, 1
96, 13, 1016, 367, 362, 349, 1, 1, 1
97, 13, 1022, 223, 543, 495, 1, 1, 1
98, 13, 999, 201, 557, 515, 1, 1, 1
99, 13, 1013, 200, 527, 514, 1, 1, 1
100, 13, 1035, 199, 513, 380, 1, 1, 1
101, 13, 1038, 203, 521, 383, 1, 1, 1
102, 13, 1027, 188, 535, 399, 1, 1, 1
103, 13, 1045, 192, 490, 430, 1, 1, 1
104, 13, 1057, 193, 501, 428, 1, 1, 1
105, 13, 1087, 193, 473, 441, 1, 1, 1
106, 13, 1096, 196, 470, 401, 1, 1, 1
107, 13, 1113, 201, 463, 422, 1, 1, 1
108, 13, 1128, 187, 438, 408, 1, 1, 1
109, 13, 1153, 197, 425, 479, 1, 1, 1
110, 13, 1209, 189, 384, 409, 1, 1, 1
111, 13, 1216, 203, 388, 383, 1, 1, 1
112, 13, 1229, 199, 381, 375, 1, 1, 1
113, 13, 1232, 178, 401, 326, 1, 1, 1
114, 13, 1181, 179, 460, 326, 1, 1, 1
115, 13, 1179, 179, 460, 328, 1, 1, 1
116, 13, 1145, 183, 489, 323, 1, 1, 1
117, 13, 1147, 192, 488, 308, 1, 1, 1
118, 13, 1054, 187, 512, 521, 1, 1, 1
119, 13, 1065, 172, 487, 533, 1, 1, 1
120, 13, 1063, 168, 528, 533, 1, 1, 1
121, 13, 1113, 178, 512, 515, 1, 1, 1
122, 13, 1244, 196, 381, 500, 1, 1, 1
123, 13, 1136, 255, 485, 444, 1, 1, 1
124, 13, 1153, 316, 269, 381, 1, 1, 1
125, 13, 1160, 375, 268, 322, 1, 1, 1
126, 13, 1267, 377, 154, 326, 1, 1, 1
127, 13, 1100, 374, 310, 353, 1, 1, 1
128, 13, 1081, 370, 318, 322, 1, 1, 1
129, 13, 1085, 371, 323, 324, 1, 1, 1
130, 13, 1118, 335, 297, 358, 1, 1, 1
131, 13, 1153, 303, 272, 396, 1, 1, 1
132, 13, 1156, 288, 270, 415, 1, 1, 1
133, 13, 1132, 294, 288, 406, 1, 1, 1
134, 13, 1119, 311, 299, 393, 1, 1, 1
135, 13, 1124, 290, 300, 409, 1, 1, 1
136, 13, 1150, 280, 276, 417, 1, 1, 1
137, 13, 1186, 272, 232, 426, 1, 1, 1
138, 13, 1229, 279, 117, 417, 1, 1, 1
139, 13, 1195, 227, 426, 456, 1, 1, 1
140, 13, 1215, 200, 402, 475, 1, 1, 1
141, 13, 1180, 197, 431, 480, 1, 1, 1
142, 13, 1150, 196, 460, 484, 1, 1, 1
143, 13, 1165, 182, 437, 429, 1, 1, 1
144, 13, 1196, 187, 420, 492, 1, 1, 1
145, 13, 1205, 196, 405, 488, 1, 1, 1
146, 13, 1153, 192, 453, 493, 1, 1, 1
147, 13, 1153, 190, 458, 493, 1, 1, 1
148, 13, 1135, 196, 476, 486, 1, 1, 1
149, 13, 1101, 207, 500, 476, 1, 1, 1
150, 13, 1080, 200, 522, 533, 1, 1, 1
151, 13, 1076, 189, 525, 529, 1, 1, 1
152, 13, 1074, 184, 531, 506, 1, 1, 1
153, 13, 1100, 193, 508, 492, 1, 1, 1
154, 13, 1151, 189, 458, 415, 1, 1, 1
155, 13, 1127, 182, 484, 426, 1, 1, 1
156, 13, 1169, 181, 442, 422, 1, 1, 1
157, 13, 1166, 188, 443, 489, 1, 1, 1
158, 13, 1205, 194, 404, 485, 1, 1, 1
159, 13, 1251, 201, 358, 480, 1, 1, 1
160, 13, 1252, 202, 364, 475, 1, 1, 1
161, 13, 1228, 202, 386, 474, 1, 1, 1
162, 13, 1235, 209, 381, 468, 1, 1, 1
163, 13, 1205, 202, 398, 474, 1, 1, 1
164, 13, 1174, 201, 424, 479, 1, 1, 1
165, 13, 1140, 213, 462, 498, 1, 1, 1
166, 13, 1106, 199, 481, 543, 1, 1, 1
167, 13, 1321, 187, 271, 406, 1, 1, 1
168, 13, 1185, 179, 432, 517, 1, 1, 1
169, 13, 1265, 182, 348, 513, 1, 1, 1
170, 13, 1267, 208, 346, 494, 1, 1, 1
171, 13, 1269, 216, 447, 483, 1, 1, 1
172, 13, 1277, 215, 556, 483, 1, 1, 1
173, 13, 1427, 219, 440, 290, 1, 1, 1
174, 13, 1413, 227, 507, 279, 1, 1, 1
175, 13, 1394, 226, 526, 276, 1, 1, 1
176, 13, 1456, 235, 464, 266, 1, 1, 1
177, 13, 1530, 186, 345, 299, 1, 1, 1
178, 13, 1529, 177, 347, 312, 1, 1, 1
179, 13, 1524, 187, 396, 308, 1, 1, 1
180, 13, 1508, 198, 412, 303, 1, 1, 1
181, 13, 1486, 203, 434, 301, 1, 1, 1
182, 13, 1480, 197, 440, 305, 1, 1, 1
183, 13, 1519, 200, 401, 297, 1, 1, 1
184, 13, 1514, 201, 358, 296, 1, 1, 1
185, 13, 1520, 199, 343, 297, 1, 1, 1
186, 13, 1522, 203, 323, 289, 1, 1, 1
187, 13, 1513, 209, 305, 285, 1, 1, 1
188, 13, 1515, 206, 294, 284, 1, 1, 1
189, 13, 1519, 208, 401, 286, 1, 1, 1
190, 13, 1508, 219, 412, 277, 1, 1, 1
191, 13, 1501, 230, 419, 265, 1, 1, 1
192, 13, 1519, 225, 350, 270, 1, 1, 1
193, 13, 1526, 226, 350, 264, 1, 1, 1
194, 13, 1532, 240, 358, 246, 1, 1, 1
195, 13, 1570, 232, 334, 243, 1, 1, 1
196, 13, 1609, 237, 311, 234, 1, 1, 1
197, 13, 1679, 248, 241, 227, 1, 1, 1
198, 13, 1787, 242, 133, 228, 1, 1, 1
199, 13, 1803, 258, 117, 208, 1, 1, 1
200, 13, 1808, 274, 112, 186, 1, 1, 1
201, 13, 1861, 268, 59, 182, 1, 1, 1
59, 15, 1782, 357, 138, 303, 1, 1, 1
60, 15, 1654, 326, 266, 331, 1, 1, 1
61, 15, 1618, 360, 302, 295, 1, 1, 1
62, 15, 1629, 403, 291, 252, 1, 1, 1
63, 15, 1629, 428, 291, 225, 1, 1, 1
64, 15, 1553, 390, 367, 263, 1, 1, 1
65, 15, 1507, 389, 413, 265, 1, 1, 1
66, 15, 1502, 385, 418, 275, 1, 1, 1
67, 15, 1528, 365, 392, 290, 1, 1, 1
68, 15, 1536, 325, 384, 329, 1, 1, 1
69, 15, 1546, 312, 374, 340, 1, 1, 1
70, 15, 1541, 289, 379, 363, 1, 1, 1
71, 15, 1518, 219, 402, 431, 1, 1, 1
72, 15, 1512, 189, 408, 451, 1, 1, 1
73, 15, 1461, 170, 459, 478, 1, 1, 1
74, 15, 1447, 156, 473, 499, 1, 1, 1
75, 15, 1480, 195, 440, 459, 1, 1, 1
76, 15, 1510, 293, 354, 191, 1, 1, 1
77, 15, 1274, 191, 574, 267, 1, 1, 1
78, 15, 1204, 228, 581, 201, 1, 1, 1
79, 15, 1171, 248, 554, 169, 1, 1, 1
80, 15, 1216, 240, 436, 136, 1, 1, 1
81, 15, 1189, 247, 424, 139, 1, 1, 1
82, 15, 1198, 237, 401, 148, 1, 1, 1
83, 15, 1088, 251, 324, 169, 1, 1, 1
84, 15, 1070, 226, 348, 188, 1, 1, 1
85, 15, 1030, 203, 385, 204, 1, 1, 1
86, 15, 1011, 266, 398, 142, 1, 1, 1
87, 15, 1038, 230, 388, 174, 1, 1, 1
88, 15, 977, 210, 457, 195, 1, 1, 1
89, 15, 887, 200, 637, 207, 1, 1, 1
90, 15, 852, 215, 336, 104, 1, 1, 1
91, 15, 807, 219, 276, 102, 1, 1, 1
92, 15, 811, 211, 295, 124, 1, 1, 1
93, 15, 782, 185, 486, 167, 1, 1, 1
94, 15, 758, 172, 486, 185, 1, 1, 1
95, 15, 751, 161, 465, 180, 1, 1, 1
96, 15, 744, 148, 457, 177, 1, 1, 1
97, 15, 845, 176, 345, 142, 1, 1, 1
98, 15, 847, 166, 322, 153, 1, 1, 1
99, 15, 854, 161, 319, 167, 1, 1, 1
100, 15, 849, 154, 314, 174, 1, 1, 1
101, 15, 840, 159, 330, 176, 1, 1, 1
102, 15, 767, 161, 409, 169, 1, 1, 1
103, 15, 741, 142, 374, 181, 1, 1, 1
104, 15, 779, 137, 399, 188, 1, 1, 1
105, 15, 749, 151, 428, 171, 1, 1, 1
106, 15, 764, 168, 418, 157, 1, 1, 1
107, 15, 776, 170, 408, 151, 1, 1, 1
108, 15, 792, 166, 380, 156, 1, 1, 1
109, 15, 787, 143, 376, 241, 1, 1, 1
110, 15, 783, 174, 386, 224, 1, 1, 1
111, 15, 784, 153, 385, 234, 1, 1, 1
112, 15, 792, 137, 367, 245, 1, 1, 1
113, 15, 819, 173, 335, 222, 1, 1, 1
114, 15, 680, 113, 462, 270, 1, 1, 1
115, 15, 676, 149, 442, 295, 1, 1, 1
116, 15, 747, 154, 371, 299, 1, 1, 1
117, 15, 776, 147, 347, 307, 1, 1, 1
118, 15, 656, 123, 448, 335, 1, 1, 1
119, 15, 657, 134, 439, 320, 1, 1, 1
120, 15, 663, 139, 441, 315, 1, 1, 1
121, 15, 687, 139, 422, 302, 1, 1, 1
122, 15, 687, 139, 426, 277, 1, 1, 1
123, 15, 714, 138, 398, 281, 1, 1, 1
124, 15, 661, 140, 449, 279, 1, 1, 1
125, 15, 642, 146, 480, 267, 1, 1, 1
126, 15, 607, 150, 519, 294, 1, 1, 1
127, 15, 627, 164, 509, 246, 1, 1, 1
128, 15, 641, 170, 503, 275, 1, 1, 1
129, 15, 639, 175, 506, 235, 1, 1, 1
130, 15, 633, 171, 512, 253, 1, 1, 1
131, 15, 627, 184, 518, 243, 1, 1, 1
132, 15, 618, 191, 536, 227, 1, 1, 1
133, 15, 632, 184, 517, 256, 1, 1, 1
134, 15, 668, 184, 481, 211, 1, 1, 1
135, 15, 686, 164, 465, 239, 1, 1, 1
136, 15, 857, 200, 282, 182, 1, 1, 1
137, 15, 859, 201, 268, 178, 1, 1, 1
138, 15, 845, 150, 258, 223, 1, 1, 1
139, 15, 824, 99, 241, 268, 1, 1, 1
140, 15, 796, 84, 230, 281, 1, 1, 1
141, 15, 781, 89, 221, 281, 1, 1, 1
142, 15, 779, 112, 200, 263, 1, 1, 1
143, 15, 799, 211, 160, 166, 1, 1, 1
144, 15, 638, 185, 354, 169, 1, 1, 1
145, 15, 583, 214, 385, 148, 1, 1, 1
146, 15, 591, 201, 399, 167, 1, 1, 1
147, 15, 645, 156, 366, 199, 1, 1, 1
148, 15, 802, 168, 152, 164, 1, 1, 1
149, 15, 793, 98, 78, 203, 1, 1, 1
150, 15, 796, 89, 64, 190, 1, 1, 1
151, 15, 783, 69, 115, 203, 1, 1, 1
152, 15, 780, 57, 124, 225, 1, 1, 1
153, 15, 787, 60, 118, 224, 1, 1, 1
154, 15, 794, 58, 111, 221, 1, 1, 1
155, 15, 784, 58, 121, 233, 1, 1, 1
156, 15, 729, 48, 184, 254, 1, 1, 1
157, 15, 716, 34, 197, 271, 1, 1, 1
158, 15, 725, 46, 172, 264, 1, 1, 1
159, 15, 726, 63, 155, 248, 1, 1, 1
160, 15, 707, 48, 164, 332, 1, 1, 1
161, 15, 684, 55, 175, 320, 1, 1, 1
162, 15, 698, 66, 223, 280, 1, 1, 1
163, 15, 719, 81, 229, 251, 1, 1, 1
164, 15, 770, 104, 209, 226, 1, 1, 1
165, 15, 710, 102, 280, 218, 1, 1, 1
166, 15, 831, 103, 187, 192, 1, 1, 1
167, 15, 815, 123, 163, 144, 1, 1, 1
169, 15, 916, 136, 96, 115, 1, 1, 1
170, 15, 958, 126, 55, 73, 1, 1, 1
193, 15, 1242, 31, 104, 113, 1, 1, 1
194, 15, 1243, 11, 126, 124, 1, 1, 1
195, 15, 1278, 14, 129, 118, 1, 1, 1
196, 15, 1351, 17, 67, 99, 1, 1, 1
197, 15, 1351, 96, 65, 20, 1, 1, 1
198, 15, 1340, 48, 79, 70, 1, 1, 1
199, 15, 1371, 80, 35, 33, 1, 1, 1
202, 15, 1753, 30, 80, 78, 1, 1, 1
203, 15, 1687, 25, 162, 105, 1, 1, 1
