25, 15, 1816, 335, 104, 86, 1, 1, 1
26, 15, 1739, 341, 57, 112, 1, 1, 1
27, 15, 1773, 357, 87, 64, 1, 1, 1
28, 15, 1669, 345, 171, 122, 1, 1, 1
29, 15, 1674, 331, 131, 125, 1, 1, 1
30, 15, 1735, 346, 164, 70, 1, 1, 1
31, 15, 1812, 327, 106, 118, 1, 1, 1
32, 15, 1888, 336, 32, 97, 1, 1, 1
33, 15, 1894, 334, 26, 42, 1, 1, 1
34, 15, 1841, 337, 79, 109, 1, 1, 1
35, 15, 1752, 338, 164, 104, 1, 1, 1
36, 15, 1681, 341, 154, 107, 1, 1, 1
37, 15, 1618, 344, 158, 104, 1, 1, 1
38, 15, 1578, 341, 141, 104, 1, 1, 1
39, 15, 1526, 347, 152, 91, 1, 1, 1
40, 15, 1493, 336, 89, 96, 1, 1, 1
41, 15, 1455, 348, 117, 37, 1, 1, 1
42, 15, 1430, 332, 129, 76, 1, 1, 1
43, 15, 1446, 336, 134, 88, 1, 1, 1
44, 15, 1487, 327, 134, 82, 1, 1, 1
45, 15, 1530, 335, 136, 76, 1, 1, 1
46, 15, 1576, 332, 144, 73, 1, 1, 1
47, 15, 1617, 334, 144, 83, 1, 1, 1
48, 15, 1644, 336, 149, 78, 1, 1, 1
49, 15, 1657, 333, 142, 78, 1, 1, 1
50, 15, 1658, 335, 143, 71, 1, 1, 1
