39, 1, 0, 319, 673, 425, 1, 1, 1
40, 1, 0, 338, 680, 404, 1, 1, 1
41, 1, 0, 361, 628, 344, 1, 1, 1
42, 1, 0, 397, 598, 428, 1, 1, 1
43, 1, 0, 407, 582, 420, 1, 1, 1
44, 1, 0, 401, 600, 419, 1, 1, 1
45, 1, 0, 383, 614, 448, 1, 1, 1
46, 1, 0, 374, 586, 507, 1, 1, 1
47, 1, 0, 400, 487, 525, 1, 1, 1
48, 1, 0, 407, 456, 538, 1, 1, 1
49, 1, 0, 398, 435, 559, 1, 1, 1
50, 1, 0, 389, 417, 574, 1, 1, 1
51, 1, 0, 389, 449, 583, 1, 1, 1
52, 1, 0, 379, 482, 597, 1, 1, 1
53, 1, 0, 281, 453, 697, 1, 1, 1
54, 1, 0, 262, 495, 712, 1, 1, 1
55, 1, 0, 259, 526, 712, 1, 1, 1
56, 1, 0, 264, 579, 693, 1, 1, 1
57, 1, 0, 279, 611, 661, 1, 1, 1
58, 1, 0, 305, 623, 622, 1, 1, 1
59, 1, 0, 347, 620, 532, 1, 1, 1
60, 1, 0, 360, 534, 575, 1, 1, 1
61, 1, 0, 404, 380, 403, 1, 1, 1
62, 1, 0, 423, 330, 353, 1, 1, 1
63, 1, 0, 398, 343, 394, 1, 1, 1
64, 1, 0, 409, 356, 404, 1, 1, 1
65, 1, 0, 442, 355, 415, 1, 1, 1
66, 1, 0, 446, 358, 467, 1, 1, 1
67, 1, 0, 448, 352, 462, 1, 1, 1
68, 1, 0, 445, 364, 453, 1, 1, 1
69, 1, 0, 432, 397, 461, 1, 1, 1
70, 1, 0, 457, 336, 446, 1, 1, 1
71, 1, 0, 452, 327, 453, 1, 1, 1
72, 1, 0, 460, 346, 440, 1, 1, 1
73, 1, 0, 460, 360, 274, 1, 1, 1
74, 1, 0, 421, 455, 438, 1, 1, 1
75, 1, 0, 405, 463, 473, 1, 1, 1
76, 1, 0, 310, 362, 567, 1, 1, 1
77, 1, 0, 404, 478, 420, 1, 1, 1
78, 1, 0, 432, 498, 331, 1, 1, 1
79, 1, 0, 432, 469, 331, 1, 1, 1
80, 1, 0, 380, 386, 394, 1, 1, 1
81, 1, 0, 393, 405, 382, 1, 1, 1
82, 1, 0, 380, 375, 400, 1, 1, 1
83, 1, 0, 391, 353, 405, 1, 1, 1
39, 2, 99, 461, 510, 418, 1, 1, 1
40, 2, 90, 434, 549, 420, 1, 1, 1
41, 2, 38, 463, 624, 378, 1, 1, 1
42, 2, 0, 453, 659, 380, 1, 1, 1
43, 2, 4, 437, 606, 396, 1, 1, 1
44, 2, 19, 429, 624, 405, 1, 1, 1
45, 2, 70, 374, 526, 461, 1, 1, 1
46, 2, 158, 345, 435, 498, 1, 1, 1
47, 2, 252, 326, 376, 491, 1, 1, 1
48, 2, 99, 304, 499, 455, 1, 1, 1
49, 2, 53, 399, 524, 347, 1, 1, 1
50, 2, 82, 394, 473, 333, 1, 1, 1
51, 2, 119, 423, 412, 295, 1, 1, 1
52, 2, 374, 525, 169, 195, 1, 1, 1
53, 2, 383, 474, 183, 249, 1, 1, 1
54, 2, 374, 400, 200, 333, 1, 1, 1
55, 2, 385, 397, 186, 361, 1, 1, 1
56, 2, 74, 457, 485, 297, 1, 1, 1
57, 2, 100, 454, 520, 291, 1, 1, 1
58, 2, 108, 464, 519, 286, 1, 1, 1
59, 2, 320, 439, 298, 313, 1, 1, 1
60, 2, 264, 378, 370, 377, 1, 1, 1
61, 2, 231, 366, 323, 380, 1, 1, 1
62, 2, 206, 332, 302, 404, 1, 1, 1
63, 2, 230, 338, 272, 383, 1, 1, 1
64, 2, 225, 349, 289, 362, 1, 1, 1
65, 2, 246, 376, 267, 345, 1, 1, 1
66, 2, 267, 402, 251, 307, 1, 1, 1
67, 2, 238, 392, 281, 332, 1, 1, 1
68, 2, 226, 379, 295, 335, 1, 1, 1
69, 2, 247, 384, 284, 331, 1, 1, 1
70, 2, 251, 376, 278, 344, 1, 1, 1
71, 2, 242, 370, 266, 339, 1, 1, 1
72, 2, 247, 431, 268, 278, 1, 1, 1
73, 2, 217, 439, 317, 267, 1, 1, 1
74, 2, 175, 422, 365, 286, 1, 1, 1
75, 2, 167, 377, 380, 331, 1, 1, 1
76, 2, 202, 397, 344, 321, 1, 1, 1
77, 2, 197, 400, 334, 326, 1, 1, 1
78, 2, 230, 428, 307, 287, 1, 1, 1
79, 2, 229, 454, 332, 262, 1, 1, 1
80, 2, 229, 418, 369, 304, 1, 1, 1
81, 2, 229, 398, 339, 332, 1, 1, 1
82, 2, 189, 409, 371, 329, 1, 1, 1
83, 2, 183, 448, 380, 303, 1, 1, 1
