120, 3, 623, 53, 276, 358, 1, 1, 1
121, 3, 608, 60, 226, 345, 1, 1, 1
122, 3, 620, 55, 169, 218, 1, 1, 1
123, 3, 583, 79, 210, 182, 1, 1, 1
124, 3, 606, 63, 237, 200, 1, 1, 1
125, 3, 597, 81, 260, 338, 1, 1, 1
126, 3, 583, 84, 287, 334, 1, 1, 1
127, 3, 591, 79, 267, 330, 1, 1, 1
128, 3, 598, 77, 284, 188, 1, 1, 1
129, 3, 612, 57, 227, 342, 1, 1, 1
130, 3, 615, 71, 194, 196, 1, 1, 1
131, 3, 583, 77, 228, 201, 1, 1, 1
132, 3, 560, 100, 307, 189, 1, 1, 1
133, 3, 553, 110, 312, 194, 1, 1, 1
134, 3, 557, 116, 326, 193, 1, 1, 1
135, 3, 580, 125, 253, 188, 1, 1, 1
136, 3, 601, 104, 233, 214, 1, 1, 1
137, 3, 614, 127, 199, 192, 1, 1, 1
138, 3, 560, 135, 211, 195, 1, 1, 1
139, 3, 518, 145, 310, 194, 1, 1, 1
140, 3, 536, 145, 342, 195, 1, 1, 1
141, 3, 546, 144, 329, 187, 1, 1, 1
142, 3, 615, 145, 265, 187, 1, 1, 1
143, 3, 652, 145, 173, 176, 1, 1, 1
144, 3, 661, 139, 169, 343, 1, 1, 1
145, 3, 672, 138, 158, 169, 1, 1, 1
146, 3, 657, 137, 191, 166, 1, 1, 1
147, 3, 664, 139, 204, 161, 1, 1, 1
148, 3, 676, 131, 207, 167, 1, 1, 1
149, 3, 668, 134, 204, 167, 1, 1, 1
