1, 1, 536, 120, 243, 474, 1, 1, 1
2, 1, 542, 104, 241, 473, 1, 1, 1
3, 1, 584, 127, 156, 457, 1, 1, 1
4, 1, 594, 161, 136, 395, 1, 1, 1
5, 1, 604, 203, 137, 333, 1, 1, 1
6, 1, 524, 279, 223, 266, 1, 1, 1
7, 1, 633, 318, 120, 245, 1, 1, 1
8, 1, 649, 296, 147, 269, 1, 1, 1
9, 1, 672, 272, 111, 283, 1, 1, 1
10, 1, 664, 293, 152, 286, 1, 1, 1
11, 1, 697, 297, 165, 271, 1, 1, 1
12, 1, 679, 278, 186, 286, 1, 1, 1
13, 1, 649, 273, 259, 287, 1, 1, 1
14, 1, 574, 287, 326, 274, 1, 1, 1
15, 1, 561, 305, 323, 247, 1, 1, 1
16, 1, 551, 302, 321, 246, 1, 1, 1
17, 1, 581, 340, 285, 204, 1, 1, 1
18, 1, 604, 288, 231, 258, 1, 1, 1
19, 1, 607, 249, 146, 297, 1, 1, 1
20, 1, 608, 248, 135, 306, 1, 1, 1
21, 1, 605, 244, 168, 337, 1, 1, 1
22, 1, 605, 329, 193, 231, 1, 1, 1
23, 1, 600, 250, 215, 312, 1, 1, 1
24, 1, 619, 240, 219, 325, 1, 1, 1
25, 1, 616, 208, 203, 329, 1, 1, 1
26, 1, 592, 222, 199, 348, 1, 1, 1
27, 1, 577, 226, 159, 329, 1, 1, 1
28, 1, 570, 264, 132, 292, 1, 1, 1
29, 1, 610, 274, 127, 291, 1, 1, 1
30, 1, 607, 283, 83, 287, 1, 1, 1
31, 1, 602, 290, 86, 285, 1, 1, 1
32, 1, 588, 300, 104, 279, 1, 1, 1
33, 1, 558, 311, 144, 265, 1, 1, 1
34, 1, 527, 319, 187, 264, 1, 1, 1
35, 1, 514, 317, 215, 268, 1, 1, 1
36, 1, 520, 320, 378, 260, 1, 1, 1
37, 1, 550, 301, 441, 273, 1, 1, 1
38, 1, 560, 295, 431, 287, 1, 1, 1
39, 1, 580, 284, 388, 319, 1, 1, 1
40, 1, 604, 283, 369, 281, 1, 1, 1
41, 1, 624, 294, 313, 299, 1, 1, 1
42, 1, 636, 289, 277, 264, 1, 1, 1
43, 1, 639, 280, 179, 284, 1, 1, 1
44, 1, 652, 316, 174, 250, 1, 1, 1
45, 1, 564, 296, 429, 275, 1, 1, 1
46, 1, 643, 344, 88, 220, 1, 1, 1
47, 1, 643, 336, 167, 236, 1, 1, 1
