30, 2, 811, 411, 486, 238, 1, 1, 1
31, 2, 798, 416, 482, 240, 1, 1, 1
32, 2, 798, 425, 478, 241, 1, 1, 1
33, 2, 778, 443, 479, 229, 1, 1, 1
34, 2, 792, 461, 451, 218, 1, 1, 1
35, 2, 777, 473, 456, 200, 1, 1, 1
36, 2, 759, 482, 471, 193, 1, 1, 1
37, 2, 797, 488, 427, 191, 1, 1, 1
38, 2, 831, 480, 398, 193, 1, 1, 1
39, 2, 853, 472, 388, 194, 1, 1, 1
40, 2, 893, 474, 360, 183, 1, 1, 1
41, 2, 939, 482, 340, 178, 1, 1, 1
42, 2, 978, 479, 322, 171, 1, 1, 1
43, 2, 1010, 471, 297, 177, 1, 1, 1
44, 2, 1038, 479, 265, 159, 1, 1, 1
45, 2, 1062, 468, 269, 129, 1, 1, 1
46, 2, 1060, 458, 262, 129, 1, 1, 1
47, 2, 1119, 448, 156, 125, 1, 1, 1
48, 2, 1123, 447, 158, 131, 1, 1, 1
