43, 1, 113, 272, 545, 414, 1, 1, 1
44, 1, 87, 277, 569, 400, 1, 1, 1
45, 1, 112, 268, 538, 390, 1, 1, 1
46, 1, 175, 259, 460, 403, 1, 1, 1
47, 1, 169, 262, 470, 378, 1, 1, 1
48, 1, 149, 254, 456, 431, 1, 1, 1
49, 1, 186, 252, 404, 392, 1, 1, 1
50, 1, 251, 249, 306, 408, 1, 1, 1
51, 1, 151, 243, 389, 425, 1, 1, 1
52, 1, 160, 233, 436, 399, 1, 1, 1
53, 1, 134, 229, 534, 392, 1, 1, 1
54, 1, 203, 222, 482, 388, 1, 1, 1
55, 1, 238, 212, 419, 395, 1, 1, 1
56, 1, 251, 184, 352, 449, 1, 1, 1
57, 1, 265, 206, 361, 550, 1, 1, 1
58, 1, 274, 214, 339, 519, 1, 1, 1
59, 1, 289, 192, 372, 571, 1, 1, 1
60, 1, 297, 199, 354, 580, 1, 1, 1
61, 1, 302, 222, 332, 553, 1, 1, 1
62, 1, 320, 221, 311, 559, 1, 1, 1
63, 1, 334, 187, 322, 566, 1, 1, 1
64, 1, 331, 199, 357, 549, 1, 1, 1
65, 1, 329, 204, 357, 527, 1, 1, 1
66, 1, 361, 211, 354, 508, 1, 1, 1
67, 1, 332, 204, 374, 517, 1, 1, 1
68, 1, 342, 206, 355, 541, 1, 1, 1
69, 1, 303, 210, 376, 543, 1, 1, 1
70, 1, 340, 229, 351, 528, 1, 1, 1
