35, 6, 230, 315, 133, 97, 1, 1, 1
36, 6, 224, 312, 130, 99, 1, 1, 1
37, 6, 216, 309, 131, 100, 1, 1, 1
38, 6, 205, 307, 131, 99, 1, 1, 1
39, 6, 201, 308, 133, 98, 1, 1, 1
40, 6, 213, 305, 124, 99, 1, 1, 1
41, 6, 232, 306, 114, 99, 1, 1, 1
42, 6, 256, 307, 96, 100, 1, 1, 1
43, 6, 266, 306, 89, 102, 1, 1, 1
44, 6, 270, 307, 93, 103, 1, 1, 1
45, 6, 289, 312, 85, 101, 1, 1, 1
46, 6, 263, 313, 126, 104, 1, 1, 1
47, 6, 293, 316, 125, 101, 1, 1, 1
48, 6, 319, 318, 124, 101, 1, 1, 1
49, 6, 335, 319, 152, 100, 1, 1, 1
50, 6, 370, 319, 151, 102, 1, 1, 1
51, 6, 391, 318, 151, 101, 1, 1, 1
52, 6, 435, 319, 153, 100, 1, 1, 1
53, 6, 479, 317, 151, 102, 1, 1, 1
54, 6, 525, 316, 148, 98, 1, 1, 1
55, 6, 573, 311, 145, 100, 1, 1, 1
56, 6, 588, 311, 143, 98, 1, 1, 1
57, 6, 587, 311, 148, 98, 1, 1, 1
58, 6, 587, 310, 146, 97, 1, 1, 1
59, 6, 584, 310, 144, 97, 1, 1, 1
60, 6, 576, 304, 142, 100, 1, 1, 1
61, 6, 563, 307, 139, 99, 1, 1, 1
62, 6, 550, 308, 135, 97, 1, 1, 1
63, 6, 514, 311, 133, 93, 1, 1, 1
64, 6, 457, 317, 134, 90, 1, 1, 1
65, 6, 390, 318, 141, 90, 1, 1, 1
66, 6, 316, 319, 144, 90, 1, 1, 1
67, 6, 262, 320, 144, 93, 1, 1, 1
68, 6, 224, 321, 145, 91, 1, 1, 1
69, 6, 194, 321, 143, 91, 1, 1, 1
70, 6, 174, 320, 140, 93, 1, 1, 1
71, 6, 158, 322, 144, 92, 1, 1, 1
72, 6, 150, 319, 144, 92, 1, 1, 1
73, 6, 130, 318, 151, 91, 1, 1, 1
55, 5, 589, 324, 105, 102, 1, 1, 1
56, 5, 604, 320, 104, 105, 1, 1, 1
57, 5, 608, 317, 104, 108, 1, 1, 1
58, 5, 602, 317, 108, 106, 1, 1, 1
59, 5, 595, 314, 111, 108, 1, 1, 1
60, 5, 582, 316, 114, 105, 1, 1, 1
61, 5, 569, 313, 110, 107, 1, 1, 1
62, 5, 552, 315, 107, 106, 1, 1, 1
63, 5, 515, 318, 107, 103, 1, 1, 1
64, 5, 461, 316, 106, 107, 1, 1, 1
65, 5, 403, 316, 102, 109, 1, 1, 1
66, 5, 332, 317, 100, 109, 1, 1, 1
67, 5, 272, 319, 103, 107, 1, 1, 1
68, 5, 238, 320, 98, 106, 1, 1, 1
69, 5, 204, 321, 94, 107, 1, 1, 1
70, 5, 177, 322, 95, 105, 1, 1, 1
71, 5, 163, 322, 98, 105, 1, 1, 1
72, 5, 158, 326, 94, 100, 1, 1, 1
73, 5, 146, 324, 99, 100, 1, 1, 1
59, 7, 563, 314, 111, 100, 1, 1, 1
60, 7, 555, 318, 110, 95, 1, 1, 1
61, 7, 529, 317, 105, 96, 1, 1, 1
62, 7, 522, 318, 105, 95, 1, 1, 1
63, 7, 485, 317, 103, 96, 1, 1, 1
64, 7, 431, 320, 93, 98, 1, 1, 1
65, 7, 370, 321, 97, 94, 1, 1, 1
66, 7, 299, 321, 93, 96, 1, 1, 1
67, 7, 247, 323, 91, 94, 1, 1, 1
68, 7, 208, 323, 93, 97, 1, 1, 1
69, 7, 174, 324, 93, 95, 1, 1, 1
70, 7, 154, 324, 89, 86, 1, 1, 1
71, 7, 122, 323, 106, 102, 1, 1, 1
72, 7, 117, 324, 103, 93, 1, 1, 1
73, 7, 131, 325, 57, 83, 1, 1, 1
46, 4, 340, 338, 84, 102, 1, 1, 1
47, 4, 372, 341, 83, 100, 1, 1, 1
48, 4, 404, 341, 85, 102, 1, 1, 1
49, 4, 450, 342, 86, 99, 1, 1, 1
50, 4, 485, 343, 95, 98, 1, 1, 1
51, 4, 505, 342, 99, 98, 1, 1, 1
52, 4, 570, 340, 88, 100, 1, 1, 1
53, 4, 619, 336, 85, 101, 1, 1, 1
54, 4, 668, 333, 83, 102, 1, 1, 1
55, 4, 718, 331, 83, 99, 1, 1, 1
56, 4, 731, 328, 88, 101, 1, 1, 1
57, 4, 731, 326, 95, 102, 1, 1, 1
58, 4, 727, 320, 97, 108, 1, 1, 1
59, 4, 725, 319, 97, 107, 1, 1, 1
60, 4, 717, 318, 95, 106, 1, 1, 1
61, 4, 697, 316, 100, 107, 1, 1, 1
62, 4, 677, 315, 102, 110, 1, 1, 1
63, 4, 638, 315, 104, 110, 1, 1, 1
64, 4, 587, 318, 101, 109, 1, 1, 1
65, 4, 525, 320, 102, 109, 1, 1, 1
66, 4, 459, 320, 97, 109, 1, 1, 1
67, 4, 411, 323, 91, 109, 1, 1, 1
68, 4, 372, 322, 92, 109, 1, 1, 1
69, 4, 334, 323, 97, 109, 1, 1, 1
70, 4, 309, 323, 96, 109, 1, 1, 1
71, 4, 296, 324, 95, 108, 1, 1, 1
72, 4, 288, 324, 95, 107, 1, 1, 1
73, 4, 272, 323, 96, 106, 1, 1, 1
