1, 1, 440, 155, 63, 85, 1, 1, 1
2, 1, 443, 152, 53, 95, 1, 1, 1
3, 1, 439, 144, 46, 95, 1, 1, 1
4, 1, 434, 140, 45, 97, 1, 1, 1
5, 1, 430, 146, 48, 92, 1, 1, 1
6, 1, 421, 149, 52, 106, 1, 1, 1
7, 1, 431, 150, 37, 99, 1, 1, 1
8, 1, 423, 150, 42, 106, 1, 1, 1
9, 1, 411, 153, 49, 104, 1, 1, 1
10, 1, 414, 157, 39, 108, 1, 1, 1
11, 1, 409, 160, 50, 107, 1, 1, 1
12, 1, 404, 160, 41, 80, 1, 1, 1
13, 1, 396, 160, 42, 63, 1, 1, 1
14, 1, 387, 158, 42, 59, 1, 1, 1
15, 1, 377, 163, 51, 63, 1, 1, 1
16, 1, 370, 159, 41, 47, 1, 1, 1
17, 1, 354, 157, 54, 47, 1, 1, 1
18, 1, 362, 158, 29, 34, 1, 1, 1
20, 1, 374, 164, 8, 17, 1, 1, 1
23, 1, 334, 161, 23, 13, 1, 1, 1
24, 1, 308, 161, 63, 96, 1, 1, 1
25, 1, 293, 158, 54, 92, 1, 1, 1
26, 1, 295, 152, 47, 87, 1, 1, 1
27, 1, 277, 152, 56, 89, 1, 1, 1
28, 1, 272, 150, 66, 97, 1, 1, 1
29, 1, 266, 151, 54, 91, 1, 1, 1
30, 1, 268, 149, 55, 102, 1, 1, 1
31, 1, 265, 150, 58, 93, 1, 1, 1
32, 1, 266, 149, 61, 79, 1, 1, 1
33, 1, 265, 149, 57, 111, 1, 1, 1
34, 1, 270, 146, 45, 69, 1, 1, 1
35, 1, 262, 150, 53, 67, 1, 1, 1
36, 1, 261, 152, 63, 64, 1, 1, 1
37, 1, 265, 152, 48, 62, 1, 1, 1
38, 1, 263, 146, 48, 57, 1, 1, 1
39, 1, 270, 145, 40, 40, 1, 1, 1
40, 1, 270, 144, 37, 41, 1, 1, 1
48, 1, 314, 142, 17, 22, 1, 1, 1
49, 1, 303, 136, 32, 38, 1, 1, 1
50, 1, 289, 134, 47, 54, 1, 1, 1
51, 1, 318, 132, 23, 20, 1, 1, 1
52, 1, 319, 131, 32, 24, 1, 1, 1
53, 1, 323, 132, 32, 29, 1, 1, 1
54, 1, 324, 135, 64, 35, 1, 1, 1
55, 1, 330, 139, 63, 38, 1, 1, 1
56, 1, 318, 135, 70, 72, 1, 1, 1
57, 1, 307, 131, 87, 73, 1, 1, 1
58, 1, 337, 134, 56, 111, 1, 1, 1
59, 1, 306, 147, 82, 99, 1, 1, 1
60, 1, 301, 156, 88, 81, 1, 1, 1
61, 1, 333, 153, 58, 46, 1, 1, 1
62, 1, 342, 151, 46, 45, 1, 1, 1
63, 1, 335, 151, 58, 43, 1, 1, 1
64, 1, 359, 147, 42, 33, 1, 1, 1
65, 1, 365, 137, 41, 32, 1, 1, 1
66, 1, 375, 132, 31, 23, 1, 1, 1
76, 1, 356, 164, 47, 108, 1, 1, 1
77, 1, 346, 158, 74, 119, 1, 1, 1
78, 1, 337, 157, 74, 115, 1, 1, 1
79, 1, 337, 104, 90, 154, 1, 1, 1
80, 1, 347, 112, 95, 151, 1, 1, 1
81, 1, 330, 119, 116, 162, 1, 1, 1
82, 1, 323, 112, 118, 160, 1, 1, 1
83, 1, 341, 111, 98, 161, 1, 1, 1
84, 1, 332, 114, 110, 168, 1, 1, 1
85, 1, 330, 124, 118, 165, 1, 1, 1
86, 1, 355, 125, 96, 163, 1, 1, 1
87, 1, 356, 114, 86, 161, 1, 1, 1
88, 1, 347, 111, 101, 163, 1, 1, 1
89, 1, 343, 123, 123, 155, 1, 1, 1
90, 1, 352, 131, 119, 175, 1, 1, 1
91, 1, 354, 128, 96, 167, 1, 1, 1
92, 1, 343, 124, 107, 174, 1, 1, 1
93, 1, 334, 124, 119, 181, 1, 1, 1
94, 1, 336, 126, 129, 188, 1, 1, 1
95, 1, 343, 124, 122, 180, 1, 1, 1
96, 1, 335, 114, 95, 180, 1, 1, 1
97, 1, 326, 114, 99, 170, 1, 1, 1
98, 1, 323, 112, 121, 175, 1, 1, 1
99, 1, 318, 104, 134, 190, 1, 1, 1
100, 1, 312, 84, 121, 186, 1, 1, 1
101, 1, 303, 86, 113, 182, 1, 1, 1
102, 1, 291, 76, 133, 190, 1, 1, 1
103, 1, 289, 53, 122, 125, 1, 1, 1
104, 1, 290, 47, 104, 116, 1, 1, 1
105, 1, 275, 37, 100, 105, 1, 1, 1
106, 1, 271, 29, 103, 102, 1, 1, 1
107, 1, 287, 24, 63, 75, 1, 1, 1
108, 1, 287, 54, 31, 35, 1, 1, 1
111, 1, 344, 65, 28, 67, 1, 1, 1
112, 1, 329, 66, 39, 57, 1, 1, 1
113, 1, 279, 51, 82, 89, 1, 1, 1
114, 1, 266, 44, 91, 101, 1, 1, 1
115, 1, 291, 39, 53, 222, 1, 1, 1
116, 1, 304, 45, 91, 188, 1, 1, 1
117, 1, 265, 58, 124, 236, 1, 1, 1
118, 1, 243, 60, 136, 236, 1, 1, 1
119, 1, 221, 63, 151, 232, 1, 1, 1
120, 1, 202, 63, 175, 241, 1, 1, 1
121, 1, 231, 75, 144, 247, 1, 1, 1
122, 1, 232, 72, 135, 240, 1, 1, 1
123, 1, 219, 60, 125, 238, 1, 1, 1
124, 1, 213, 55, 129, 241, 1, 1, 1
125, 1, 227, 51, 174, 278, 1, 1, 1
126, 1, 218, 52, 175, 263, 1, 1, 1
