18, 17, 733, 324, 84, 76, 1, 1, 1
19, 17, 734, 324, 85, 78, 1, 1, 1
20, 17, 737, 323, 83, 79, 1, 1, 1
21, 17, 739, 322, 85, 78, 1, 1, 1
22, 17, 746, 322, 81, 79, 1, 1, 1
23, 17, 744, 322, 86, 79, 1, 1, 1
24, 17, 747, 321, 83, 78, 1, 1, 1
25, 17, 752, 323, 82, 76, 1, 1, 1
26, 17, 757, 322, 82, 80, 1, 1, 1
27, 17, 761, 323, 82, 78, 1, 1, 1
28, 17, 765, 322, 84, 78, 1, 1, 1
29, 17, 769, 322, 79, 79, 1, 1, 1
35, 1, 285, 368, 107, 92, 1, 1, 1
36, 1, 292, 367, 102, 95, 1, 1, 1
37, 1, 295, 369, 101, 93, 1, 1, 1
38, 1, 301, 368, 99, 94, 1, 1, 1
39, 1, 304, 371, 98, 93, 1, 1, 1
40, 1, 303, 372, 102, 93, 1, 1, 1
41, 1, 306, 369, 102, 93, 1, 1, 1
15, 2, 319, 364, 120, 96, 1, 1, 1
16, 2, 309, 357, 110, 100, 1, 1, 1
17, 2, 301, 360, 115, 96, 1, 1, 1
18, 2, 299, 360, 115, 97, 1, 1, 1
19, 2, 296, 355, 119, 102, 1, 1, 1
20, 2, 297, 354, 120, 104, 1, 1, 1
21, 2, 301, 354, 120, 99, 1, 1, 1
22, 2, 304, 350, 120, 107, 1, 1, 1
23, 2, 305, 355, 120, 106, 1, 1, 1
24, 2, 306, 354, 120, 101, 1, 1, 1
25, 2, 309, 353, 124, 101, 1, 1, 1
26, 2, 319, 352, 116, 105, 1, 1, 1
27, 2, 325, 351, 114, 103, 1, 1, 1
28, 2, 327, 352, 117, 100, 1, 1, 1
29, 2, 328, 349, 115, 101, 1, 1, 1
30, 2, 332, 346, 115, 103, 1, 1, 1
31, 2, 340, 348, 115, 104, 1, 1, 1
32, 2, 349, 348, 113, 103, 1, 1, 1
33, 2, 363, 355, 107, 97, 1, 1, 1
34, 2, 366, 353, 105, 101, 1, 1, 1
35, 2, 365, 350, 107, 102, 1, 1, 1
