1, 2, 1142, 295, 138, 155, 1, 1, 1
2, 2, 1114, 299, 132, 151, 1, 1, 1
3, 2, 1068, 301, 171, 133, 1, 1, 1
4, 2, 1039, 308, 137, 145, 1, 1, 1
5, 2, 1003, 312, 74, 34, 1, 1, 1
6, 2, 952, 310, 81, 24, 1, 1, 1
7, 2, 923, 311, 62, 21, 1, 1, 1
8, 2, 890, 312, 72, 30, 1, 1, 1
9, 2, 888, 310, 39, 31, 1, 1, 1
1, 3, 340, 325, 163, 128, 1, 1, 1
2, 3, 346, 323, 155, 134, 1, 1, 1
3, 3, 346, 324, 156, 133, 1, 1, 1
4, 3, 340, 320, 164, 140, 1, 1, 1
5, 3, 333, 321, 171, 144, 1, 1, 1
6, 3, 321, 321, 179, 148, 1, 1, 1
7, 3, 311, 319, 179, 153, 1, 1, 1
8, 3, 300, 324, 178, 158, 1, 1, 1
9, 3, 287, 328, 174, 149, 1, 1, 1
10, 3, 271, 331, 173, 152, 1, 1, 1
11, 3, 256, 332, 187, 156, 1, 1, 1
12, 3, 227, 330, 175, 146, 1, 1, 1
13, 3, 204, 328, 223, 161, 1, 1, 1
14, 3, 185, 323, 222, 167, 1, 1, 1
15, 3, 167, 330, 203, 162, 1, 1, 1
16, 3, 162, 327, 191, 166, 1, 1, 1
17, 3, 148, 325, 212, 168, 1, 1, 1
18, 3, 135, 329, 206, 162, 1, 1, 1
19, 3, 124, 329, 203, 134, 1, 1, 1
20, 3, 126, 331, 178, 159, 1, 1, 1
21, 3, 134, 331, 170, 159, 1, 1, 1
22, 3, 146, 335, 130, 146, 1, 1, 1
23, 3, 149, 332, 113, 144, 1, 1, 1
24, 3, 150, 333, 113, 144, 1, 1, 1
25, 3, 144, 318, 85, 134, 1, 1, 1
26, 3, 144, 334, 90, 116, 1, 1, 1
27, 3, 141, 329, 93, 129, 1, 1, 1
28, 3, 136, 332, 98, 126, 1, 1, 1
29, 3, 124, 330, 93, 123, 1, 1, 1
30, 3, 112, 327, 94, 127, 1, 1, 1
31, 3, 116, 327, 81, 118, 1, 1, 1
32, 3, 141, 325, 68, 114, 1, 1, 1
33, 3, 170, 324, 47, 88, 1, 1, 1
34, 3, 162, 331, 48, 46, 1, 1, 1
35, 3, 213, 328, 26, 25, 1, 1, 1
1, 4, 530, 311, 116, 66, 1, 1, 1
2, 4, 526, 314, 110, 60, 1, 1, 1
3, 4, 520, 309, 117, 63, 1, 1, 1
4, 4, 510, 307, 128, 70, 1, 1, 1
5, 4, 503, 307, 136, 65, 1, 1, 1
6, 4, 493, 304, 144, 86, 1, 1, 1
7, 4, 477, 294, 157, 91, 1, 1, 1
8, 4, 459, 289, 163, 98, 1, 1, 1
9, 4, 445, 292, 167, 98, 1, 1, 1
10, 4, 422, 290, 175, 96, 1, 1, 1
11, 4, 406, 295, 179, 96, 1, 1, 1
12, 4, 388, 291, 190, 92, 1, 1, 1
13, 4, 383, 290, 186, 93, 1, 1, 1
14, 4, 363, 288, 196, 100, 1, 1, 1
15, 4, 342, 293, 200, 83, 1, 1, 1
16, 4, 320, 294, 199, 86, 1, 1, 1
17, 4, 304, 290, 194, 74, 1, 1, 1
18, 4, 283, 289, 188, 89, 1, 1, 1
19, 4, 266, 291, 182, 64, 1, 1, 1
20, 4, 255, 291, 173, 64, 1, 1, 1
21, 4, 229, 294, 179, 58, 1, 1, 1
22, 4, 210, 291, 159, 58, 1, 1, 1
23, 4, 200, 290, 160, 56, 1, 1, 1
24, 4, 187, 290, 155, 57, 1, 1, 1
25, 4, 175, 290, 144, 64, 1, 1, 1
26, 4, 169, 293, 108, 68, 1, 1, 1
27, 4, 165, 290, 109, 61, 1, 1, 1
28, 4, 161, 293, 88, 53, 1, 1, 1
29, 4, 154, 295, 71, 44, 1, 1, 1
30, 4, 147, 288, 61, 56, 1, 1, 1
31, 4, 143, 292, 80, 47, 1, 1, 1
32, 4, 171, 293, 61, 39, 1, 1, 1
33, 4, 192, 288, 61, 56, 1, 1, 1
34, 4, 187, 280, 63, 71, 1, 1, 1
35, 4, 231, 266, 59, 81, 1, 1, 1
36, 4, 262, 263, 83, 77, 1, 1, 1
37, 4, 318, 256, 83, 76, 1, 1, 1
38, 4, 352, 250, 89, 76, 1, 1, 1
39, 4, 379, 245, 93, 76, 1, 1, 1
40, 4, 403, 242, 87, 78, 1, 1, 1
41, 4, 405, 239, 104, 82, 1, 1, 1
42, 4, 367, 231, 107, 96, 1, 1, 1
43, 4, 337, 231, 124, 102, 1, 1, 1
44, 4, 334, 229, 133, 96, 1, 1, 1
45, 4, 331, 227, 121, 95, 1, 1, 1
46, 4, 330, 225, 77, 79, 1, 1, 1
47, 4, 315, 224, 90, 79, 1, 1, 1
48, 4, 270, 223, 108, 82, 1, 1, 1
49, 4, 252, 222, 109, 105, 1, 1, 1
50, 4, 243, 229, 97, 99, 1, 1, 1
51, 4, 242, 221, 99, 87, 1, 1, 1
52, 4, 277, 243, 66, 71, 1, 1, 1
53, 4, 284, 202, 82, 114, 1, 1, 1
54, 4, 275, 203, 94, 123, 1, 1, 1
55, 4, 268, 203, 94, 123, 1, 1, 1
56, 4, 255, 192, 82, 119, 1, 1, 1
57, 4, 234, 176, 98, 135, 1, 1, 1
58, 4, 239, 186, 83, 132, 1, 1, 1
59, 4, 230, 183, 83, 123, 1, 1, 1
60, 4, 223, 179, 85, 124, 1, 1, 1
61, 4, 209, 174, 88, 116, 1, 1, 1
62, 4, 194, 172, 92, 122, 1, 1, 1
63, 4, 191, 172, 84, 84, 1, 1, 1
64, 4, 173, 168, 115, 96, 1, 1, 1
65, 4, 160, 163, 104, 103, 1, 1, 1
66, 4, 158, 166, 99, 67, 1, 1, 1
67, 4, 126, 163, 136, 52, 1, 1, 1
68, 4, 137, 160, 96, 56, 1, 1, 1
69, 4, 123, 151, 70, 39, 1, 1, 1
70, 4, 125, 160, 52, 30, 1, 1, 1
71, 4, 125, 160, 49, 29, 1, 1, 1
1, 5, 605, 313, 54, 37, 1, 1, 1
2, 5, 590, 308, 69, 51, 1, 1, 1
3, 5, 586, 306, 72, 50, 1, 1, 1
4, 5, 581, 303, 88, 65, 1, 1, 1
5, 5, 575, 302, 90, 55, 1, 1, 1
6, 5, 580, 305, 78, 58, 1, 1, 1
7, 5, 579, 306, 78, 56, 1, 1, 1
8, 5, 572, 303, 90, 53, 1, 1, 1
9, 5, 561, 301, 89, 54, 1, 1, 1
10, 5, 555, 303, 97, 46, 1, 1, 1
11, 5, 540, 301, 101, 56, 1, 1, 1
12, 5, 534, 307, 88, 60, 1, 1, 1
13, 5, 515, 300, 90, 71, 1, 1, 1
14, 5, 503, 295, 92, 74, 1, 1, 1
15, 5, 485, 288, 88, 51, 1, 1, 1
16, 5, 472, 294, 82, 39, 1, 1, 1
17, 5, 437, 290, 106, 38, 1, 1, 1
18, 5, 406, 289, 124, 38, 1, 1, 1
19, 5, 382, 288, 139, 40, 1, 1, 1
20, 5, 384, 288, 121, 37, 1, 1, 1
21, 5, 371, 287, 118, 38, 1, 1, 1
22, 5, 341, 282, 140, 53, 1, 1, 1
23, 5, 333, 281, 136, 72, 1, 1, 1
24, 5, 315, 283, 135, 94, 1, 1, 1
25, 5, 302, 281, 131, 108, 1, 1, 1
26, 5, 282, 275, 160, 114, 1, 1, 1
27, 5, 263, 272, 134, 113, 1, 1, 1
28, 5, 248, 266, 136, 108, 1, 1, 1
29, 5, 243, 251, 111, 103, 1, 1, 1
30, 5, 221, 251, 101, 72, 1, 1, 1
31, 5, 207, 251, 110, 76, 1, 1, 1
32, 5, 224, 248, 92, 76, 1, 1, 1
33, 5, 239, 244, 90, 84, 1, 1, 1
34, 5, 226, 238, 98, 122, 1, 1, 1
35, 5, 256, 232, 108, 125, 1, 1, 1
36, 5, 279, 229, 100, 132, 1, 1, 1
37, 5, 330, 223, 84, 80, 1, 1, 1
38, 5, 368, 219, 83, 77, 1, 1, 1
39, 5, 398, 215, 77, 67, 1, 1, 1
40, 5, 408, 210, 91, 74, 1, 1, 1
41, 5, 399, 210, 109, 68, 1, 1, 1
42, 5, 385, 202, 91, 67, 1, 1, 1
43, 5, 378, 203, 92, 85, 1, 1, 1
44, 5, 366, 197, 83, 73, 1, 1, 1
45, 5, 360, 189, 94, 88, 1, 1, 1
46, 5, 362, 193, 79, 111, 1, 1, 1
47, 5, 351, 193, 86, 120, 1, 1, 1
48, 5, 335, 192, 82, 69, 1, 1, 1
49, 5, 324, 191, 92, 66, 1, 1, 1
50, 5, 314, 187, 98, 70, 1, 1, 1
51, 5, 334, 187, 98, 66, 1, 1, 1
52, 5, 367, 194, 72, 54, 1, 1, 1
53, 5, 393, 198, 53, 37, 1, 1, 1
56, 5, 264, 172, 56, 34, 1, 1, 1
57, 5, 267, 173, 46, 37, 1, 1, 1
58, 5, 226, 171, 87, 50, 1, 1, 1
59, 5, 202, 163, 104, 69, 1, 1, 1
60, 5, 183, 163, 84, 52, 1, 1, 1
61, 5, 161, 161, 72, 54, 1, 1, 1
62, 5, 138, 163, 68, 35, 1, 1, 1
63, 5, 135, 161, 64, 39, 1, 1, 1
64, 5, 125, 157, 50, 42, 1, 1, 1
65, 5, 105, 168, 49, 24, 1, 1, 1
66, 5, 116, 170, 24, 18, 1, 1, 1
12, 6, 554, 183, 116, 83, 1, 1, 1
13, 6, 531, 173, 68, 97, 1, 1, 1
14, 6, 512, 172, 76, 98, 1, 1, 1
15, 6, 484, 175, 111, 122, 1, 1, 1
16, 6, 463, 172, 120, 123, 1, 1, 1
17, 6, 445, 181, 130, 118, 1, 1, 1
18, 6, 422, 188, 154, 122, 1, 1, 1
19, 6, 399, 191, 195, 119, 1, 1, 1
20, 6, 373, 187, 192, 127, 1, 1, 1
21, 6, 356, 188, 162, 120, 1, 1, 1
22, 6, 323, 185, 170, 120, 1, 1, 1
23, 6, 304, 187, 190, 118, 1, 1, 1
24, 6, 285, 188, 196, 106, 1, 1, 1
25, 6, 270, 188, 187, 76, 1, 1, 1
26, 6, 257, 189, 190, 91, 1, 1, 1
27, 6, 239, 186, 161, 109, 1, 1, 1
28, 6, 224, 185, 168, 109, 1, 1, 1
29, 6, 213, 187, 156, 120, 1, 1, 1
30, 6, 207, 190, 150, 106, 1, 1, 1
31, 6, 201, 190, 132, 108, 1, 1, 1
32, 6, 219, 185, 127, 104, 1, 1, 1
33, 6, 240, 183, 117, 93, 1, 1, 1
34, 6, 224, 181, 116, 96, 1, 1, 1
35, 6, 259, 179, 101, 106, 1, 1, 1
36, 6, 288, 175, 88, 98, 1, 1, 1
37, 6, 347, 174, 77, 126, 1, 1, 1
38, 6, 387, 169, 79, 101, 1, 1, 1
39, 6, 417, 164, 80, 121, 1, 1, 1
40, 6, 438, 163, 79, 121, 1, 1, 1
41, 6, 424, 163, 89, 104, 1, 1, 1
42, 6, 412, 154, 87, 114, 1, 1, 1
43, 6, 400, 151, 85, 98, 1, 1, 1
44, 6, 384, 143, 92, 107, 1, 1, 1
45, 6, 367, 144, 96, 106, 1, 1, 1
46, 6, 352, 140, 90, 87, 1, 1, 1
47, 6, 338, 140, 103, 77, 1, 1, 1
48, 6, 317, 131, 108, 82, 1, 1, 1
49, 6, 306, 136, 114, 81, 1, 1, 1
50, 6, 287, 132, 115, 77, 1, 1, 1
51, 6, 285, 133, 108, 69, 1, 1, 1
52, 6, 324, 130, 96, 67, 1, 1, 1
53, 6, 305, 131, 129, 69, 1, 1, 1
54, 6, 288, 128, 135, 73, 1, 1, 1
55, 6, 273, 129, 106, 81, 1, 1, 1
56, 6, 253, 129, 95, 72, 1, 1, 1
57, 6, 239, 129, 99, 79, 1, 1, 1
58, 6, 217, 127, 107, 67, 1, 1, 1
59, 6, 202, 130, 110, 59, 1, 1, 1
60, 6, 191, 125, 110, 64, 1, 1, 1
61, 6, 166, 126, 99, 59, 1, 1, 1
62, 6, 150, 124, 91, 54, 1, 1, 1
63, 6, 135, 123, 94, 58, 1, 1, 1
64, 6, 125, 123, 84, 59, 1, 1, 1
65, 6, 107, 121, 84, 64, 1, 1, 1
66, 6, 101, 122, 77, 61, 1, 1, 1
67, 6, 88, 120, 69, 51, 1, 1, 1
68, 6, 79, 122, 69, 60, 1, 1, 1
69, 6, 68, 114, 57, 39, 1, 1, 1
