14, 3, 913, 234, 132, 86, 1, 1, 1
15, 3, 870, 231, 116, 83, 1, 1, 1
16, 3, 831, 235, 115, 87, 1, 1, 1
17, 3, 786, 241, 116, 94, 1, 1, 1
18, 3, 735, 245, 129, 102, 1, 1, 1
19, 3, 696, 249, 131, 107, 1, 1, 1
20, 3, 672, 276, 119, 80, 1, 1, 1
21, 7, 1014, 162, 89, 74, 1, 1, 1
22, 7, 1069, 156, 43, 92, 1, 1, 1
23, 7, 1067, 175, 88, 119, 1, 1, 1
24, 7, 1028, 206, 109, 95, 1, 1, 1
25, 7, 993, 195, 97, 122, 1, 1, 1
26, 7, 929, 185, 140, 135, 1, 1, 1
27, 7, 861, 176, 187, 156, 1, 1, 1
28, 7, 806, 193, 218, 149, 1, 1, 1
29, 7, 752, 217, 206, 125, 1, 1, 1
30, 7, 710, 162, 203, 179, 1, 1, 1
31, 7, 683, 177, 202, 162, 1, 1, 1
32, 7, 666, 177, 202, 167, 1, 1, 1
