1, 3, 761, 110, 584, 310, 1, 1, 1
2, 3, 770, 107, 560, 304, 1, 1, 1
3, 3, 739, 112, 537, 302, 1, 1, 1
4, 3, 699, 113, 510, 306, 1, 1, 1
5, 3, 666, 114, 475, 302, 1, 1, 1
6, 3, 631, 117, 438, 297, 1, 1, 1
7, 3, 609, 128, 401, 294, 1, 1, 1
8, 3, 598, 133, 362, 294, 1, 1, 1
9, 3, 589, 137, 348, 289, 1, 1, 1
10, 3, 594, 135, 375, 290, 1, 1, 1
11, 3, 667, 139, 278, 286, 1, 1, 1
12, 3, 718, 371, 210, 53, 1, 1, 1
13, 3, 662, 363, 303, 56, 1, 1, 1
14, 3, 671, 364, 271, 62, 1, 1, 1
15, 3, 670, 365, 205, 63, 1, 1, 1
16, 3, 658, 360, 122, 65, 1, 1, 1
17, 3, 642, 357, 133, 57, 1, 1, 1
18, 3, 655, 354, 71, 64, 1, 1, 1
19, 3, 649, 264, 427, 152, 1, 1, 1
20, 3, 662, 204, 421, 222, 1, 1, 1
21, 3, 647, 197, 427, 239, 1, 1, 1
22, 3, 635, 196, 411, 249, 1, 1, 1
23, 3, 585, 194, 447, 255, 1, 1, 1
24, 3, 580, 196, 448, 256, 1, 1, 1
25, 3, 566, 198, 459, 266, 1, 1, 1
26, 3, 559, 198, 475, 260, 1, 1, 1
27, 3, 556, 196, 493, 262, 1, 1, 1
28, 3, 559, 196, 515, 269, 1, 1, 1
29, 3, 563, 193, 549, 261, 1, 1, 1
30, 3, 575, 190, 577, 266, 1, 1, 1
31, 3, 598, 190, 593, 259, 1, 1, 1
32, 3, 624, 185, 588, 259, 1, 1, 1
33, 3, 653, 185, 575, 257, 1, 1, 1
34, 3, 673, 178, 561, 265, 1, 1, 1
35, 3, 699, 176, 544, 269, 1, 1, 1
36, 3, 718, 170, 527, 277, 1, 1, 1
37, 3, 677, 162, 569, 288, 1, 1, 1
38, 3, 675, 159, 578, 293, 1, 1, 1
39, 3, 656, 150, 613, 308, 1, 1, 1
40, 3, 664, 157, 639, 303, 1, 1, 1
41, 3, 703, 167, 661, 305, 1, 1, 1
42, 3, 737, 176, 680, 301, 1, 1, 1
43, 3, 771, 173, 697, 304, 1, 1, 1
44, 3, 802, 163, 694, 310, 1, 1, 1
45, 3, 909, 151, 595, 313, 1, 1, 1
46, 3, 872, 147, 627, 310, 1, 1, 1
47, 3, 837, 139, 650, 310, 1, 1, 1
48, 3, 755, 133, 709, 308, 1, 1, 1
49, 3, 734, 124, 711, 314, 1, 1, 1
50, 3, 680, 108, 759, 319, 1, 1, 1
51, 3, 609, 93, 832, 328, 1, 1, 1
52, 3, 543, 70, 891, 335, 1, 1, 1
53, 3, 468, 61, 936, 338, 1, 1, 1
54, 3, 463, 58, 934, 346, 1, 1, 1
55, 3, 499, 42, 893, 353, 1, 1, 1
56, 3, 682, 33, 701, 359, 1, 1, 1
57, 3, 592, 35, 792, 358, 1, 1, 1
58, 3, 474, 39, 903, 359, 1, 1, 1
59, 3, 456, 30, 918, 359, 1, 1, 1
60, 3, 375, 25, 992, 363, 1, 1, 1
61, 3, 358, 14, 1009, 363, 1, 1, 1
62, 3, 304, 0, 1063, 373, 1, 1, 1
63, 3, 285, 0, 1117, 377, 1, 1, 1
64, 3, 276, 0, 1187, 380, 1, 1, 1
65, 3, 312, 0, 1222, 374, 1, 1, 1
66, 3, 409, 0, 1229, 365, 1, 1, 1
67, 3, 432, 0, 1257, 355, 1, 1, 1
68, 3, 344, 0, 1346, 363, 1, 1, 1
69, 3, 377, 0, 1292, 367, 1, 1, 1
70, 3, 397, 0, 1251, 367, 1, 1, 1
1, 7, 6, 201, 363, 263, 1, 1, 1
2, 7, 51, 206, 338, 270, 1, 1, 1
3, 7, 7, 212, 412, 298, 1, 1, 1
4, 7, 0, 236, 345, 280, 1, 1, 1
5, 7, 0, 250, 314, 242, 1, 1, 1
6, 7, 0, 258, 267, 192, 1, 1, 1
7, 7, 0, 260, 224, 187, 1, 1, 1
8, 7, 0, 265, 200, 137, 1, 1, 1
9, 7, 0, 379, 150, 162, 1, 1, 1
10, 7, 0, 385, 143, 163, 1, 1, 1
11, 7, 0, 402, 145, 182, 1, 1, 1
12, 7, 0, 409, 201, 207, 1, 1, 1
13, 7, 0, 419, 251, 217, 1, 1, 1
14, 7, 0, 403, 337, 233, 1, 1, 1
15, 7, 0, 414, 429, 192, 1, 1, 1
16, 7, 0, 406, 490, 172, 1, 1, 1
17, 7, 0, 399, 537, 211, 1, 1, 1
18, 7, 0, 392, 570, 231, 1, 1, 1
19, 7, 0, 387, 606, 216, 1, 1, 1
20, 7, 0, 388, 636, 190, 1, 1, 1
21, 7, 0, 384, 661, 234, 1, 1, 1
22, 7, 0, 378, 699, 216, 1, 1, 1
23, 7, 0, 375, 710, 219, 1, 1, 1
24, 7, 0, 366, 711, 219, 1, 1, 1
25, 7, 1, 358, 719, 218, 1, 1, 1
26, 7, 2, 343, 730, 236, 1, 1, 1
27, 7, 31, 333, 732, 224, 1, 1, 1
28, 7, 96, 322, 689, 225, 1, 1, 1
29, 7, 149, 313, 659, 225, 1, 1, 1
30, 7, 213, 296, 606, 214, 1, 1, 1
31, 7, 272, 282, 547, 225, 1, 1, 1
32, 7, 273, 268, 533, 201, 1, 1, 1
33, 7, 275, 256, 514, 214, 1, 1, 1
34, 7, 242, 240, 536, 212, 1, 1, 1
35, 7, 289, 228, 477, 211, 1, 1, 1
36, 7, 323, 211, 435, 216, 1, 1, 1
37, 7, 380, 193, 391, 216, 1, 1, 1
38, 7, 418, 175, 336, 221, 1, 1, 1
39, 7, 418, 159, 340, 232, 1, 1, 1
40, 7, 407, 151, 372, 258, 1, 1, 1
41, 7, 424, 150, 412, 266, 1, 1, 1
42, 7, 428, 148, 465, 284, 1, 1, 1
43, 7, 423, 140, 516, 292, 1, 1, 1
44, 7, 375, 131, 608, 282, 1, 1, 1
45, 7, 387, 179, 592, 217, 1, 1, 1
46, 7, 336, 149, 652, 233, 1, 1, 1
47, 7, 269, 133, 708, 249, 1, 1, 1
48, 7, 177, 150, 749, 224, 1, 1, 1
49, 7, 83, 137, 821, 228, 1, 1, 1
50, 7, 0, 121, 908, 250, 1, 1, 1
51, 7, 0, 111, 930, 228, 1, 1, 1
52, 7, 0, 86, 951, 250, 1, 1, 1
53, 7, 0, 86, 952, 249, 1, 1, 1
54, 7, 0, 93, 960, 239, 1, 1, 1
55, 7, 0, 86, 952, 245, 1, 1, 1
56, 7, 0, 83, 920, 269, 1, 1, 1
57, 7, 0, 87, 877, 334, 1, 1, 1
58, 7, 0, 96, 783, 402, 1, 1, 1
59, 7, 0, 94, 700, 428, 1, 1, 1
60, 7, 0, 87, 608, 438, 1, 1, 1
61, 7, 0, 65, 548, 435, 1, 1, 1
62, 7, 0, 25, 524, 429, 1, 1, 1
63, 7, 0, 0, 530, 464, 1, 1, 1
64, 7, 0, 0, 523, 447, 1, 1, 1
65, 7, 0, 0, 554, 475, 1, 1, 1
66, 7, 0, 0, 574, 466, 1, 1, 1
67, 7, 0, 0, 636, 436, 1, 1, 1
68, 7, 0, 0, 607, 458, 1, 1, 1
69, 7, 0, 0, 480, 447, 1, 1, 1
70, 7, 0, 0, 333, 424, 1, 1, 1
