29, 3, 1200, 490, 409, 480, 1, 1, 1
30, 3, 1193, 511, 727, 487, 1, 1, 1
31, 3, 1242, 404, 678, 500, 1, 1, 1
32, 3, 1249, 255, 670, 698, 1, 1, 1
33, 3, 1235, 232, 507, 739, 1, 1, 1
34, 3, 1230, 266, 409, 452, 1, 1, 1
35, 3, 1207, 274, 404, 601, 1, 1, 1
36, 3, 1142, 386, 449, 568, 1, 1, 1
37, 3, 888, 413, 741, 549, 1, 1, 1
38, 3, 948, 407, 711, 507, 1, 1, 1
39, 3, 1178, 407, 429, 548, 1, 1, 1
40, 3, 1227, 329, 311, 664, 1, 1, 1
41, 3, 1177, 194, 293, 806, 1, 1, 1
42, 3, 1167, 183, 339, 804, 1, 1, 1
43, 3, 1071, 190, 481, 788, 1, 1, 1
44, 3, 989, 213, 419, 735, 1, 1, 1
45, 3, 934, 256, 296, 643, 1, 1, 1
46, 3, 710, 386, 545, 391, 1, 1, 1
47, 3, 773, 383, 559, 393, 1, 1, 1
48, 3, 860, 344, 452, 400, 1, 1, 1
49, 3, 917, 351, 486, 447, 1, 1, 1
50, 3, 1054, 235, 405, 416, 1, 1, 1
51, 3, 1177, 204, 360, 470, 1, 1, 1
52, 3, 1271, 240, 273, 455, 1, 1, 1
53, 3, 1258, 237, 263, 489, 1, 1, 1
54, 3, 1211, 250, 460, 486, 1, 1, 1
55, 3, 1095, 271, 605, 598, 1, 1, 1
56, 3, 1096, 352, 685, 508, 1, 1, 1
57, 3, 1195, 381, 629, 563, 1, 1, 1
58, 3, 1299, 422, 362, 516, 1, 1, 1
59, 3, 1280, 388, 312, 576, 1, 1, 1
60, 3, 1291, 286, 251, 668, 1, 1, 1
61, 3, 1264, 268, 330, 694, 1, 1, 1
62, 3, 1167, 310, 682, 527, 1, 1, 1
63, 3, 1181, 379, 652, 456, 1, 1, 1
64, 3, 1188, 414, 483, 276, 1, 1, 1
65, 3, 1225, 428, 308, 343, 1, 1, 1
66, 3, 1032, 441, 585, 469, 1, 1, 1
67, 3, 1039, 287, 632, 590, 1, 1, 1
68, 3, 1061, 234, 619, 683, 1, 1, 1
69, 3, 1053, 231, 622, 685, 1, 1, 1
70, 3, 1036, 373, 680, 560, 1, 1, 1
71, 3, 1068, 404, 718, 514, 1, 1, 1
72, 3, 1233, 440, 687, 488, 1, 1, 1
73, 3, 1316, 361, 579, 602, 1, 1, 1
74, 3, 1261, 372, 498, 590, 1, 1, 1
75, 3, 1413, 370, 346, 564, 1, 1, 1
76, 3, 1387, 355, 410, 522, 1, 1, 1
77, 3, 1350, 235, 375, 614, 1, 1, 1
78, 3, 1342, 205, 432, 681, 1, 1, 1
79, 3, 1318, 226, 484, 656, 1, 1, 1
80, 3, 1289, 230, 518, 634, 1, 1, 1
81, 3, 1277, 210, 502, 640, 1, 1, 1
82, 3, 1255, 206, 517, 613, 1, 1, 1
83, 3, 1220, 223, 485, 541, 1, 1, 1
84, 3, 1206, 195, 434, 563, 1, 1, 1
85, 3, 1222, 188, 382, 601, 1, 1, 1
86, 3, 1267, 217, 326, 567, 1, 1, 1
87, 3, 1252, 229, 299, 611, 1, 1, 1
88, 3, 1222, 239, 267, 618, 1, 1, 1
89, 3, 1228, 274, 330, 618, 1, 1, 1
90, 3, 1240, 309, 305, 577, 1, 1, 1
91, 3, 1241, 403, 264, 463, 1, 1, 1
92, 3, 1208, 415, 345, 427, 1, 1, 1
93, 3, 1232, 416, 371, 414, 1, 1, 1
94, 3, 1298, 389, 276, 471, 1, 1, 1
95, 3, 1275, 327, 333, 539, 1, 1, 1
96, 3, 1255, 268, 314, 600, 1, 1, 1
97, 3, 1233, 268, 295, 609, 1, 1, 1
98, 3, 1122, 319, 464, 560, 1, 1, 1
99, 3, 1247, 310, 400, 558, 1, 1, 1
100, 3, 1163, 296, 613, 598, 1, 1, 1
101, 3, 1340, 305, 580, 529, 1, 1, 1
102, 3, 1382, 321, 538, 553, 1, 1, 1
103, 3, 1665, 360, 255, 555, 1, 1, 1
104, 3, 1675, 318, 245, 635, 1, 1, 1
105, 3, 1534, 323, 386, 630, 1, 1, 1
106, 3, 1395, 315, 525, 563, 1, 1, 1
107, 3, 1280, 309, 624, 549, 1, 1, 1
108, 3, 1170, 337, 600, 447, 1, 1, 1
109, 3, 1109, 310, 480, 505, 1, 1, 1
110, 3, 1083, 304, 248, 506, 1, 1, 1
111, 3, 1030, 302, 280, 433, 1, 1, 1
112, 3, 1048, 293, 267, 600, 1, 1, 1
113, 3, 1095, 273, 299, 619, 1, 1, 1
114, 3, 1103, 249, 330, 641, 1, 1, 1
115, 3, 1008, 405, 501, 486, 1, 1, 1
116, 3, 1061, 480, 455, 466, 1, 1, 1
117, 3, 1250, 493, 283, 453, 1, 1, 1
118, 3, 1265, 494, 426, 453, 1, 1, 1
119, 3, 1187, 420, 669, 524, 1, 1, 1
120, 3, 1210, 306, 592, 568, 1, 1, 1
121, 3, 1184, 290, 513, 623, 1, 1, 1
122, 3, 1164, 304, 449, 600, 1, 1, 1
123, 3, 1083, 288, 498, 620, 1, 1, 1
124, 3, 1139, 283, 487, 624, 1, 1, 1
125, 3, 1163, 274, 617, 633, 1, 1, 1
126, 3, 1154, 269, 670, 619, 1, 1, 1
127, 3, 1173, 277, 297, 542, 1, 1, 1
128, 3, 1077, 309, 406, 414, 1, 1, 1
129, 3, 1027, 408, 639, 366, 1, 1, 1
130, 3, 1217, 349, 495, 413, 1, 1, 1
131, 3, 1388, 371, 292, 427, 1, 1, 1
132, 3, 1409, 391, 286, 437, 1, 1, 1
133, 3, 1423, 326, 321, 498, 1, 1, 1
134, 3, 1338, 276, 447, 553, 1, 1, 1
135, 3, 1257, 261, 487, 562, 1, 1, 1
136, 3, 1272, 262, 447, 626, 1, 1, 1
137, 3, 1295, 266, 439, 615, 1, 1, 1
138, 3, 1320, 234, 452, 646, 1, 1, 1
139, 3, 1367, 320, 365, 563, 1, 1, 1
140, 3, 1407, 259, 306, 631, 1, 1, 1
141, 3, 1390, 247, 330, 646, 1, 1, 1
142, 3, 1373, 321, 348, 570, 1, 1, 1
143, 3, 1388, 304, 282, 590, 1, 1, 1
144, 3, 1361, 443, 339, 447, 1, 1, 1
145, 3, 1338, 471, 368, 427, 1, 1, 1
146, 3, 1310, 324, 506, 509, 1, 1, 1
147, 3, 1371, 217, 549, 540, 1, 1, 1
148, 3, 1442, 198, 478, 622, 1, 1, 1
149, 3, 1470, 266, 450, 658, 1, 1, 1
150, 3, 1465, 398, 428, 606, 1, 1, 1
151, 3, 1184, 373, 611, 508, 1, 1, 1
152, 3, 1010, 368, 762, 390, 1, 1, 1
153, 3, 948, 369, 681, 301, 1, 1, 1
154, 3, 862, 300, 678, 382, 1, 1, 1
155, 3, 1149, 197, 404, 565, 1, 1, 1
156, 3, 1160, 260, 619, 495, 1, 1, 1
157, 3, 1195, 302, 708, 441, 1, 1, 1
158, 3, 1202, 378, 718, 382, 1, 1, 1
159, 3, 1373, 283, 307, 442, 1, 1, 1
160, 3, 1372, 271, 314, 418, 1, 1, 1
