22, 2, 524, 271, 508, 765, 1, 1, 1
23, 2, 492, 345, 569, 695, 1, 1, 1
24, 2, 490, 340, 599, 665, 1, 1, 1
25, 2, 520, 329, 596, 667, 1, 1, 1
26, 2, 541, 317, 579, 669, 1, 1, 1
27, 2, 569, 295, 535, 673, 1, 1, 1
28, 2, 552, 268, 529, 690, 1, 1, 1
29, 2, 502, 245, 556, 697, 1, 1, 1
30, 2, 425, 209, 605, 725, 1, 1, 1
31, 2, 364, 125, 653, 805, 1, 1, 1
32, 2, 292, 90, 720, 843, 1, 1, 1
33, 2, 237, 84, 783, 856, 1, 1, 1
34, 2, 210, 86, 829, 868, 1, 1, 1
35, 2, 198, 88, 840, 886, 1, 1, 1
36, 2, 170, 79, 812, 916, 1, 1, 1
37, 2, 144, 76, 809, 903, 1, 1, 1
38, 2, 130, 93, 789, 873, 1, 1, 1
39, 2, 127, 133, 769, 915, 1, 1, 1
40, 2, 167, 205, 743, 875, 1, 1, 1
41, 2, 226, 334, 632, 744, 1, 1, 1
42, 2, 437, 338, 401, 740, 1, 1, 1
43, 2, 430, 332, 396, 746, 1, 1, 1
44, 2, 403, 322, 444, 756, 1, 1, 1
45, 2, 347, 312, 444, 755, 1, 1, 1
