12, 2, 264, 204, 183, 185, 1, 1, 1
13, 2, 267, 207, 175, 182, 1, 1, 1
14, 2, 263, 208, 176, 181, 1, 1, 1
15, 2, 255, 214, 179, 173, 1, 1, 1
16, 2, 251, 214, 182, 171, 1, 1, 1
17, 2, 240, 205, 189, 177, 1, 1, 1
18, 2, 246, 211, 182, 169, 1, 1, 1
19, 2, 250, 219, 179, 159, 1, 1, 1
20, 2, 252, 215, 176, 161, 1, 1, 1
21, 2, 257, 213, 168, 158, 1, 1, 1
22, 2, 261, 209, 166, 158, 1, 1, 1
23, 2, 264, 204, 161, 160, 1, 1, 1
24, 2, 270, 194, 149, 166, 1, 1, 1
25, 2, 280, 172, 136, 184, 1, 1, 1
26, 2, 275, 158, 137, 194, 1, 1, 1
