13, 1, 1090, 0, 349, 429, 1, 1, 1
14, 1, 1163, 0, 276, 428, 1, 1, 1
15, 1, 1136, 0, 473, 432, 1, 1, 1
16, 1, 1097, 0, 525, 430, 1, 1, 1
17, 1, 1054, 0, 580, 432, 1, 1, 1
18, 1, 1098, 0, 520, 435, 1, 1, 1
19, 1, 1104, 0, 502, 434, 1, 1, 1
20, 1, 1101, 0, 492, 438, 1, 1, 1
21, 1, 1057, 0, 491, 441, 1, 1, 1
22, 1, 1050, 0, 500, 441, 1, 1, 1
23, 1, 1008, 0, 502, 439, 1, 1, 1
24, 1, 932, 0, 584, 445, 1, 1, 1
13, 2, 737, 299, 504, 463, 1, 1, 1
14, 2, 736, 73, 503, 689, 1, 1, 1
15, 2, 694, 95, 519, 669, 1, 1, 1
16, 2, 696, 106, 482, 657, 1, 1, 1
17, 2, 723, 100, 448, 662, 1, 1, 1
18, 2, 703, 99, 494, 664, 1, 1, 1
19, 2, 688, 96, 481, 668, 1, 1, 1
20, 2, 678, 126, 490, 637, 1, 1, 1
21, 2, 657, 138, 488, 634, 1, 1, 1
22, 2, 663, 159, 474, 608, 1, 1, 1
23, 2, 681, 203, 445, 566, 1, 1, 1
24, 2, 697, 215, 395, 479, 1, 1, 1
