58, 1, 269, 137, 426, 299, 1, 1, 1
59, 1, 275, 134, 448, 271, 1, 1, 1
60, 1, 281, 127, 478, 288, 1, 1, 1
61, 1, 284, 117, 510, 304, 1, 1, 1
62, 1, 291, 108, 549, 336, 1, 1, 1
63, 1, 317, 101, 568, 331, 1, 1, 1
64, 1, 323, 90, 599, 338, 1, 1, 1
65, 1, 292, 86, 657, 319, 1, 1, 1
66, 1, 312, 96, 656, 322, 1, 1, 1
67, 1, 293, 84, 659, 338, 1, 1, 1
68, 1, 290, 100, 638, 314, 1, 1, 1
69, 1, 250, 131, 656, 335, 1, 1, 1
70, 1, 230, 159, 658, 335, 1, 1, 1
71, 1, 214, 185, 660, 333, 1, 1, 1
72, 1, 202, 209, 655, 336, 1, 1, 1
73, 1, 198, 220, 663, 336, 1, 1, 1
74, 1, 202, 225, 654, 339, 1, 1, 1
75, 1, 207, 225, 657, 336, 1, 1, 1
76, 1, 219, 224, 653, 334, 1, 1, 1
77, 1, 226, 220, 658, 336, 1, 1, 1
78, 1, 228, 219, 661, 335, 1, 1, 1
79, 1, 231, 216, 669, 333, 1, 1, 1
80, 1, 236, 209, 670, 335, 1, 1, 1
81, 1, 239, 205, 671, 323, 1, 1, 1
82, 1, 244, 196, 674, 327, 1, 1, 1
83, 1, 248, 190, 672, 304, 1, 1, 1
84, 1, 250, 186, 670, 329, 1, 1, 1
85, 1, 249, 181, 664, 334, 1, 1, 1
86, 1, 249, 176, 652, 332, 1, 1, 1
103, 1, 222, 107, 667, 339, 1, 1, 1
104, 1, 218, 99, 679, 336, 1, 1, 1
105, 1, 215, 90, 680, 337, 1, 1, 1
106, 1, 210, 80, 684, 337, 1, 1, 1
107, 1, 201, 77, 682, 338, 1, 1, 1
108, 1, 189, 63, 682, 342, 1, 1, 1
109, 1, 179, 62, 678, 330, 1, 1, 1
110, 1, 173, 57, 676, 337, 1, 1, 1
111, 1, 161, 76, 675, 337, 1, 1, 1
112, 1, 156, 124, 668, 343, 1, 1, 1
113, 1, 142, 189, 657, 339, 1, 1, 1
