9, 1, 578, 326, 346, 394, 1, 1, 1
10, 1, 560, 367, 366, 353, 1, 1, 1
11, 1, 592, 373, 322, 347, 1, 1, 1
12, 1, 596, 379, 309, 341, 1, 1, 1
13, 1, 481, 377, 423, 343, 1, 1, 1
14, 1, 583, 379, 358, 341, 1, 1, 1
15, 1, 592, 390, 349, 330, 1, 1, 1
16, 1, 636, 365, 303, 355, 1, 1, 1
17, 1, 610, 379, 466, 341, 1, 1, 1
18, 1, 736, 407, 448, 313, 1, 1, 1
19, 1, 764, 595, 379, 125, 1, 1, 1
20, 1, 798, 584, 366, 136, 1, 1, 1
21, 1, 797, 578, 370, 142, 1, 1, 1
22, 1, 895, 612, 316, 108, 1, 1, 1
23, 1, 855, 594, 334, 126, 1, 1, 1
24, 1, 928, 578, 221, 125, 1, 1, 1
25, 1, 902, 563, 233, 126, 1, 1, 1
26, 1, 894, 552, 217, 119, 1, 1, 1
27, 1, 797, 531, 255, 79, 1, 1, 1
28, 1, 833, 521, 220, 128, 1, 1, 1
29, 1, 858, 511, 201, 117, 1, 1, 1
30, 1, 855, 477, 193, 137, 1, 1, 1
31, 1, 861, 467, 167, 141, 1, 1, 1
32, 1, 877, 478, 140, 117, 1, 1, 1
