27, 8, 0, 273, 22, 11, 1, 1, 1
28, 8, 0, 272, 71, 88, 1, 1, 1
29, 8, 0, 271, 95, 175, 1, 1, 1
30, 8, 0, 271, 124, 174, 1, 1, 1
31, 8, 23, 277, 131, 162, 1, 1, 1
32, 8, 33, 274, 146, 172, 1, 1, 1
33, 8, 61, 276, 148, 171, 1, 1, 1
34, 8, 0, 278, 237, 170, 1, 1, 1
35, 8, 0, 279, 267, 168, 1, 1, 1
36, 8, 30, 277, 264, 169, 1, 1, 1
37, 8, 38, 280, 277, 165, 1, 1, 1
38, 8, 63, 272, 282, 171, 1, 1, 1
39, 8, 120, 266, 249, 177, 1, 1, 1
40, 8, 118, 273, 267, 169, 1, 1, 1
41, 8, 131, 275, 269, 164, 1, 1, 1
42, 8, 169, 275, 243, 162, 1, 1, 1
43, 8, 196, 275, 230, 162, 1, 1, 1
44, 8, 205, 274, 240, 161, 1, 1, 1
45, 8, 250, 272, 216, 167, 1, 1, 1
46, 8, 282, 271, 211, 162, 1, 1, 1
47, 8, 291, 276, 225, 157, 1, 1, 1
48, 8, 327, 277, 218, 157, 1, 1, 1
49, 8, 348, 277, 227, 157, 1, 1, 1
50, 8, 356, 279, 236, 155, 1, 1, 1
30, 9, 0, 271, 38, 108, 1, 1, 1
31, 9, 0, 268, 73, 109, 1, 1, 1
32, 9, 0, 269, 115, 101, 1, 1, 1
33, 9, 0, 268, 145, 180, 1, 1, 1
34, 9, 0, 270, 178, 176, 1, 1, 1
35, 9, 0, 264, 203, 182, 1, 1, 1
36, 9, 0, 250, 217, 196, 1, 1, 1
37, 9, 0, 233, 224, 211, 1, 1, 1
38, 9, 0, 229, 224, 214, 1, 1, 1
39, 9, 0, 226, 214, 217, 1, 1, 1
40, 9, 0, 233, 211, 209, 1, 1, 1
41, 9, 0, 243, 225, 196, 1, 1, 1
42, 9, 0, 246, 249, 193, 1, 1, 1
43, 9, 0, 238, 274, 198, 1, 1, 1
44, 9, 13, 236, 291, 199, 1, 1, 1
45, 9, 14, 238, 317, 198, 1, 1, 1
46, 9, 75, 231, 281, 205, 1, 1, 1
47, 9, 76, 233, 306, 201, 1, 1, 1
48, 9, 106, 251, 296, 184, 1, 1, 1
49, 9, 130, 256, 316, 180, 1, 1, 1
50, 9, 169, 262, 304, 173, 1, 1, 1
