19, 2, 336, 235, 273, 135, 1, 1, 1
20, 2, 368, 240, 269, 169, 1, 1, 1
21, 2, 385, 233, 194, 170, 1, 1, 1
22, 2, 416, 227, 125, 178, 1, 1, 1
23, 2, 400, 231, 233, 185, 1, 1, 1
24, 2, 390, 242, 285, 183, 1, 1, 1
25, 2, 373, 227, 325, 204, 1, 1, 1
26, 2, 444, 248, 295, 186, 1, 1, 1
27, 2, 376, 283, 250, 148, 1, 1, 1
28, 2, 329, 273, 261, 162, 1, 1, 1
21, 3, 385, 235, 309, 162, 1, 1, 1
22, 3, 394, 219, 235, 125, 1, 1, 1
23, 3, 463, 229, 144, 130, 1, 1, 1
24, 3, 540, 215, 91, 214, 1, 1, 1
25, 3, 628, 236, 113, 144, 1, 1, 1
26, 3, 644, 241, 153, 170, 1, 1, 1
27, 3, 652, 245, 81, 65, 1, 1, 1
