35, 1, 297, 59, 669, 712, 1, 1, 1
36, 1, 267, 27, 612, 709, 1, 1, 1
37, 1, 330, 16, 420, 557, 1, 1, 1
38, 1, 275, 51, 515, 731, 1, 1, 1
39, 1, 231, 68, 528, 752, 1, 1, 1
40, 1, 208, 4, 515, 755, 1, 1, 1
41, 1, 186, 0, 534, 741, 1, 1, 1
42, 1, 134, 36, 667, 834, 1, 1, 1
43, 1, 101, 66, 735, 868, 1, 1, 1
44, 1, 62, 53, 627, 884, 1, 1, 1
45, 1, 80, 67, 650, 865, 1, 1, 1
46, 1, 4, 52, 715, 893, 1, 1, 1
47, 1, 162, 37, 559, 871, 1, 1, 1
48, 1, 145, 97, 680, 873, 1, 1, 1
49, 1, 61, 60, 729, 892, 1, 1, 1
50, 1, 88, 99, 704, 844, 1, 1, 1
51, 1, 0, 149, 784, 667, 1, 1, 1
52, 1, 0, 157, 638, 536, 1, 1, 1
53, 1, 0, 103, 490, 605, 1, 1, 1
54, 1, 0, 101, 458, 673, 1, 1, 1
55, 1, 68, 70, 493, 866, 1, 1, 1
56, 1, 106, 47, 551, 855, 1, 1, 1
57, 1, 114, 170, 617, 838, 1, 1, 1
58, 1, 118, 208, 677, 795, 1, 1, 1
59, 1, 99, 196, 712, 794, 1, 1, 1
60, 1, 105, 138, 735, 851, 1, 1, 1
35, 2, 132, 295, 643, 627, 1, 1, 1
36, 2, 125, 208, 749, 695, 1, 1, 1
37, 2, 236, 209, 686, 701, 1, 1, 1
38, 2, 327, 165, 598, 737, 1, 1, 1
39, 2, 373, 126, 497, 764, 1, 1, 1
40, 2, 458, 180, 407, 685, 1, 1, 1
41, 2, 431, 148, 422, 569, 1, 1, 1
42, 2, 397, 97, 448, 618, 1, 1, 1
43, 2, 335, 154, 506, 568, 1, 1, 1
44, 2, 123, 185, 669, 551, 1, 1, 1
45, 2, 0, 186, 740, 538, 1, 1, 1
46, 2, 0, 257, 721, 469, 1, 1, 1
47, 2, 0, 378, 309, 449, 1, 1, 1
48, 2, 61, 387, 394, 569, 1, 1, 1
49, 2, 0, 482, 615, 479, 1, 1, 1
50, 2, 0, 486, 701, 519, 1, 1, 1
51, 2, 0, 412, 755, 597, 1, 1, 1
52, 2, 0, 256, 715, 770, 1, 1, 1
53, 2, 0, 313, 720, 706, 1, 1, 1
54, 2, 36, 244, 707, 776, 1, 1, 1
55, 2, 160, 216, 605, 804, 1, 1, 1
56, 2, 336, 175, 445, 725, 1, 1, 1
57, 2, 344, 130, 512, 656, 1, 1, 1
58, 2, 313, 90, 539, 664, 1, 1, 1
59, 2, 283, 100, 556, 671, 1, 1, 1
60, 2, 245, 208, 590, 534, 1, 1, 1
