1, 1, 62, 61, 442, 165, 1, 1, 1
2, 1, 59, 61, 438, 164, 1, 1, 1
3, 1, 55, 62, 433, 163, 1, 1, 1
4, 1, 49, 64, 438, 161, 1, 1, 1
5, 1, 48, 62, 432, 164, 1, 1, 1
6, 1, 44, 63, 434, 162, 1, 1, 1
7, 1, 46, 63, 428, 161, 1, 1, 1
8, 1, 42, 63, 430, 161, 1, 1, 1
9, 1, 40, 63, 427, 160, 1, 1, 1
10, 1, 38, 64, 423, 158, 1, 1, 1
11, 1, 33, 63, 423, 158, 1, 1, 1
12, 1, 28, 63, 420, 159, 1, 1, 1
13, 1, 16, 65, 421, 156, 1, 1, 1
14, 1, 7, 65, 419, 156, 1, 1, 1
15, 1, 0, 65, 417, 155, 1, 1, 1
16, 1, 0, 67, 408, 153, 1, 1, 1
17, 1, 0, 67, 401, 153, 1, 1, 1
18, 1, 0, 68, 397, 151, 1, 1, 1
19, 1, 0, 68, 386, 150, 1, 1, 1
20, 1, 0, 66, 383, 153, 1, 1, 1
21, 1, 0, 67, 377, 151, 1, 1, 1
22, 1, 0, 68, 373, 150, 1, 1, 1
23, 1, 0, 69, 368, 148, 1, 1, 1
24, 1, 0, 70, 371, 148, 1, 1, 1
25, 1, 0, 71, 373, 146, 1, 1, 1
26, 1, 0, 71, 372, 147, 1, 1, 1
27, 1, 0, 72, 374, 146, 1, 1, 1
1, 2, 242, 74, 262, 139, 1, 1, 1
2, 2, 235, 73, 265, 139, 1, 1, 1
3, 2, 230, 74, 259, 139, 1, 1, 1
4, 2, 225, 73, 268, 140, 1, 1, 1
5, 2, 220, 74, 268, 137, 1, 1, 1
6, 2, 218, 74, 266, 137, 1, 1, 1
7, 2, 214, 74, 267, 138, 1, 1, 1
8, 2, 212, 74, 267, 138, 1, 1, 1
9, 2, 208, 75, 264, 137, 1, 1, 1
10, 2, 205, 74, 265, 138, 1, 1, 1
11, 2, 198, 75, 260, 136, 1, 1, 1
12, 2, 188, 75, 261, 136, 1, 1, 1
13, 2, 177, 77, 262, 134, 1, 1, 1
14, 2, 167, 77, 258, 134, 1, 1, 1
15, 2, 158, 76, 259, 136, 1, 1, 1
16, 2, 150, 77, 260, 133, 1, 1, 1
17, 2, 147, 78, 254, 132, 1, 1, 1
18, 2, 142, 77, 254, 133, 1, 1, 1
19, 2, 135, 79, 254, 131, 1, 1, 1
20, 2, 130, 79, 256, 132, 1, 1, 1
21, 2, 124, 79, 254, 131, 1, 1, 1
22, 2, 121, 79, 254, 130, 1, 1, 1
23, 2, 121, 79, 253, 131, 1, 1, 1
24, 2, 122, 81, 252, 129, 1, 1, 1
25, 2, 125, 81, 250, 129, 1, 1, 1
26, 2, 128, 83, 247, 127, 1, 1, 1
27, 2, 129, 82, 248, 129, 1, 1, 1
