1, 1, 220, 181, 90, 191, 1, 1, 1
2, 1, 244, 185, 104, 186, 1, 1, 1
3, 1, 262, 184, 102, 192, 1, 1, 1
4, 1, 270, 183, 99, 196, 1, 1, 1
5, 1, 292, 185, 91, 200, 1, 1, 1
6, 1, 309, 186, 112, 199, 1, 1, 1
7, 1, 328, 187, 100, 201, 1, 1, 1
8, 1, 348, 186, 91, 203, 1, 1, 1
9, 1, 371, 188, 92, 203, 1, 1, 1
10, 1, 393, 192, 122, 198, 1, 1, 1
11, 1, 405, 193, 115, 202, 1, 1, 1
12, 1, 429, 194, 96, 207, 1, 1, 1
13, 1, 444, 198, 118, 212, 1, 1, 1
14, 1, 467, 202, 115, 213, 1, 1, 1
15, 1, 477, 201, 110, 220, 1, 1, 1
16, 1, 493, 198, 111, 222, 1, 1, 1
17, 1, 512, 198, 113, 224, 1, 1, 1
18, 1, 525, 202, 110, 244, 1, 1, 1
19, 1, 534, 201, 112, 241, 1, 1, 1
20, 1, 537, 198, 113, 244, 1, 1, 1
21, 1, 542, 196, 113, 245, 1, 1, 1
22, 1, 539, 195, 118, 244, 1, 1, 1
23, 1, 537, 196, 117, 243, 1, 1, 1
24, 1, 532, 194, 118, 243, 1, 1, 1
25, 1, 524, 197, 120, 242, 1, 1, 1
26, 1, 513, 200, 127, 237, 1, 1, 1
27, 1, 504, 200, 137, 232, 1, 1, 1
28, 1, 500, 195, 123, 226, 1, 1, 1
29, 1, 493, 196, 115, 214, 1, 1, 1
30, 1, 484, 197, 120, 212, 1, 1, 1
31, 1, 477, 199, 124, 212, 1, 1, 1
32, 1, 468, 199, 109, 209, 1, 1, 1
33, 1, 450, 199, 111, 209, 1, 1, 1
34, 1, 438, 201, 111, 207, 1, 1, 1
