66, 6, 325, 256, 83, 80, 1, 1, 1
67, 6, 327, 254, 78, 83, 1, 1, 1
68, 6, 330, 258, 72, 80, 1, 1, 1
69, 6, 329, 260, 65, 81, 1, 1, 1
70, 6, 337, 259, 44, 80, 1, 1, 1
71, 6, 336, 264, 51, 81, 1, 1, 1
72, 6, 337, 264, 58, 78, 1, 1, 1
73, 6, 333, 258, 69, 85, 1, 1, 1
74, 6, 331, 257, 75, 84, 1, 1, 1
75, 6, 330, 256, 78, 81, 1, 1, 1
76, 6, 330, 257, 77, 80, 1, 1, 1
77, 6, 329, 254, 81, 80, 1, 1, 1
78, 6, 329, 254, 82, 80, 1, 1, 1
79, 6, 330, 255, 81, 77, 1, 1, 1
80, 6, 331, 255, 82, 78, 1, 1, 1
81, 6, 331, 256, 84, 77, 1, 1, 1
82, 6, 328, 253, 83, 78, 1, 1, 1
