2, 2, 690, 137, 1111, 595, 1, 1, 1
3, 2, 671, 122, 1091, 608, 1, 1, 1
4, 2, 642, 93, 1084, 613, 1, 1, 1
5, 2, 632, 66, 1064, 624, 1, 1, 1
6, 2, 614, 56, 1045, 631, 1, 1, 1
7, 2, 603, 44, 1016, 638, 1, 1, 1
8, 2, 573, 45, 990, 639, 1, 1, 1
9, 2, 568, 42, 950, 634, 1, 1, 1
10, 2, 537, 23, 934, 647, 1, 1, 1
11, 2, 526, 3, 901, 649, 1, 1, 1
12, 2, 513, 0, 858, 638, 1, 1, 1
13, 2, 515, 0, 817, 593, 1, 1, 1
14, 2, 471, 0, 835, 570, 1, 1, 1
15, 2, 461, 0, 831, 538, 1, 1, 1
16, 2, 459, 0, 810, 545, 1, 1, 1
17, 2, 470, 0, 770, 532, 1, 1, 1
18, 2, 455, 0, 729, 509, 1, 1, 1
