41, 3, 792, 394, 188, 179, 1, 1, 1
42, 3, 788, 383, 218, 194, 1, 1, 1
43, 3, 786, 377, 225, 144, 1, 1, 1
44, 3, 787, 372, 231, 154, 1, 1, 1
45, 3, 795, 370, 230, 174, 1, 1, 1
46, 3, 800, 368, 234, 172, 1, 1, 1
47, 3, 807, 374, 242, 160, 1, 1, 1
48, 3, 795, 377, 252, 161, 1, 1, 1
49, 3, 792, 372, 247, 164, 1, 1, 1
50, 3, 791, 368, 242, 159, 1, 1, 1
51, 3, 790, 365, 235, 163, 1, 1, 1
52, 3, 788, 363, 256, 161, 1, 1, 1
53, 3, 786, 362, 239, 167, 1, 1, 1
54, 3, 783, 359, 243, 162, 1, 1, 1
55, 3, 784, 361, 241, 159, 1, 1, 1
56, 3, 781, 361, 240, 161, 1, 1, 1
57, 3, 777, 361, 240, 161, 1, 1, 1
58, 3, 770, 356, 268, 165, 1, 1, 1
60, 2, 683, 455, 155, 149, 1, 1, 1
61, 2, 682, 450, 161, 155, 1, 1, 1
62, 2, 683, 448, 155, 156, 1, 1, 1
63, 2, 683, 448, 136, 156, 1, 1, 1
64, 2, 679, 445, 136, 159, 1, 1, 1
65, 2, 679, 443, 155, 155, 1, 1, 1
66, 2, 671, 440, 200, 154, 1, 1, 1
67, 2, 654, 430, 164, 163, 1, 1, 1
68, 2, 647, 421, 164, 173, 1, 1, 1
69, 2, 639, 421, 181, 174, 1, 1, 1
70, 2, 630, 420, 180, 174, 1, 1, 1
71, 2, 618, 418, 194, 175, 1, 1, 1
72, 2, 609, 412, 188, 179, 1, 1, 1
73, 2, 605, 409, 192, 177, 1, 1, 1
74, 2, 597, 410, 171, 181, 1, 1, 1
75, 2, 594, 411, 143, 169, 1, 1, 1
76, 2, 593, 408, 152, 174, 1, 1, 1
77, 2, 594, 407, 156, 175, 1, 1, 1
78, 2, 595, 408, 165, 174, 1, 1, 1
79, 2, 595, 407, 160, 188, 1, 1, 1
80, 2, 593, 406, 145, 189, 1, 1, 1
81, 2, 593, 406, 161, 184, 1, 1, 1
82, 2, 593, 405, 157, 184, 1, 1, 1
83, 2, 599, 400, 140, 188, 1, 1, 1
84, 2, 599, 398, 143, 188, 1, 1, 1
80, 3, 730, 429, 256, 131, 1, 1, 1
81, 3, 735, 424, 250, 125, 1, 1, 1
82, 3, 741, 408, 267, 140, 1, 1, 1
83, 3, 733, 397, 278, 162, 1, 1, 1
84, 3, 732, 392, 260, 167, 1, 1, 1
