21, 3, 519, 0, 145, 326, 1, 1, 1
22, 3, 574, 66, 131, 259, 1, 1, 1
23, 3, 601, 61, 168, 286, 1, 1, 1
24, 3, 582, 86, 202, 339, 1, 1, 1
25, 3, 531, 119, 231, 285, 1, 1, 1
26, 3, 504, 114, 256, 341, 1, 1, 1
27, 3, 494, 109, 239, 344, 1, 1, 1
28, 3, 471, 132, 239, 365, 1, 1, 1
29, 3, 457, 152, 213, 329, 1, 1, 1
30, 3, 414, 150, 227, 336, 1, 1, 1
31, 3, 415, 140, 239, 345, 1, 1, 1
32, 3, 432, 143, 254, 348, 1, 1, 1
33, 3, 430, 147, 268, 354, 1, 1, 1
34, 3, 410, 138, 306, 374, 1, 1, 1
35, 3, 404, 87, 292, 423, 1, 1, 1
36, 3, 406, 51, 311, 472, 1, 1, 1
37, 3, 416, 79, 305, 469, 1, 1, 1
38, 3, 428, 119, 302, 457, 1, 1, 1
39, 3, 433, 128, 298, 452, 1, 1, 1
40, 3, 431, 127, 302, 448, 1, 1, 1
41, 3, 435, 118, 296, 451, 1, 1, 1
