1, 2, 809, 536, 487, 457, 1, 1, 1
2, 2, 812, 525, 305, 431, 1, 1, 1
3, 2, 827, 526, 289, 406, 1, 1, 1
4, 2, 775, 510, 257, 422, 1, 1, 1
5, 2, 733, 497, 241, 434, 1, 1, 1
6, 2, 699, 488, 248, 429, 1, 1, 1
7, 2, 712, 469, 226, 377, 1, 1, 1
8, 2, 707, 445, 232, 360, 1, 1, 1
9, 2, 626, 440, 316, 365, 1, 1, 1
10, 2, 736, 443, 212, 359, 1, 1, 1
11, 2, 617, 438, 341, 357, 1, 1, 1
12, 2, 696, 447, 191, 350, 1, 1, 1
13, 2, 681, 432, 201, 359, 1, 1, 1
14, 2, 538, 417, 331, 316, 1, 1, 1
15, 2, 569, 395, 307, 335, 1, 1, 1
16, 2, 657, 377, 227, 354, 1, 1, 1
17, 2, 577, 371, 291, 338, 1, 1, 1
18, 2, 623, 373, 252, 345, 1, 1, 1
19, 2, 682, 373, 198, 361, 1, 1, 1
20, 2, 695, 376, 186, 381, 1, 1, 1
21, 2, 680, 375, 200, 373, 1, 1, 1
22, 2, 648, 376, 234, 343, 1, 1, 1
23, 2, 652, 375, 229, 333, 1, 1, 1
24, 2, 640, 361, 240, 294, 1, 1, 1
25, 2, 670, 347, 211, 316, 1, 1, 1
26, 2, 672, 343, 208, 319, 1, 1, 1
27, 2, 657, 344, 224, 320, 1, 1, 1
28, 2, 661, 337, 184, 325, 1, 1, 1
29, 2, 510, 351, 318, 310, 1, 1, 1
30, 2, 478, 355, 349, 283, 1, 1, 1
31, 2, 433, 349, 392, 281, 1, 1, 1
32, 2, 408, 336, 416, 284, 1, 1, 1
33, 2, 415, 343, 337, 275, 1, 1, 1
34, 2, 503, 330, 234, 255, 1, 1, 1
35, 2, 496, 323, 244, 244, 1, 1, 1
36, 2, 484, 329, 269, 264, 1, 1, 1
37, 2, 527, 336, 244, 261, 1, 1, 1
38, 2, 515, 336, 264, 266, 1, 1, 1
39, 2, 518, 341, 273, 262, 1, 1, 1
40, 2, 524, 341, 268, 261, 1, 1, 1
41, 2, 528, 338, 266, 283, 1, 1, 1
42, 2, 289, 347, 455, 313, 1, 1, 1
43, 2, 578, 354, 193, 304, 1, 1, 1
44, 2, 614, 379, 180, 333, 1, 1, 1
45, 2, 612, 381, 210, 324, 1, 1, 1
46, 2, 621, 390, 255, 295, 1, 1, 1
47, 2, 640, 393, 156, 297, 1, 1, 1
48, 2, 658, 392, 159, 343, 1, 1, 1
49, 2, 685, 388, 217, 344, 1, 1, 1
50, 2, 719, 389, 189, 342, 1, 1, 1
51, 2, 741, 389, 168, 307, 1, 1, 1
52, 2, 743, 411, 302, 270, 1, 1, 1
53, 2, 726, 406, 289, 275, 1, 1, 1
54, 2, 703, 405, 295, 289, 1, 1, 1
55, 2, 694, 397, 277, 329, 1, 1, 1
56, 2, 677, 388, 280, 345, 1, 1, 1
57, 2, 622, 420, 336, 311, 1, 1, 1
58, 2, 575, 400, 379, 347, 1, 1, 1
59, 2, 480, 441, 403, 341, 1, 1, 1
60, 2, 374, 463, 472, 317, 1, 1, 1
61, 2, 372, 430, 560, 353, 1, 1, 1
62, 2, 530, 421, 322, 359, 1, 1, 1
63, 2, 498, 404, 495, 348, 1, 1, 1
64, 2, 704, 381, 165, 350, 1, 1, 1
65, 2, 724, 355, 201, 370, 1, 1, 1
66, 2, 715, 378, 289, 344, 1, 1, 1
67, 2, 839, 340, 202, 327, 1, 1, 1
68, 2, 757, 348, 310, 352, 1, 1, 1
69, 2, 872, 335, 216, 365, 1, 1, 1
70, 2, 881, 298, 177, 379, 1, 1, 1
71, 2, 876, 255, 128, 362, 1, 1, 1
72, 2, 729, 254, 245, 347, 1, 1, 1
73, 2, 793, 256, 171, 320, 1, 1, 1
74, 2, 760, 267, 191, 284, 1, 1, 1
75, 2, 682, 250, 280, 279, 1, 1, 1
76, 2, 665, 226, 322, 271, 1, 1, 1
77, 2, 693, 214, 286, 266, 1, 1, 1
78, 2, 773, 210, 187, 279, 1, 1, 1
79, 2, 767, 200, 198, 270, 1, 1, 1
80, 2, 797, 176, 169, 287, 1, 1, 1
81, 2, 784, 196, 200, 211, 1, 1, 1
82, 2, 767, 166, 153, 238, 1, 1, 1
83, 2, 685, 155, 191, 243, 1, 1, 1
84, 2, 694, 157, 205, 216, 1, 1, 1
85, 2, 742, 111, 181, 229, 1, 1, 1
86, 2, 642, 131, 307, 221, 1, 1, 1
87, 2, 681, 104, 304, 225, 1, 1, 1
