116, 1, 728, 516, 195, 231, 1, 1, 1
117, 1, 733, 528, 191, 275, 1, 1, 1
118, 1, 708, 535, 211, 268, 1, 1, 1
119, 1, 746, 546, 175, 254, 1, 1, 1
120, 1, 574, 557, 330, 260, 1, 1, 1
121, 1, 733, 569, 159, 248, 1, 1, 1
122, 1, 724, 600, 177, 213, 1, 1, 1
123, 1, 640, 613, 270, 198, 1, 1, 1
124, 1, 567, 631, 340, 179, 1, 1, 1
125, 1, 574, 623, 335, 182, 1, 1, 1
126, 1, 575, 589, 332, 218, 1, 1, 1
127, 1, 588, 563, 329, 246, 1, 1, 1
128, 1, 574, 575, 336, 232, 1, 1, 1
129, 1, 565, 635, 349, 172, 1, 1, 1
130, 1, 559, 634, 367, 173, 1, 1, 1
131, 1, 554, 647, 386, 154, 1, 1, 1
132, 1, 553, 653, 422, 119, 1, 1, 1
133, 1, 562, 556, 341, 225, 1, 1, 1
