1, 3, 885, 223, 185, 193, 1, 1, 1
2, 3, 896, 222, 178, 191, 1, 1, 1
3, 3, 915, 227, 171, 185, 1, 1, 1
4, 3, 932, 234, 170, 176, 1, 1, 1
5, 3, 950, 239, 173, 181, 1, 1, 1
6, 3, 969, 252, 171, 180, 1, 1, 1
7, 3, 988, 261, 172, 182, 1, 1, 1
8, 3, 1002, 264, 173, 181, 1, 1, 1
9, 3, 1016, 274, 179, 167, 1, 1, 1
10, 3, 1031, 283, 179, 154, 1, 1, 1
11, 3, 1043, 288, 185, 155, 1, 1, 1
12, 3, 1054, 294, 191, 162, 1, 1, 1
13, 3, 1067, 303, 193, 165, 1, 1, 1
14, 3, 1061, 313, 213, 172, 1, 1, 1
15, 3, 1053, 321, 238, 170, 1, 1, 1
16, 3, 1035, 325, 269, 162, 1, 1, 1
17, 3, 1036, 333, 280, 164, 1, 1, 1
18, 3, 1019, 340, 311, 173, 1, 1, 1
19, 3, 1022, 345, 318, 171, 1, 1, 1
20, 3, 1006, 352, 349, 178, 1, 1, 1
21, 3, 980, 358, 387, 180, 1, 1, 1
22, 3, 962, 365, 421, 174, 1, 1, 1
23, 3, 927, 372, 463, 158, 1, 1, 1
24, 3, 934, 375, 467, 154, 1, 1, 1
25, 3, 905, 383, 502, 148, 1, 1, 1
26, 3, 878, 385, 530, 148, 1, 1, 1
27, 3, 854, 388, 548, 143, 1, 1, 1
28, 3, 859, 393, 538, 136, 1, 1, 1
