25, 4, 814, 745, 67, 77, 1, 1, 1
26, 4, 889, 715, 79, 159, 1, 1, 1
27, 4, 929, 727, 78, 157, 1, 1, 1
28, 4, 963, 742, 77, 151, 1, 1, 1
29, 4, 989, 769, 77, 132, 1, 1, 1
30, 4, 855, 754, 242, 218, 1, 1, 1
31, 4, 892, 766, 225, 212, 1, 1, 1
32, 4, 899, 626, 221, 358, 1, 1, 1
33, 4, 794, 349, 359, 729, 1, 1, 1
34, 4, 795, 380, 277, 700, 1, 1, 1
35, 4, 839, 305, 375, 775, 1, 1, 1
36, 4, 747, 306, 471, 774, 1, 1, 1
37, 4, 741, 305, 353, 775, 1, 1, 1
38, 4, 721, 330, 415, 750, 1, 1, 1
39, 4, 702, 262, 450, 818, 1, 1, 1
40, 4, 670, 154, 486, 926, 1, 1, 1
41, 4, 641, 29, 507, 1051, 1, 1, 1
42, 4, 644, 0, 528, 1080, 1, 1, 1
