1, 1, 1159, 613, 294, 251, 1, 1, 1
2, 1, 1153, 613, 303, 253, 1, 1, 1
3, 1, 1145, 614, 320, 244, 1, 1, 1
4, 1, 1155, 618, 325, 238, 1, 1, 1
5, 1, 1144, 622, 334, 230, 1, 1, 1
6, 1, 1149, 624, 312, 227, 1, 1, 1
7, 1, 1136, 628, 303, 220, 1, 1, 1
8, 1, 1118, 627, 285, 229, 1, 1, 1
9, 1, 1100, 635, 246, 219, 1, 1, 1
10, 1, 1023, 633, 283, 214, 1, 1, 1
11, 1, 977, 636, 293, 209, 1, 1, 1
12, 1, 981, 625, 256, 209, 1, 1, 1
13, 1, 980, 642, 244, 200, 1, 1, 1
14, 1, 861, 598, 289, 181, 1, 1, 1
15, 1, 810, 601, 293, 144, 1, 1, 1
16, 1, 761, 588, 292, 147, 1, 1, 1
17, 1, 730, 586, 296, 199, 1, 1, 1
18, 1, 696, 574, 291, 142, 1, 1, 1
19, 1, 613, 581, 318, 139, 1, 1, 1
20, 1, 612, 575, 287, 131, 1, 1, 1
21, 1, 612, 578, 240, 163, 1, 1, 1
22, 1, 593, 583, 211, 154, 1, 1, 1
23, 1, 594, 582, 164, 125, 1, 1, 1
24, 1, 601, 584, 118, 88, 1, 1, 1
25, 1, 601, 580, 86, 76, 1, 1, 1
26, 1, 601, 568, 61, 80, 1, 1, 1
27, 1, 603, 566, 22, 37, 1, 1, 1
28, 1, 413, 596, 61, 32, 1, 1, 1
29, 1, 446, 607, 33, 32, 1, 1, 1
30, 1, 407, 602, 79, 38, 1, 1, 1
31, 1, 486, 568, 15, 32, 1, 1, 1
32, 1, 428, 591, 60, 51, 1, 1, 1
33, 1, 464, 555, 43, 54, 1, 1, 1
34, 1, 415, 539, 78, 95, 1, 1, 1
35, 1, 354, 476, 124, 101, 1, 1, 1
36, 1, 285, 493, 160, 97, 1, 1, 1
37, 1, 284, 492, 166, 106, 1, 1, 1
38, 1, 292, 496, 151, 102, 1, 1, 1
39, 1, 265, 477, 150, 121, 1, 1, 1
40, 1, 234, 472, 159, 105, 1, 1, 1
41, 1, 216, 465, 181, 138, 1, 1, 1
42, 1, 194, 446, 211, 175, 1, 1, 1
43, 1, 176, 455, 245, 155, 1, 1, 1
44, 1, 148, 447, 258, 168, 1, 1, 1
45, 1, 153, 454, 199, 138, 1, 1, 1
46, 1, 151, 464, 157, 163, 1, 1, 1
47, 1, 152, 457, 114, 123, 1, 1, 1
