36, 2, 348, 175, 260, 203, 1, 1, 1
37, 2, 365, 175, 273, 210, 1, 1, 1
38, 2, 366, 174, 292, 214, 1, 1, 1
39, 2, 373, 160, 292, 228, 1, 1, 1
40, 2, 383, 162, 280, 226, 1, 1, 1
41, 2, 388, 165, 278, 222, 1, 1, 1
42, 2, 382, 167, 274, 223, 1, 1, 1
43, 2, 380, 167, 265, 226, 1, 1, 1
44, 2, 381, 164, 255, 228, 1, 1, 1
45, 2, 382, 165, 251, 228, 1, 1, 1
46, 2, 382, 165, 249, 230, 1, 1, 1
47, 2, 383, 163, 246, 231, 1, 1, 1
48, 2, 381, 159, 241, 231, 1, 1, 1
49, 2, 381, 155, 238, 232, 1, 1, 1
50, 2, 384, 151, 237, 233, 1, 1, 1
51, 2, 383, 149, 235, 235, 1, 1, 1
52, 2, 370, 148, 237, 235, 1, 1, 1
53, 2, 355, 148, 234, 235, 1, 1, 1
54, 2, 344, 145, 235, 235, 1, 1, 1
55, 2, 346, 145, 237, 235, 1, 1, 1
56, 2, 350, 142, 246, 235, 1, 1, 1
57, 2, 351, 143, 234, 236, 1, 1, 1
58, 2, 349, 142, 242, 235, 1, 1, 1
59, 2, 350, 142, 240, 235, 1, 1, 1
60, 2, 355, 140, 238, 235, 1, 1, 1
61, 2, 365, 141, 237, 234, 1, 1, 1
62, 2, 370, 141, 246, 234, 1, 1, 1
63, 2, 366, 143, 240, 234, 1, 1, 1
64, 2, 351, 145, 244, 233, 1, 1, 1
65, 2, 335, 149, 241, 233, 1, 1, 1
66, 2, 326, 150, 244, 235, 1, 1, 1
67, 2, 319, 145, 244, 233, 1, 1, 1
68, 2, 317, 145, 243, 234, 1, 1, 1
69, 2, 318, 147, 243, 232, 1, 1, 1
70, 2, 316, 147, 244, 233, 1, 1, 1
71, 2, 316, 146, 244, 233, 1, 1, 1
72, 2, 317, 148, 241, 222, 1, 1, 1
73, 2, 315, 150, 241, 233, 1, 1, 1
74, 2, 318, 149, 240, 244, 1, 1, 1
75, 2, 316, 152, 240, 243, 1, 1, 1
76, 2, 317, 153, 238, 245, 1, 1, 1
77, 2, 321, 155, 238, 233, 1, 1, 1
78, 2, 323, 157, 239, 233, 1, 1, 1
79, 2, 324, 159, 239, 232, 1, 1, 1
80, 2, 328, 160, 238, 232, 1, 1, 1
81, 2, 330, 161, 238, 233, 1, 1, 1
82, 2, 331, 161, 239, 233, 1, 1, 1
83, 2, 332, 164, 240, 232, 1, 1, 1
