10, 2, 57, 652, 279, 188, 1, 1, 1
11, 2, 128, 595, 83, 250, 1, 1, 1
12, 2, 166, 610, 124, 168, 1, 1, 1
13, 2, 207, 623, 80, 171, 1, 1, 1
14, 2, 223, 601, 64, 147, 1, 1, 1
15, 2, 221, 607, 73, 105, 1, 1, 1
16, 2, 262, 566, 76, 146, 1, 1, 1
17, 2, 282, 548, 49, 159, 1, 1, 1
18, 2, 294, 561, 55, 152, 1, 1, 1
19, 2, 307, 567, 65, 117, 1, 1, 1
20, 2, 326, 553, 63, 101, 1, 1, 1
21, 2, 344, 567, 61, 131, 1, 1, 1
22, 2, 360, 570, 68, 105, 1, 1, 1
23, 2, 373, 570, 75, 90, 1, 1, 1
24, 2, 381, 567, 71, 92, 1, 1, 1
25, 2, 385, 559, 87, 98, 1, 1, 1
26, 2, 379, 565, 108, 89, 1, 1, 1
27, 2, 378, 568, 117, 85, 1, 1, 1
28, 2, 377, 574, 123, 88, 1, 1, 1
29, 2, 371, 569, 129, 105, 1, 1, 1
30, 2, 357, 572, 141, 106, 1, 1, 1
11, 1, 311, 637, 338, 252, 1, 1, 1
12, 1, 229, 659, 313, 168, 1, 1, 1
13, 1, 221, 636, 141, 206, 1, 1, 1
14, 1, 218, 615, 149, 163, 1, 1, 1
15, 1, 238, 612, 115, 128, 1, 1, 1
16, 1, 263, 582, 106, 178, 1, 1, 1
17, 1, 287, 567, 98, 180, 1, 1, 1
18, 1, 311, 566, 95, 169, 1, 1, 1
19, 1, 337, 552, 101, 187, 1, 1, 1
20, 1, 356, 554, 85, 192, 1, 1, 1
21, 1, 374, 551, 91, 186, 1, 1, 1
22, 1, 396, 551, 92, 188, 1, 1, 1
23, 1, 412, 557, 100, 183, 1, 1, 1
24, 1, 426, 568, 83, 173, 1, 1, 1
25, 1, 447, 579, 77, 158, 1, 1, 1
26, 1, 465, 577, 70, 146, 1, 1, 1
27, 1, 468, 579, 76, 143, 1, 1, 1
28, 1, 471, 580, 84, 141, 1, 1, 1
29, 1, 482, 583, 65, 139, 1, 1, 1
30, 1, 466, 585, 83, 139, 1, 1, 1
