1, 1, 0, 320, 1239, 760, 1, 1, 1
2, 1, 0, 301, 1205, 779, 1, 1, 1
3, 1, 0, 297, 1199, 783, 1, 1, 1
4, 1, 0, 295, 1132, 785, 1, 1, 1
5, 1, 0, 282, 1067, 798, 1, 1, 1
6, 1, 0, 266, 1054, 814, 1, 1, 1
7, 1, 0, 295, 1132, 785, 1, 1, 1
8, 1, 0, 331, 1143, 749, 1, 1, 1
9, 1, 0, 326, 1123, 754, 1, 1, 1
10, 1, 0, 313, 991, 767, 1, 1, 1
11, 1, 0, 279, 1002, 801, 1, 1, 1
12, 1, 0, 214, 854, 866, 1, 1, 1
13, 1, 0, 0, 880, 1080, 1, 1, 1
14, 1, 0, 0, 1004, 1080, 1, 1, 1
15, 1, 0, 0, 787, 1079, 1, 1, 1
16, 1, 0, 0, 910, 1080, 1, 1, 1
17, 1, 0, 0, 938, 1080, 1, 1, 1
18, 1, 0, 0, 952, 1080, 1, 1, 1
19, 1, 0, 0, 964, 1080, 1, 1, 1
20, 1, 0, 0, 937, 1080, 1, 1, 1
21, 1, 0, 0, 783, 1080, 1, 1, 1
22, 1, 0, 60, 678, 1020, 1, 1, 1
23, 1, 0, 126, 707, 954, 1, 1, 1
24, 1, 0, 267, 808, 813, 1, 1, 1
25, 1, 99, 451, 780, 629, 1, 1, 1
26, 1, 208, 439, 705, 641, 1, 1, 1
27, 1, 183, 439, 764, 641, 1, 1, 1
1, 2, 422, 314, 1180, 757, 1, 1, 1
2, 2, 378, 323, 1251, 755, 1, 1, 1
3, 2, 329, 197, 1319, 883, 1, 1, 1
4, 2, 256, 31, 1387, 1028, 1, 1, 1
5, 2, 847, 174, 817, 729, 1, 1, 1
6, 2, 824, 0, 855, 902, 1, 1, 1
7, 2, 790, 0, 1030, 896, 1, 1, 1
8, 2, 734, 0, 1094, 983, 1, 1, 1
9, 2, 735, 0, 1096, 913, 1, 1, 1
10, 2, 671, 0, 863, 993, 1, 1, 1
11, 2, 479, 145, 1056, 795, 1, 1, 1
12, 2, 345, 99, 1183, 915, 1, 1, 1
13, 2, 462, 2, 853, 1027, 1, 1, 1
14, 2, 252, 0, 1333, 1028, 1, 1, 1
15, 2, 383, 27, 1235, 995, 1, 1, 1
16, 2, 494, 83, 1157, 876, 1, 1, 1
17, 2, 430, 0, 1240, 979, 1, 1, 1
18, 2, 396, 0, 878, 1035, 1, 1, 1
19, 2, 412, 31, 854, 935, 1, 1, 1
20, 2, 412, 155, 864, 830, 1, 1, 1
21, 2, 444, 253, 550, 789, 1, 1, 1
22, 2, 486, 260, 509, 787, 1, 1, 1
23, 2, 492, 143, 532, 869, 1, 1, 1
24, 2, 402, 281, 693, 721, 1, 1, 1
25, 2, 201, 586, 719, 350, 1, 1, 1
26, 2, 166, 702, 795, 300, 1, 1, 1
27, 2, 187, 693, 765, 360, 1, 1, 1
