20, 3, 7, 653, 45, 37, 1, 1, 1
21, 3, 0, 356, 52, 338, 1, 1, 1
22, 3, 0, 349, 51, 358, 1, 1, 1
23, 3, 0, 341, 52, 354, 1, 1, 1
24, 3, 5, 321, 65, 357, 1, 1, 1
25, 3, 25, 311, 85, 357, 1, 1, 1
26, 3, 55, 323, 67, 345, 1, 1, 1
27, 3, 72, 332, 66, 357, 1, 1, 1
28, 3, 72, 324, 70, 358, 1, 1, 1
29, 3, 53, 333, 75, 358, 1, 1, 1
30, 3, 61, 326, 69, 359, 1, 1, 1
31, 3, 23, 355, 74, 349, 1, 1, 1
32, 3, 41, 355, 108, 346, 1, 1, 1
33, 3, 29, 361, 106, 346, 1, 1, 1
34, 3, 50, 369, 91, 344, 1, 1, 1
35, 3, 64, 360, 89, 337, 1, 1, 1
36, 3, 97, 367, 85, 335, 1, 1, 1
37, 3, 128, 367, 72, 336, 1, 1, 1
38, 3, 105, 370, 80, 336, 1, 1, 1
39, 3, 135, 378, 84, 343, 1, 1, 1
40, 3, 219, 385, 50, 344, 1, 1, 1
41, 3, 254, 380, 60, 347, 1, 1, 1
42, 3, 298, 381, 54, 345, 1, 1, 1
43, 3, 303, 388, 58, 325, 1, 1, 1
44, 3, 357, 397, 48, 47, 1, 1, 1
45, 3, 417, 413, 46, 325, 1, 1, 1
46, 3, 490, 418, 55, 331, 1, 1, 1
47, 3, 443, 404, 88, 334, 1, 1, 1
48, 3, 423, 394, 78, 329, 1, 1, 1
49, 3, 449, 410, 55, 126, 1, 1, 1
50, 3, 444, 399, 47, 332, 1, 1, 1
51, 3, 482, 378, 35, 44, 1, 1, 1
55, 3, 452, 731, 101, 38, 1, 1, 1
39, 9, 0, 434, 40, 49, 1, 1, 1
40, 9, 0, 449, 79, 350, 1, 1, 1
41, 9, 15, 442, 99, 353, 1, 1, 1
42, 9, 55, 444, 106, 352, 1, 1, 1
43, 9, 65, 442, 110, 355, 1, 1, 1
44, 9, 130, 447, 91, 352, 1, 1, 1
45, 9, 196, 460, 91, 342, 1, 1, 1
46, 9, 278, 467, 92, 346, 1, 1, 1
47, 9, 265, 456, 91, 341, 1, 1, 1
48, 9, 222, 442, 89, 348, 1, 1, 1
49, 9, 205, 461, 110, 342, 1, 1, 1
50, 9, 196, 460, 132, 335, 1, 1, 1
51, 9, 216, 439, 113, 334, 1, 1, 1
52, 9, 241, 433, 137, 338, 1, 1, 1
53, 9, 251, 448, 148, 342, 1, 1, 1
54, 9, 245, 474, 146, 348, 1, 1, 1
55, 9, 263, 485, 133, 343, 1, 1, 1
