8, 2, 687, 159, 17, 36, 1, 1, 1
9, 2, 638, 153, 53, 91, 1, 1, 1
10, 2, 625, 157, 48, 99, 1, 1, 1
11, 2, 616, 135, 104, 113, 1, 1, 1
12, 2, 609, 122, 139, 118, 1, 1, 1
13, 2, 597, 102, 143, 136, 1, 1, 1
14, 2, 571, 104, 142, 132, 1, 1, 1
15, 2, 562, 108, 173, 147, 1, 1, 1
15, 3, 757, 130, 31, 90, 1, 1, 1
16, 3, 709, 125, 61, 81, 1, 1, 1
17, 3, 663, 126, 144, 114, 1, 1, 1
18, 3, 653, 115, 154, 116, 1, 1, 1
19, 3, 644, 96, 128, 126, 1, 1, 1
20, 3, 622, 92, 140, 131, 1, 1, 1
21, 3, 589, 114, 137, 142, 1, 1, 1
22, 3, 573, 141, 117, 143, 1, 1, 1
23, 3, 526, 154, 126, 156, 1, 1, 1
21, 6, 723, 142, 30, 78, 1, 1, 1
22, 6, 695, 154, 36, 63, 1, 1, 1
23, 6, 646, 171, 90, 102, 1, 1, 1
24, 6, 618, 181, 101, 108, 1, 1, 1
25, 6, 597, 170, 115, 114, 1, 1, 1
26, 6, 586, 158, 117, 126, 1, 1, 1
27, 6, 569, 155, 105, 117, 1, 1, 1
28, 6, 565, 140, 91, 128, 1, 1, 1
29, 6, 563, 152, 102, 153, 1, 1, 1
30, 6, 578, 148, 97, 165, 1, 1, 1
