62, 3, 435, 491, 207, 407, 1, 1, 1
63, 3, 466, 483, 261, 408, 1, 1, 1
64, 3, 522, 477, 231, 403, 1, 1, 1
65, 3, 542, 482, 212, 396, 1, 1, 1
66, 3, 551, 494, 210, 383, 1, 1, 1
67, 3, 558, 494, 231, 363, 1, 1, 1
68, 3, 559, 480, 254, 331, 1, 1, 1
69, 3, 561, 481, 263, 307, 1, 1, 1
70, 3, 578, 494, 241, 299, 1, 1, 1
71, 3, 586, 495, 256, 316, 1, 1, 1
72, 3, 591, 494, 245, 346, 1, 1, 1
73, 3, 626, 488, 238, 366, 1, 1, 1
74, 3, 627, 459, 254, 335, 1, 1, 1
75, 3, 640, 450, 247, 326, 1, 1, 1
76, 3, 663, 458, 250, 335, 1, 1, 1
77, 3, 685, 447, 288, 335, 1, 1, 1
78, 3, 698, 426, 270, 361, 1, 1, 1
79, 3, 704, 413, 283, 376, 1, 1, 1
80, 3, 725, 412, 308, 395, 1, 1, 1
81, 3, 730, 398, 334, 398, 1, 1, 1
82, 3, 747, 367, 319, 440, 1, 1, 1
83, 3, 790, 359, 330, 449, 1, 1, 1
84, 3, 825, 329, 338, 466, 1, 1, 1
85, 3, 869, 264, 352, 501, 1, 1, 1
86, 3, 894, 226, 374, 525, 1, 1, 1
87, 3, 942, 219, 385, 549, 1, 1, 1
88, 3, 982, 183, 412, 570, 1, 1, 1
89, 3, 1005, 147, 419, 616, 1, 1, 1
90, 3, 1004, 150, 442, 635, 1, 1, 1
91, 3, 990, 159, 428, 637, 1, 1, 1
92, 3, 950, 147, 482, 627, 1, 1, 1
93, 3, 914, 129, 491, 668, 1, 1, 1
94, 3, 863, 146, 515, 648, 1, 1, 1
95, 3, 826, 183, 536, 611, 1, 1, 1
96, 3, 784, 204, 536, 574, 1, 1, 1
97, 3, 767, 200, 557, 537, 1, 1, 1
98, 3, 748, 186, 581, 529, 1, 1, 1
99, 3, 726, 180, 573, 522, 1, 1, 1
100, 3, 708, 177, 577, 517, 1, 1, 1
101, 3, 704, 172, 574, 512, 1, 1, 1
102, 3, 702, 147, 578, 512, 1, 1, 1
103, 3, 694, 91, 581, 448, 1, 1, 1
104, 3, 687, 54, 577, 489, 1, 1, 1
105, 3, 671, 37, 607, 514, 1, 1, 1
106, 3, 677, 29, 645, 521, 1, 1, 1
107, 3, 690, 37, 654, 477, 1, 1, 1
108, 3, 657, 84, 660, 484, 1, 1, 1
109, 3, 608, 115, 671, 478, 1, 1, 1
110, 3, 600, 129, 662, 480, 1, 1, 1
