32, 1, 860, 544, 276, 137, 1, 1, 1
33, 1, 788, 544, 335, 233, 1, 1, 1
34, 1, 688, 584, 547, 392, 1, 1, 1
35, 1, 725, 685, 455, 395, 1, 1, 1
36, 1, 762, 618, 486, 462, 1, 1, 1
37, 1, 922, 719, 458, 361, 1, 1, 1
38, 1, 1004, 810, 621, 270, 1, 1, 1
39, 1, 1116, 781, 433, 299, 1, 1, 1
40, 1, 1355, 777, 384, 303, 1, 1, 1
41, 1, 1298, 763, 472, 317, 1, 1, 1
42, 1, 1200, 686, 570, 383, 1, 1, 1
43, 1, 1360, 582, 409, 439, 1, 1, 1
44, 1, 1325, 467, 401, 381, 1, 1, 1
45, 1, 1295, 363, 434, 502, 1, 1, 1
46, 1, 1246, 267, 379, 399, 1, 1, 1
47, 1, 1142, 399, 318, 423, 1, 1, 1
48, 1, 1129, 454, 173, 161, 1, 1, 1
49, 1, 1145, 342, 212, 301, 1, 1, 1
50, 1, 1146, 369, 316, 162, 1, 1, 1
32, 2, 1212, 685, 288, 224, 1, 1, 1
33, 2, 1072, 714, 463, 153, 1, 1, 1
34, 2, 1030, 496, 312, 478, 1, 1, 1
35, 2, 963, 544, 501, 536, 1, 1, 1
36, 2, 1090, 539, 381, 363, 1, 1, 1
37, 2, 1111, 578, 351, 260, 1, 1, 1
38, 2, 919, 551, 466, 287, 1, 1, 1
39, 2, 1018, 548, 358, 262, 1, 1, 1
40, 2, 1064, 567, 320, 275, 1, 1, 1
41, 2, 1096, 563, 259, 265, 1, 1, 1
42, 2, 1058, 574, 333, 246, 1, 1, 1
43, 2, 1079, 468, 301, 346, 1, 1, 1
44, 2, 1035, 515, 353, 231, 1, 1, 1
45, 2, 995, 495, 335, 249, 1, 1, 1
46, 2, 921, 510, 412, 232, 1, 1, 1
47, 2, 835, 494, 369, 232, 1, 1, 1
48, 2, 881, 464, 357, 311, 1, 1, 1
49, 2, 811, 477, 360, 334, 1, 1, 1
50, 2, 813, 499, 362, 278, 1, 1, 1
