2, 5, 0, 594, 95, 82, 1, 1, 1
3, 5, 0, 575, 124, 98, 1, 1, 1
4, 5, 0, 581, 83, 112, 1, 1, 1
5, 5, 1, 576, 87, 117, 1, 1, 1
6, 5, 0, 567, 84, 110, 1, 1, 1
7, 5, 1, 569, 89, 111, 1, 1, 1
8, 5, 9, 568, 89, 111, 1, 1, 1
9, 5, 18, 564, 85, 116, 1, 1, 1
10, 5, 19, 561, 84, 118, 1, 1, 1
11, 5, 17, 558, 83, 117, 1, 1, 1
12, 5, 13, 557, 83, 116, 1, 1, 1
13, 5, 20, 554, 80, 116, 1, 1, 1
14, 5, 32, 552, 73, 117, 1, 1, 1
15, 5, 42, 554, 60, 115, 1, 1, 1
16, 5, 51, 557, 100, 102, 1, 1, 1
17, 5, 72, 562, 72, 98, 1, 1, 1
18, 5, 63, 567, 60, 89, 1, 1, 1
19, 5, 32, 578, 83, 133, 1, 1, 1
20, 5, 10, 585, 82, 119, 1, 1, 1
21, 5, 0, 593, 65, 120, 1, 1, 1
22, 5, 0, 600, 58, 121, 1, 1, 1
23, 5, 0, 605, 64, 119, 1, 1, 1
24, 5, 11, 607, 84, 120, 1, 1, 1
25, 5, 35, 611, 84, 119, 1, 1, 1
26, 5, 44, 612, 84, 110, 1, 1, 1
27, 5, 45, 612, 85, 110, 1, 1, 1
28, 5, 40, 612, 86, 113, 1, 1, 1
29, 5, 36, 610, 86, 112, 1, 1, 1
30, 5, 34, 609, 88, 113, 1, 1, 1
31, 5, 32, 608, 87, 115, 1, 1, 1
32, 5, 83, 608, 58, 123, 1, 1, 1
33, 5, 159, 607, 46, 117, 1, 1, 1
34, 5, 196, 610, 64, 114, 1, 1, 1
35, 5, 212, 615, 74, 114, 1, 1, 1
36, 5, 204, 618, 91, 119, 1, 1, 1
37, 5, 214, 623, 86, 117, 1, 1, 1
38, 5, 219, 625, 87, 119, 1, 1, 1
39, 5, 242, 627, 63, 121, 1, 1, 1
40, 5, 232, 623, 70, 131, 1, 1, 1
41, 5, 203, 616, 95, 118, 1, 1, 1
42, 5, 194, 621, 124, 118, 1, 1, 1
43, 5, 191, 627, 113, 116, 1, 1, 1
1, 2, 181, 537, 84, 113, 1, 1, 1
2, 2, 272, 534, 76, 90, 1, 1, 1
3, 2, 324, 534, 73, 90, 1, 1, 1
4, 2, 345, 534, 70, 92, 1, 1, 1
5, 2, 350, 535, 73, 93, 1, 1, 1
6, 2, 347, 535, 78, 113, 1, 1, 1
7, 2, 331, 536, 95, 112, 1, 1, 1
8, 2, 352, 537, 95, 113, 1, 1, 1
9, 2, 363, 538, 95, 114, 1, 1, 1
10, 2, 362, 540, 94, 110, 1, 1, 1
11, 2, 360, 544, 95, 132, 1, 1, 1
12, 2, 359, 548, 93, 125, 1, 1, 1
13, 2, 372, 548, 85, 125, 1, 1, 1
14, 2, 385, 548, 89, 124, 1, 1, 1
15, 2, 393, 549, 90, 124, 1, 1, 1
16, 2, 403, 549, 88, 125, 1, 1, 1
17, 2, 408, 552, 86, 125, 1, 1, 1
18, 2, 399, 558, 86, 122, 1, 1, 1
19, 2, 359, 558, 78, 111, 1, 1, 1
20, 2, 335, 560, 93, 112, 1, 1, 1
21, 2, 287, 562, 111, 114, 1, 1, 1
22, 2, 295, 565, 95, 110, 1, 1, 1
23, 2, 280, 569, 104, 109, 1, 1, 1
24, 2, 303, 573, 83, 110, 1, 1, 1
25, 2, 326, 579, 86, 108, 1, 1, 1
26, 2, 362, 590, 94, 84, 1, 1, 1
27, 2, 372, 584, 90, 101, 1, 1, 1
28, 2, 380, 584, 98, 117, 1, 1, 1
29, 2, 380, 583, 96, 116, 1, 1, 1
30, 2, 376, 583, 98, 116, 1, 1, 1
31, 2, 376, 585, 97, 114, 1, 1, 1
32, 2, 399, 584, 99, 119, 1, 1, 1
33, 2, 462, 582, 80, 125, 1, 1, 1
34, 2, 520, 585, 65, 128, 1, 1, 1
35, 2, 546, 593, 58, 127, 1, 1, 1
36, 2, 556, 601, 48, 125, 1, 1, 1
37, 2, 566, 609, 38, 124, 1, 1, 1
38, 2, 575, 615, 29, 124, 1, 1, 1
39, 2, 580, 616, 24, 128, 1, 1, 1
40, 2, 580, 622, 24, 128, 1, 1, 1
41, 2, 582, 626, 22, 130, 1, 1, 1
42, 2, 577, 628, 27, 131, 1, 1, 1
43, 2, 578, 631, 26, 132, 1, 1, 1
44, 2, 586, 632, 18, 131, 1, 1, 1
45, 2, 592, 635, 12, 127, 1, 1, 1
46, 2, 596, 641, 8, 122, 1, 1, 1
49, 2, 572, 630, 32, 129, 1, 1, 1
50, 2, 518, 630, 86, 140, 1, 1, 1
51, 2, 420, 626, 184, 146, 1, 1, 1
52, 2, 472, 592, 132, 170, 1, 1, 1
