1, 1, 0, 293, 111, 170, 1, 1, 1
2, 1, 0, 294, 110, 170, 1, 1, 1
3, 1, 0, 295, 98, 172, 1, 1, 1
4, 1, 0, 287, 70, 164, 1, 1, 1
5, 1, 0, 246, 73, 167, 1, 1, 1
6, 1, 0, 217, 38, 254, 1, 1, 1
7, 1, 0, 240, 88, 233, 1, 1, 1
8, 1, 0, 311, 157, 154, 1, 1, 1
9, 1, 0, 304, 155, 160, 1, 1, 1
10, 1, 0, 279, 143, 180, 1, 1, 1
11, 1, 0, 271, 144, 178, 1, 1, 1
12, 1, 0, 261, 164, 177, 1, 1, 1
13, 1, 22, 251, 161, 178, 1, 1, 1
14, 1, 47, 241, 162, 184, 1, 1, 1
15, 1, 71, 236, 162, 188, 1, 1, 1
16, 1, 93, 231, 160, 191, 1, 1, 1
17, 1, 114, 226, 161, 195, 1, 1, 1
18, 1, 133, 221, 159, 200, 1, 1, 1
19, 1, 148, 224, 160, 197, 1, 1, 1
20, 1, 163, 217, 159, 206, 1, 1, 1
21, 1, 174, 221, 160, 204, 1, 1, 1
22, 1, 180, 223, 161, 208, 1, 1, 1
23, 1, 185, 229, 162, 208, 1, 1, 1
24, 1, 185, 238, 162, 207, 1, 1, 1
25, 1, 182, 253, 161, 205, 1, 1, 1
26, 1, 180, 264, 160, 208, 1, 1, 1
27, 1, 175, 287, 160, 208, 1, 1, 1
28, 1, 164, 316, 162, 207, 1, 1, 1
29, 1, 149, 335, 160, 210, 1, 1, 1
30, 1, 137, 349, 159, 207, 1, 1, 1
31, 1, 119, 354, 160, 210, 1, 1, 1
32, 1, 103, 361, 160, 208, 1, 1, 1
33, 1, 77, 368, 162, 206, 1, 1, 1
34, 1, 37, 374, 167, 207, 1, 1, 1
35, 1, 0, 375, 162, 209, 1, 1, 1
36, 1, 0, 366, 117, 210, 1, 1, 1
37, 1, 0, 460, 71, 96, 1, 1, 1
38, 1, 0, 507, 26, 12, 1, 1, 1
