50, 3, 0, 0, 597, 538, 1, 1, 1
51, 3, 0, 0, 596, 550, 1, 1, 1
52, 3, 0, 0, 603, 563, 1, 1, 1
53, 3, 0, 0, 603, 612, 1, 1, 1
54, 3, 0, 0, 589, 635, 1, 1, 1
55, 3, 0, 0, 590, 653, 1, 1, 1
56, 3, 92, 0, 503, 673, 1, 1, 1
57, 3, 102, 0, 499, 697, 1, 1, 1
58, 3, 76, 0, 531, 736, 1, 1, 1
59, 3, 77, 0, 530, 768, 1, 1, 1
60, 3, 62, 0, 544, 797, 1, 1, 1
61, 3, 26, 0, 591, 822, 1, 1, 1
62, 3, 13, 0, 596, 840, 1, 1, 1
63, 3, 0, 0, 574, 902, 1, 1, 1
64, 3, 0, 0, 579, 899, 1, 1, 1
65, 3, 0, 0, 559, 924, 1, 1, 1
66, 3, 0, 0, 580, 934, 1, 1, 1
67, 3, 0, 0, 613, 923, 1, 1, 1
68, 3, 0, 0, 615, 910, 1, 1, 1
69, 3, 0, 0, 648, 902, 1, 1, 1
70, 3, 0, 0, 654, 889, 1, 1, 1
71, 3, 0, 0, 656, 863, 1, 1, 1
72, 3, 0, 0, 651, 847, 1, 1, 1
73, 3, 0, 0, 685, 840, 1, 1, 1
74, 3, 0, 0, 768, 828, 1, 1, 1
75, 3, 0, 0, 776, 830, 1, 1, 1
76, 3, 0, 0, 781, 831, 1, 1, 1
77, 3, 0, 0, 775, 844, 1, 1, 1
78, 3, 0, 0, 767, 845, 1, 1, 1
79, 3, 0, 0, 856, 855, 1, 1, 1
80, 3, 0, 0, 874, 883, 1, 1, 1
81, 3, 0, 0, 870, 943, 1, 1, 1
82, 3, 0, 0, 865, 849, 1, 1, 1
83, 3, 0, 0, 811, 871, 1, 1, 1
84, 3, 0, 0, 803, 881, 1, 1, 1
85, 3, 0, 0, 805, 886, 1, 1, 1
86, 3, 0, 0, 936, 885, 1, 1, 1
87, 3, 0, 0, 930, 880, 1, 1, 1
88, 3, 0, 0, 921, 874, 1, 1, 1
89, 3, 0, 0, 904, 814, 1, 1, 1
90, 3, 0, 0, 899, 810, 1, 1, 1
91, 3, 0, 0, 881, 814, 1, 1, 1
92, 3, 0, 0, 889, 857, 1, 1, 1
93, 3, 0, 0, 817, 891, 1, 1, 1
94, 3, 0, 0, 958, 897, 1, 1, 1
95, 3, 0, 0, 1000, 897, 1, 1, 1
96, 3, 0, 0, 997, 871, 1, 1, 1
97, 3, 0, 0, 978, 848, 1, 1, 1
98, 3, 0, 0, 967, 846, 1, 1, 1
99, 3, 0, 0, 951, 855, 1, 1, 1
100, 3, 0, 0, 954, 880, 1, 1, 1
101, 3, 0, 0, 993, 910, 1, 1, 1
102, 3, 0, 2, 1013, 905, 1, 1, 1
103, 3, 0, 18, 1027, 878, 1, 1, 1
104, 3, 0, 18, 999, 869, 1, 1, 1
105, 3, 0, 4, 960, 875, 1, 1, 1
106, 3, 0, 0, 913, 911, 1, 1, 1
107, 3, 0, 6, 866, 927, 1, 1, 1
108, 3, 0, 44, 836, 888, 1, 1, 1
109, 3, 0, 85, 802, 847, 1, 1, 1
110, 3, 0, 90, 780, 828, 1, 1, 1
111, 3, 0, 101, 897, 819, 1, 1, 1
112, 3, 0, 103, 967, 793, 1, 1, 1
113, 3, 0, 100, 1009, 762, 1, 1, 1
114, 3, 0, 105, 1050, 705, 1, 1, 1
115, 3, 0, 96, 1066, 704, 1, 1, 1
116, 3, 0, 100, 1006, 720, 1, 1, 1
117, 3, 0, 109, 905, 733, 1, 1, 1
118, 3, 0, 71, 827, 789, 1, 1, 1
119, 3, 0, 94, 752, 775, 1, 1, 1
120, 3, 0, 65, 730, 802, 1, 1, 1
121, 3, 0, 105, 725, 756, 1, 1, 1
122, 3, 0, 125, 725, 719, 1, 1, 1
123, 3, 0, 111, 738, 748, 1, 1, 1
124, 3, 0, 112, 726, 770, 1, 1, 1
125, 3, 0, 128, 750, 730, 1, 1, 1
126, 3, 0, 127, 812, 735, 1, 1, 1
127, 3, 0, 137, 816, 729, 1, 1, 1
128, 3, 0, 130, 865, 721, 1, 1, 1
129, 3, 0, 152, 864, 727, 1, 1, 1
130, 3, 0, 195, 847, 684, 1, 1, 1
131, 3, 0, 221, 828, 659, 1, 1, 1
132, 3, 0, 247, 813, 620, 1, 1, 1
133, 3, 0, 265, 785, 598, 1, 1, 1
134, 3, 0, 300, 805, 572, 1, 1, 1
135, 3, 0, 297, 760, 549, 1, 1, 1
136, 3, 0, 306, 710, 529, 1, 1, 1
137, 3, 0, 296, 658, 554, 1, 1, 1
138, 3, 0, 268, 601, 580, 1, 1, 1
139, 3, 0, 220, 531, 610, 1, 1, 1
140, 3, 0, 240, 462, 561, 1, 1, 1
141, 3, 0, 257, 489, 519, 1, 1, 1
142, 3, 0, 256, 534, 544, 1, 1, 1
143, 3, 0, 253, 562, 543, 1, 1, 1
144, 3, 0, 252, 585, 524, 1, 1, 1
145, 3, 0, 252, 572, 509, 1, 1, 1
146, 3, 0, 278, 544, 464, 1, 1, 1
147, 3, 0, 262, 496, 487, 1, 1, 1
148, 3, 0, 222, 424, 433, 1, 1, 1
149, 3, 0, 188, 339, 489, 1, 1, 1
150, 3, 0, 169, 265, 513, 1, 1, 1
151, 3, 0, 247, 231, 432, 1, 1, 1
152, 3, 0, 273, 271, 261, 1, 1, 1
153, 3, 0, 284, 274, 223, 1, 1, 1
154, 3, 0, 291, 275, 254, 1, 1, 1
155, 3, 0, 287, 286, 301, 1, 1, 1
156, 3, 0, 267, 245, 336, 1, 1, 1
157, 3, 0, 192, 217, 312, 1, 1, 1
158, 3, 0, 78, 64, 218, 1, 1, 1
