12, 1, 0, 577, 1105, 420, 1, 1, 1
13, 1, 0, 577, 1109, 423, 1, 1, 1
14, 1, 0, 575, 1114, 426, 1, 1, 1
15, 1, 0, 576, 1118, 427, 1, 1, 1
16, 1, 0, 575, 1124, 429, 1, 1, 1
17, 1, 0, 575, 1128, 430, 1, 1, 1
18, 1, 0, 575, 1132, 429, 1, 1, 1
19, 1, 0, 574, 1136, 431, 1, 1, 1
20, 1, 0, 575, 1141, 431, 1, 1, 1
21, 1, 0, 574, 1145, 430, 1, 1, 1
22, 1, 0, 574, 1149, 431, 1, 1, 1
23, 1, 0, 575, 1153, 430, 1, 1, 1
24, 1, 0, 573, 1158, 433, 1, 1, 1
25, 1, 0, 573, 1161, 432, 1, 1, 1
26, 1, 0, 574, 1166, 433, 1, 1, 1
27, 1, 0, 572, 1169, 436, 1, 1, 1
28, 1, 0, 572, 1173, 435, 1, 1, 1
29, 1, 0, 572, 1178, 436, 1, 1, 1
30, 1, 0, 569, 1181, 439, 1, 1, 1
31, 1, 0, 571, 1185, 438, 1, 1, 1
32, 1, 0, 572, 1188, 434, 1, 1, 1
33, 1, 0, 572, 1192, 434, 1, 1, 1
34, 1, 0, 571, 1196, 434, 1, 1, 1
35, 1, 0, 571, 1199, 432, 1, 1, 1
36, 1, 0, 571, 1202, 430, 1, 1, 1
37, 1, 0, 571, 1206, 431, 1, 1, 1
38, 1, 0, 569, 1209, 431, 1, 1, 1
39, 1, 0, 565, 1213, 435, 1, 1, 1
40, 1, 0, 571, 1216, 430, 1, 1, 1
41, 1, 0, 567, 1219, 431, 1, 1, 1
42, 1, 0, 569, 1222, 429, 1, 1, 1
43, 1, 0, 569, 1226, 425, 1, 1, 1
44, 1, 0, 568, 1229, 423, 1, 1, 1
45, 1, 0, 565, 1232, 425, 1, 1, 1
46, 1, 0, 564, 1235, 427, 1, 1, 1
47, 1, 0, 568, 1238, 419, 1, 1, 1
48, 1, 0, 568, 1241, 419, 1, 1, 1
49, 1, 0, 566, 1244, 417, 1, 1, 1
50, 1, 0, 565, 1247, 415, 1, 1, 1
51, 1, 0, 565, 1249, 413, 1, 1, 1
52, 1, 0, 566, 1252, 404, 1, 1, 1
53, 1, 0, 565, 1255, 400, 1, 1, 1
54, 1, 0, 564, 1258, 395, 1, 1, 1
55, 1, 0, 564, 1260, 388, 1, 1, 1
56, 1, 0, 565, 1263, 380, 1, 1, 1
57, 1, 0, 565, 1265, 374, 1, 1, 1
58, 1, 0, 563, 1267, 371, 1, 1, 1
59, 1, 0, 563, 1270, 366, 1, 1, 1
60, 1, 2, 563, 1271, 362, 1, 1, 1
61, 1, 24, 562, 1251, 358, 1, 1, 1
62, 1, 44, 561, 1233, 353, 1, 1, 1
63, 1, 66, 561, 1214, 351, 1, 1, 1
64, 1, 85, 560, 1197, 347, 1, 1, 1
65, 1, 104, 560, 1181, 343, 1, 1, 1
66, 1, 125, 561, 1162, 337, 1, 1, 1
67, 1, 143, 561, 1146, 333, 1, 1, 1
68, 1, 161, 560, 1130, 328, 1, 1, 1
69, 1, 179, 559, 1115, 327, 1, 1, 1
70, 1, 197, 559, 1099, 323, 1, 1, 1
71, 1, 214, 559, 1084, 320, 1, 1, 1
72, 1, 231, 559, 1070, 317, 1, 1, 1
73, 1, 249, 559, 1055, 313, 1, 1, 1
74, 1, 264, 559, 1041, 308, 1, 1, 1
75, 1, 281, 557, 1026, 306, 1, 1, 1
76, 1, 296, 559, 1013, 300, 1, 1, 1
77, 1, 311, 556, 1001, 301, 1, 1, 1
78, 1, 327, 558, 986, 295, 1, 1, 1
79, 1, 341, 557, 974, 292, 1, 1, 1
80, 1, 356, 556, 962, 292, 1, 1, 1
81, 1, 370, 555, 949, 288, 1, 1, 1
82, 1, 384, 556, 937, 286, 1, 1, 1
83, 1, 399, 556, 925, 281, 1, 1, 1
84, 1, 414, 553, 911, 280, 1, 1, 1
85, 1, 428, 555, 899, 278, 1, 1, 1
86, 1, 441, 555, 888, 275, 1, 1, 1
87, 1, 454, 555, 876, 271, 1, 1, 1
88, 1, 467, 555, 865, 269, 1, 1, 1
89, 1, 479, 556, 855, 262, 1, 1, 1
90, 1, 492, 555, 844, 265, 1, 1, 1
91, 1, 505, 554, 832, 262, 1, 1, 1
92, 1, 517, 555, 822, 259, 1, 1, 1
93, 1, 531, 555, 809, 258, 1, 1, 1
94, 1, 541, 554, 800, 255, 1, 1, 1
95, 1, 553, 554, 790, 255, 1, 1, 1
96, 1, 564, 554, 780, 252, 1, 1, 1
97, 1, 576, 553, 770, 250, 1, 1, 1
98, 1, 587, 553, 761, 248, 1, 1, 1
99, 1, 597, 553, 752, 248, 1, 1, 1
100, 1, 607, 553, 744, 248, 1, 1, 1
101, 1, 617, 553, 735, 242, 1, 1, 1
102, 1, 629, 553, 724, 242, 1, 1, 1
103, 1, 631, 552, 722, 238, 1, 1, 1
104, 1, 648, 551, 707, 237, 1, 1, 1
105, 1, 658, 551, 698, 234, 1, 1, 1
106, 1, 664, 551, 693, 233, 1, 1, 1
107, 1, 676, 551, 682, 230, 1, 1, 1
108, 1, 685, 552, 674, 229, 1, 1, 1
109, 1, 693, 551, 667, 229, 1, 1, 1
110, 1, 700, 548, 661, 232, 1, 1, 1
111, 1, 709, 550, 653, 226, 1, 1, 1
112, 1, 713, 551, 650, 221, 1, 1, 1
113, 1, 724, 551, 640, 217, 1, 1, 1
114, 1, 732, 551, 632, 218, 1, 1, 1
115, 1, 737, 550, 628, 218, 1, 1, 1
116, 1, 744, 552, 622, 215, 1, 1, 1
117, 1, 752, 551, 615, 213, 1, 1, 1
118, 1, 757, 550, 610, 214, 1, 1, 1
119, 1, 766, 550, 602, 210, 1, 1, 1
120, 1, 771, 551, 598, 210, 1, 1, 1
121, 1, 777, 550, 593, 208, 1, 1, 1
122, 1, 785, 549, 588, 207, 1, 1, 1
123, 1, 791, 546, 585, 208, 1, 1, 1
124, 1, 795, 547, 582, 206, 1, 1, 1
125, 1, 801, 546, 575, 203, 1, 1, 1
126, 1, 803, 546, 574, 202, 1, 1, 1
127, 1, 807, 547, 571, 199, 1, 1, 1
128, 1, 811, 547, 567, 199, 1, 1, 1
129, 1, 815, 545, 564, 199, 1, 1, 1
130, 1, 823, 546, 556, 196, 1, 1, 1
131, 1, 821, 545, 559, 195, 1, 1, 1
132, 1, 827, 545, 554, 193, 1, 1, 1
133, 1, 833, 545, 549, 192, 1, 1, 1
134, 1, 835, 545, 547, 190, 1, 1, 1
135, 1, 841, 546, 542, 189, 1, 1, 1
136, 1, 846, 545, 538, 189, 1, 1, 1
137, 1, 851, 546, 533, 186, 1, 1, 1
138, 1, 855, 544, 530, 187, 1, 1, 1
139, 1, 855, 545, 530, 185, 1, 1, 1
140, 1, 856, 546, 529, 183, 1, 1, 1
