142, 3, 0, 540, 630, 540, 1, 1, 1
143, 3, 0, 506, 679, 574, 1, 1, 1
144, 3, 0, 487, 721, 593, 1, 1, 1
145, 3, 0, 473, 757, 607, 1, 1, 1
146, 3, 0, 476, 811, 604, 1, 1, 1
147, 3, 14, 472, 868, 608, 1, 1, 1
148, 3, 109, 457, 831, 623, 1, 1, 1
149, 3, 198, 430, 807, 650, 1, 1, 1
150, 3, 287, 408, 794, 672, 1, 1, 1
151, 3, 380, 392, 782, 688, 1, 1, 1
152, 3, 479, 383, 775, 697, 1, 1, 1
153, 3, 578, 376, 768, 704, 1, 1, 1
154, 3, 672, 370, 768, 709, 1, 1, 1
155, 3, 760, 371, 770, 690, 1, 1, 1
156, 3, 846, 377, 762, 672, 1, 1, 1
157, 3, 925, 373, 775, 666, 1, 1, 1
158, 3, 999, 371, 794, 655, 1, 1, 1
159, 3, 1071, 375, 814, 649, 1, 1, 1
160, 3, 1143, 380, 777, 649, 1, 1, 1
