147, 1, 780, 294, 182, 205, 1, 1, 1
148, 1, 813, 270, 180, 228, 1, 1, 1
149, 1, 870, 262, 147, 230, 1, 1, 1
150, 1, 868, 245, 166, 240, 1, 1, 1
151, 1, 890, 260, 141, 222, 1, 1, 1
152, 1, 903, 242, 155, 242, 1, 1, 1
148, 2, 961, 288, 112, 158, 1, 1, 1
149, 2, 945, 239, 152, 202, 1, 1, 1
150, 2, 956, 219, 136, 212, 1, 1, 1
151, 2, 985, 223, 118, 212, 1, 1, 1
152, 2, 971, 231, 113, 201, 1, 1, 1
168, 1, 896, 278, 100, 180, 1, 1, 1
169, 1, 859, 228, 138, 232, 1, 1, 1
170, 1, 909, 218, 94, 252, 1, 1, 1
171, 1, 856, 238, 130, 226, 1, 1, 1
172, 1, 905, 270, 96, 192, 1, 1, 1
173, 1, 931, 249, 106, 208, 1, 1, 1
174, 1, 954, 284, 158, 145, 1, 1, 1
168, 2, 744, 287, 185, 202, 1, 1, 1
169, 2, 776, 241, 171, 250, 1, 1, 1
170, 2, 784, 232, 161, 262, 1, 1, 1
171, 2, 793, 270, 162, 225, 1, 1, 1
172, 2, 787, 276, 196, 206, 1, 1, 1
173, 2, 802, 270, 202, 212, 1, 1, 1
174, 2, 811, 265, 198, 216, 1, 1, 1
