1, 3, 189, 563, 281, 66, 1, 1, 1
2, 3, 191, 566, 283, 62, 1, 1, 1
3, 3, 190, 564, 284, 66, 1, 1, 1
4, 3, 183, 560, 288, 71, 1, 1, 1
5, 3, 183, 562, 289, 71, 1, 1, 1
6, 3, 172, 563, 302, 71, 1, 1, 1
7, 3, 170, 564, 303, 69, 1, 1, 1
8, 3, 170, 566, 306, 68, 1, 1, 1
9, 3, 166, 565, 315, 71, 1, 1, 1
10, 3, 165, 568, 318, 68, 1, 1, 1
11, 3, 167, 570, 319, 69, 1, 1, 1
12, 3, 158, 569, 332, 69, 1, 1, 1
13, 3, 154, 572, 340, 71, 1, 1, 1
14, 3, 155, 572, 341, 72, 1, 1, 1
15, 3, 153, 574, 348, 71, 1, 1, 1
16, 3, 152, 575, 354, 70, 1, 1, 1
17, 3, 149, 574, 357, 70, 1, 1, 1
18, 3, 145, 576, 363, 69, 1, 1, 1
19, 3, 143, 576, 366, 71, 1, 1, 1
20, 3, 145, 579, 369, 70, 1, 1, 1
21, 3, 147, 583, 374, 71, 1, 1, 1
22, 3, 151, 584, 377, 72, 1, 1, 1
23, 3, 153, 583, 384, 71, 1, 1, 1
24, 3, 158, 583, 375, 71, 1, 1, 1
25, 3, 160, 585, 384, 72, 1, 1, 1
26, 3, 163, 585, 373, 51, 1, 1, 1
27, 3, 165, 584, 382, 54, 1, 1, 1
28, 3, 164, 585, 369, 49, 1, 1, 1
29, 3, 166, 586, 373, 47, 1, 1, 1
30, 3, 165, 583, 378, 51, 1, 1, 1
31, 3, 161, 585, 190, 50, 1, 1, 1
32, 3, 157, 586, 279, 51, 1, 1, 1
33, 3, 159, 587, 205, 53, 1, 1, 1
34, 3, 162, 587, 214, 51, 1, 1, 1
35, 3, 167, 588, 224, 53, 1, 1, 1
36, 3, 170, 588, 235, 56, 1, 1, 1
37, 3, 168, 588, 244, 55, 1, 1, 1
38, 3, 169, 589, 251, 58, 1, 1, 1
39, 3, 160, 588, 262, 62, 1, 1, 1
40, 3, 143, 590, 272, 56, 1, 1, 1
41, 3, 126, 590, 278, 58, 1, 1, 1
42, 3, 110, 586, 291, 64, 1, 1, 1
